0 1
0.2 0.8936616829
0.4 0.848477108
0.6 0.8162133741
0.8 0.786812208
1 0.7593387221
1.2 0.7332808665
1.4 0.7086652705
1.6 0.6855488638
1.8 0.6636299735
2 0.6422387877
2.2 0.6218051873
2.4 0.6020593107
2.6 0.5829386473
2.8 0.5645676891
3 0.5470049478
3.2 0.5300590094
3.4 0.5137637089
3.6 0.4979044543
3.8 0.48265861
4 0.4680085793
4.2 0.4535370871
4.4 0.4398443119
4.6 0.4266833461
4.8 0.4134531839
5 0.400793439
5.2 0.3886838831
5.4 0.3767476789
5.6 0.3652685807
5.8 0.3543218466
6 0.3440687401
6.2 0.3340963351
6.4 0.3241594595
6.6 0.3147652671
6.8 0.3057782329
7 0.2969597743
7.2 0.2883901981
7.4 0.279913274
7.6 0.271694825
7.8 0.2634462769
8 0.2553449321
8.2 0.2478329766
8.4 0.240668166
8.6 0.2336903193
8.8 0.2270326344
9 0.2205322776
9.2 0.2140205782
9.4 0.2076847459
9.6 0.2016079997
9.8 0.1956498109
10 0.1896160153
10.2 0.1840129049
10.4 0.1783348916
10.6 0.1730537933
10.8 0.1680001893
11 0.1633554913
11.2 0.1584103961
11.4 0.1538242791
11.6 0.149352695
11.8 0.1449465352
12 0.1402867504
12.2 0.1360223095
12.4 0.1317818965
12.6 0.1273806697
12.8 0.1234588819
13 0.1198416719
13.2 0.115882313
13.4 0.1120782625
13.6 0.1084061443
13.8 0.1050155017
14 0.101599776
14.2 0.09823154108
14.4 0.09517690269
14.6 0.0924766056
14.8 0.0894797288
15 0.08640249956
15.2 0.08374442133
15.4 0.08145526411
15.6 0.07895187667
15.8 0.07667586586
16 0.07434325399
16.2 0.0719215371
16.4 0.06939285242
16.6 0.06711437023
16.8 0.06544828065
17 0.06362212949
17.2 0.06153225053
17.4 0.05974111553
17.6 0.05817195606
17.8 0.05641341321
18 0.05458506976
18.2 0.05303366579
18.4 0.05145112649
18.6 0.05007398921
18.8 0.04821166243
19 0.04643771061
19.2 0.04490112437
19.4 0.04303618287
19.6 0.04154816355
19.8 0.03984749717
20 0.03822342216
20.2 0.03676884432
20.4 0.0353886111
20.6 0.03429519846
20.8 0.03295113505
21 0.03211068539
21.2 0.03083525249
21.4 0.02991051215
21.6 0.02912607221
21.8 0.02848310629
22 0.02746919335
22.2 0.0267531863
22.4 0.02634885919
22.6 0.025409325
22.8 0.02481192411
23 0.02401112912
23.2 0.02337073115
23.4 0.02294387175
23.6 0.02213054923
23.8 0.02147448631
24 0.02091031227
24.2 0.02052419251
24.4 0.01994971704
24.6 0.01919383375
24.8 0.01885729608
25 0.01859596403
25.2 0.0181870687
25.4 0.01818144045
25.6 0.0178351151
25.8 0.01820339791
26 0.01841046333
26.2 0.01821755804
26.4 0.01813968874
26.6 0.01787995487
26.8 0.01746912406
27 0.01696642436
27.2 0.01646332875
27.4 0.01631330946
27.6 0.01600071565
27.8 0.01569241664
28 0.0155963465
28.2 0.01519484947
28.4 0.01515900261
28.6 0.01480070783
28.8 0.01457974244
29 0.01436879663
29.2 0.01432408289
29.4 0.01432377968
29.6 0.01406919014
29.8 0.01399373091
30 0.01406729397
30.2 0.01432030316
30.4 0.01447635741
30.6 0.01433087636
30.8 0.01426215245
31 0.01436762651
31.2 0.01430975519
31.4 0.01413822285
31.6 0.01391111684
31.8 0.01338203845
32 0.01279268495
32.2 0.01218722947
32.4 0.01183254007
32.6 0.01149441573
32.8 0.01120229604
33 0.01131620929
33.2 0.01122905439
33.4 0.01097290517
33.6 0.01068051842
33.8 0.01028618293
34 0.01005421698
34.2 0.009682366337
34.4 0.009097416168
34.6 0.008956681626
34.8 0.008604463836
35 0.008593401847
35.2 0.008471682265
35.4 0.008413533079
35.6 0.008139039294
35.8 0.007970596837
36 0.007491314249
36.2 0.007510629725
36.4 0.007293249744
36.6 0.007317797097
36.8 0.007096137745
37 0.007016392112
37.2 0.006797194027
37.4 0.006636930983
37.6 0.006090721901
37.8 0.005684922507
38 0.005399144468
38.2 0.00504506259
38.4 0.004562229001
38.6 0.004470157689
38.8 0.004399765519
39 0.004002214088
39.2 0.003798514684
39.4 0.003575155009
39.6 0.003133160973
39.8 0.003181486555
40 0.003147891073
40.2 0.002883049996
40.4 0.002750120646
40.6 0.002754343171
40.8 0.002604956793
41 0.002556720288
41.2 0.002415416673
41.4 0.002584658946
41.6 0.002670936792
41.8 0.002509109123
42 0.002947293565
42.2 0.003203650417
42.4 0.003160992973
42.6 0.003308214755
42.8 0.00323588151
43 0.003232482398
43.2 0.003252511381
43.4 0.003330224432
43.6 0.003509475061
43.8 0.003661165728
44 0.003474967799
44.2 0.003700027832
44.4 0.003870067482
44.6 0.00365155425
44.8 0.003341282966
45 0.003497774959
45.2 0.003851560126
45.4 0.003748268042
45.6 0.00348070909
45.8 0.003531836533
46 0.00367909094
46.2 0.003839731175
46.4 0.003706761734
46.6 0.00359993751
46.8 0.003429357423
47 0.003412876743
47.2 0.003274080819
47.4 0.002970363928
47.6 0.002719773182
47.8 0.00273171845
48 0.002152345117
48.2 0.001876709324
48.4 0.0019316687
48.6 0.001538687307
48.8 0.001312615921
49 0.0008802893896
49.2 0.0006590142213
49.4 0.000592755941
49.6 0.0006718898956
49.8 0.0008485633341
50 0.0008923573783
50.2 0.001236977275
50.4 0.00150481658
50.6 0.001697055889
50.8 0.001820735554
51 0.001761264881
51.2 0.001657678516
51.4 0.001864937706
51.6 0.001995918992
51.8 0.00190852393
52 0.002081927937
52.2 0.002353064569
52.4 0.002439958237
52.6 0.002216572911
52.8 0.002181113457
53 0.00238131691
53.2 0.002308796845
53.4 0.002087620436
53.6 0.002011120933
53.8 0.002117696089
54 0.002269280736
54.2 0.002304248322
54.4 0.002125477097
54.6 0.001989786972
54.8 0.001935597746
55 0.001722239613
55.2 0.001356874272
55.4 0.001516997757
55.6 0.00122993044
55.8 0.0008979745508
56 0.0007059924763
56.2 0.0005873707386
56.4 0.0002919534455
56.6 0.0002164462158
56.8 -0.0001795785117
57 -0.0002641799544
57.2 0.0003047072095
57.4 0.0001968361739
57.6 8.554106935E-05
57.8 6.570976048E-05
58 -0.0001243472989
58.2 0.0002516014503
58.4 0.0003665396121
58.6 0.0004335121525
58.8 0.0005175715557
59 0.0008058696671
59.2 0.0009111664277
59.4 0.0009695617684
59.6 0.0009812770681
59.8 0.001073743155
60 0.000919250056
60.2 0.001037070326
60.4 0.001228422709
60.6 0.001302307636
60.8 0.001243244347
61 0.001215786117
61.2 0.001359436125
61.4 0.001246731783
61.6 0.001343194442
61.8 0.001311718122
62 0.001240938822
62.2 0.001311509431
62.4 0.001207781691
62.6 0.001631224433
62.8 0.001693782043
63 0.002169160166
63.2 0.002233997055
63.4 0.002222150868
63.6 0.002656503278
63.8 0.002596928523
64 0.002897047364
64.2 0.003165330204
64.4 0.003107408696
64.6 0.003065629755
64.8 0.003038478836
65 0.003028132923
65.2 0.002961151837
65.4 0.002835686562
65.6 0.002649860136
65.8 0.002603425347
66 0.002566313241
66.2 0.002316915849
66.4 0.002209679371
66.6 0.002403111275
66.8 0.002147891584
67 0.002150814133
67.2 0.002043189251
67.4 0.002065572827
67.6 0.001633433549
67.8 0.001173128894
68 0.001167038644
68.2 0.001199787948
68.4 0.001547290227
68.6 0.001825618693
68.8 0.002003913498
69 0.002348006066
69.2 0.002469659973
69.4 0.00248321511
69.6 0.002567144042
69.8 0.002615633327
70 0.002477551525
70.2 0.002368146736
70.4 0.00248272453
70.6 0.002554048128
70.8 0.002643364601
71 0.002837252663
71.2 0.002903251156
71.4 0.003023492297
71.6 0.002795041786
71.8 0.002637126492
72 0.002619251477
72.2 0.002987618023
72.4 0.002991045623
72.6 0.002993137889
72.8 0.003356183676
73 0.00335642778
73.2 0.003448169438
73.4 0.003589623037
73.6 0.003702179344
73.8 0.003702392814
74 0.003817701934
74.2 0.003638138901
74.4 0.003209181082
74.6 0.003018256334
74.8 0.00309660229
75 0.002929076495
75.2 0.002878719341
75.4 0.002882765734
75.6 0.002856608269
75.8 0.002717387297
76 0.002689197161
76.2 0.002558382432
76.4 0.002350167065
76.6 0.00195051428
76.8 0.002329546637
77 0.002472273369
77.2 0.002339056469
77.4 0.002123309186
77.6 0.002365351607
77.8 0.002175556258
78 0.001972600792
78.2 0.001906971607
78.4 0.001706742937
78.6 0.001672582842
78.8 0.002115997759
79 0.001878462492
79.2 0.001868770339
79.4 0.001858880196
79.6 0.002193229469
79.8 0.002698523559
80 0.002760844017
80.2 0.002737884501
80.4 0.002806495816
80.6 0.002649093827
80.8 0.002795915536
81 0.002618309541
81.2 0.00260660479
81.4 0.002659753101
81.6 0.003053066176
81.8 0.003210567758
82 0.003351910963
82.2 0.003412592019
82.4 0.003618998424
82.6 0.003756902126
82.8 0.004000346157
83 0.003906739255
83.2 0.004071261405
83.4 0.00421303489
83.6 0.004165381382
83.8 0.004468220334
84 0.004576894029
84.2 0.004404882302
84.4 0.004499498135
84.6 0.004669738381
84.8 0.005135590476
85 0.004942013799
85.2 0.004652039548
85.4 0.004699186526
85.6 0.004662845294
85.8 0.004348105789
86 0.004553926618
86.2 0.004518451959
86.4 0.00463946171
86.6 0.004916322071
86.8 0.005094671686
87 0.004880141348
87.2 0.005087942352
87.4 0.00514034717
87.6 0.00532804011
87.8 0.005689125998
88 0.005665353255
88.2 0.005598693619
88.4 0.005629059371
88.6 0.005723407693
88.8 0.005660247597
89 0.005916791835
89.2 0.006013155802
89.4 0.006074095545
89.6 0.006212542819
89.8 0.005939790322
90 0.006070363191
90.2 0.005977929341
90.4 0.006168270098
90.6 0.006222596597
90.8 0.006021043807
91 0.006130215407
91.2 0.005777477566
91.4 0.005508181517
91.6 0.005175081264
91.8 0.005132932991
92 0.005123421396
92.2 0.005083176075
92.4 0.00492981178
92.6 0.005041604096
92.8 0.005072215091
93 0.005075043302
93.2 0.005343255909
93.4 0.005249907431
93.6 0.005493265789
93.8 0.005521118324
94 0.005338952449
94.2 0.005668450858
94.4 0.005929257083
94.6 0.006098677382
94.8 0.006636978127
95 0.007091050723
95.2 0.0074245103
95.4 0.00756509351
95.6 0.007848546991
95.8 0.0079184556
96 0.007876418976
96.2 0.008017012168
96.4 0.008220629141
96.6 0.008213425411
96.8 0.008237953788
97 0.008114986405
97.2 0.008266760258
97.4 0.008420167872
97.6 0.008539648874
97.8 0.008601148712
98 0.008831939374
98.2 0.008636719217
98.4 0.008609558387
98.6 0.008593889149
98.8 0.008720481501
99 0.008679622921
99.2 0.009080756621
99.4 0.009286598699
99.6 0.009794262233
99.8 0.009812932888
100 0.01021332166
100.2 0.01079747792
100.4 0.01123659717
100.6 0.01149704412
100.8 0.01204449034
101 0.01187950814
101.2 0.01182672081
101.4 0.01187853435
101.6 0.01198927626
101.8 0.0123906412
102 0.01263704593
102.2 0.01310745895
102.4 0.01354427166
102.6 0.01409142142
102.8 0.01418426795
103 0.0141228532
103.2 0.01421713493
103.4 0.0139583747
103.6 0.01402923018
103.8 0.01385910049
104 0.01388565852
104.2 0.01374367887
104.4 0.0141180931
104.6 0.014581475
104.8 0.01450858556
105 0.01437309578
105.2 0.01427880484
105.4 0.01418633434
105.6 0.01438966481
105.8 0.01412445285
106 0.0139333015
106.2 0.01364808939
106.4 0.01383784562
106.6 0.01424075608
106.8 0.01437258387
107 0.01443661724
107.2 0.01442166617
107.4 0.01422670684
107.6 0.01447987335
107.8 0.01441555163
108 0.01446317136
108.2 0.01427088433
108.4 0.01425412087
108.6 0.01429944802
108.8 0.01444620839
109 0.01427236968
109.2 0.01436740841
109.4 0.01402582315
109.6 0.01381303166
109.8 0.01409475321
110 0.01391267158
110.2 0.01363770713
110.4 0.01357491423
110.6 0.01367496062
110.8 0.0137112896
111 0.01351969064
111.2 0.0136462706
111.4 0.01382350673
111.6 0.01399840216
111.8 0.01388413426
112 0.01382421722
112.2 0.014033738
112.4 0.01351583443
112.6 0.01323890394
112.8 0.01323267822
113 0.01339375472
113.2 0.01292975697
113.4 0.01270037209
113.6 0.01258912626
113.8 0.01265792941
114 0.01289968908
114.2 0.01270905165
114.4 0.01253982766
114.6 0.01252314496
114.8 0.01246491836
115 0.0123948468
115.2 0.01219717247
115.4 0.01186884325
115.6 0.01180888879
115.8 0.01135697601
116 0.01078844195
116.2 0.01045045923
116.4 0.0102288975
116.6 0.009809649589
116.8 0.009175895164
117 0.008701821747
117.2 0.008284252149
117.4 0.007745781289
117.6 0.007210205019
117.8 0.006892382088
118 0.006881900944
118.2 0.006353161253
118.4 0.005988515875
118.6 0.005952524966
118.8 0.005701273662
119 0.005642793728
119.2 0.005265123958
119.4 0.005149504072
119.6 0.004809080767
119.8 0.00434273134
120 0.003743836415
120.2 0.003395715551
120.4 0.003091045503
120.6 0.002421794926
120.8 0.002008708062
121 0.001421405443
121.2 0.001152133578
121.4 0.0006872044542
121.6 9.597460817E-05
121.8 -0.0005321830841
122 -0.0009239721993
122.2 -0.001644407867
122.4 -0.001793793877
122.6 -0.002449059928
122.8 -0.002924078351
123 -0.003045954244
123.2 -0.003484601916
123.4 -0.00385814564
123.6 -0.003933689818
123.8 -0.00440608702
124 -0.004902133427
124.2 -0.005352577327
124.4 -0.005644967606
124.6 -0.005767900021
124.8 -0.006173264547
125 -0.005935609055
125.2 -0.00610287203
125.4 -0.00610520219
125.6 -0.006323085936
125.8 -0.006260384843
126 -0.006531797137
126.2 -0.006654682956
126.4 -0.00668282589
126.6 -0.006883588368
126.8 -0.006712385787
127 -0.006772048931
127.2 -0.006841490574
127.4 -0.007301381701
127.6 -0.007194280677
127.8 -0.007327642142
128 -0.007601492031
128.2 -0.007724313665
128.4 -0.00742706123
128.6 -0.007291783283
128.8 -0.00747049992
129 -0.007690907279
129.2 -0.007826894106
129.4 -0.007861960836
129.6 -0.00769550104
129.8 -0.007790219713
130 -0.007684574845
130.2 -0.007860915747
130.4 -0.007876920583
130.6 -0.007823756326
130.8 -0.007815319654
131 -0.00744972157
131.2 -0.007314444259
131.4 -0.007018341263
131.6 -0.007149682291
131.8 -0.006983575175
132 -0.007254612132
132.2 -0.007308129778
132.4 -0.007354029353
132.6 -0.007314640316
132.8 -0.007418342986
133 -0.007229943911
133.2 -0.007519553443
133.4 -0.007117696759
133.6 -0.0071338923
133.8 -0.006907525062
134 -0.007149029265
134.2 -0.007317422438
134.4 -0.007456639458
134.6 -0.007511821257
134.8 -0.007753070193
135 -0.007751129662
135.2 -0.007786020251
135.4 -0.007805945631
135.6 -0.007917395379
135.8 -0.008053510965
136 -0.007996675328
136.2 -0.007946371787
136.4 -0.007910545207
136.6 -0.007825604981
136.8 -0.00822380529
137 -0.008242689492
137.2 -0.008427450876
137.4 -0.008609645517
137.6 -0.008806162006
137.8 -0.008896373512
138 -0.008964663797
138.2 -0.009179468364
138.4 -0.009383083304
138.6 -0.009251180503
138.8 -0.009164156839
139 -0.009252346512
139.2 -0.009354076672
139.4 -0.009227676881
139.6 -0.009027655424
139.8 -0.008878257559
140 -0.008764773936
140.2 -0.008615595802
140.4 -0.008074395452
140.6 -0.007770970021
140.8 -0.007609115786
141 -0.007525506389
141.2 -0.007340448033
141.4 -0.007327124642
141.6 -0.007129391554
141.8 -0.007302829142
142 -0.007555708844
142.2 -0.007624310495
142.4 -0.007979661131
142.6 -0.007867012283
142.8 -0.007822103036
143 -0.007921579927
143.2 -0.007548415943
143.4 -0.007480749191
143.6 -0.007404453765
143.8 -0.006972741833
144 -0.006612425015
144.2 -0.006494321107
144.4 -0.006309695208
144.6 -0.006019685437
144.8 -0.006149182446
145 -0.006213466411
145.2 -0.006305525533
145.4 -0.006405527009
145.6 -0.006425767494
145.8 -0.006550846974
146 -0.006676635523
146.2 -0.006743540294
146.4 -0.007042278363
146.6 -0.007385862474
146.8 -0.007957992598
147 -0.008055904861
147.2 -0.007925055779
147.4 -0.008005728042
147.6 -0.008415262111
147.8 -0.008796328469
148 -0.008855314623
148.2 -0.009065788461
148.4 -0.009197432914
148.6 -0.008899033757
148.8 -0.008566408629
149 -0.008356760534
149.2 -0.008119910046
149.4 -0.007960189933
149.6 -0.008039738255
149.8 -0.008426536944
150 -0.008288129574
150.2 -0.008182565986
150.4 -0.008021109284
150.6 -0.008230129114
150.8 -0.00811540663
151 -0.008258030044
151.2 -0.008501378307
151.4 -0.008735970665
151.6 -0.008683701207
151.8 -0.008611382023
152 -0.008464171275
152.2 -0.008612059998
152.4 -0.008955032235
152.6 -0.009029368193
152.8 -0.009399079881
153 -0.009400327273
153.2 -0.009267191985
153.4 -0.009650786307
153.6 -0.009846077675
153.8 -0.009982753891
154 -0.0101779028
154.2 -0.01024122783
154.4 -0.01049357113
154.6 -0.01081810737
154.8 -0.0111400014
155 -0.01132765059
155.2 -0.01162499753
155.4 -0.01185523971
155.6 -0.01184720618
155.8 -0.01191732914
156 -0.01198585667
156.2 -0.01215180427
156.4 -0.01196584999
156.6 -0.0121957737
156.8 -0.01241833179
157 -0.01243773272
157.2 -0.01257854898
157.4 -0.0127639392
157.6 -0.01283877487
157.8 -0.0129935055
158 -0.01309017936
158.2 -0.01306300399
158.4 -0.01325362621
158.6 -0.0133801296
158.8 -0.01366759383
159 -0.0139590541
159.2 -0.01379771203
159.4 -0.01419918674
159.6 -0.01390526411
159.8 -0.01373251792
160 -0.01350269495
160.2 -0.01388682515
160.4 -0.01379809571
160.6 -0.01318781928
160.8 -0.01268917315
161 -0.01237056491
161.2 -0.01264599082
161.4 -0.01260322952
161.6 -0.01216272411
161.8 -0.01202185616
162 -0.01204414222
162.2 -0.01197734124
162.4 -0.01143284873
162.6 -0.01134476786
162.8 -0.01114828497
163 -0.01110904115
163.2 -0.01051561996
163.4 -0.01015881161
163.6 -0.009655899858
163.8 -0.009722771972
164 -0.009078023677
164.2 -0.008551331651
164.4 -0.008519714059
164.6 -0.008405151849
164.8 -0.007916737094
165 -0.007568430363
165.2 -0.007352641746
165.4 -0.007409759166
165.6 -0.007199091336
165.8 -0.007328456868
166 -0.006983963665
166.2 -0.0068797854
166.4 -0.006698466208
166.6 -0.006403220299
166.8 -0.006314967185
167 -0.005879283239
167.2 -0.005657254796
167.4 -0.005467823392
167.6 -0.005870210735
167.8 -0.006301092386
168 -0.006570709232
168.2 -0.00671201169
168.4 -0.006691775337
168.6 -0.006687897922
168.8 -0.006512086727
169 -0.006967654998
169.2 -0.007019349404
169.4 -0.007038150094
169.6 -0.007021045531
169.8 -0.007017618168
170 -0.006982773595
170.2 -0.006896743388
170.4 -0.006644968423
170.6 -0.006462241889
170.8 -0.00637232624
171 -0.006044624271
171.2 -0.005754355577
171.4 -0.005389140047
171.6 -0.005219904863
171.8 -0.004607127411
172 -0.004153072712
172.2 -0.003922907884
172.4 -0.003746064887
172.6 -0.003673015288
172.8 -0.00331145202
173 -0.003184525029
173.2 -0.002840076605
173.4 -0.002991466167
173.6 -0.002837783733
173.8 -0.002719454214
174 -0.002652066535
174.2 -0.002548606184
174.4 -0.002369098
174.6 -0.001803436943
174.8 -0.001764872974
175 -0.001321524622
175.2 -0.001323701933
175.4 -0.001273038888
175.6 -0.001387084542
175.8 -0.001294501586
176 -0.001627065974
176.2 -0.001639495758
176.4 -0.0007452396378
176.6 -9.289416314E-05
176.8 -0.0001104926972
177 0.0002397416777
177.2 0.0006027115951
177.4 0.0005215982179
177.6 0.0009227159219
177.8 0.001381649587
178 0.001506373527
178.2 0.001698096729
178.4 0.00196285644
178.6 0.002165482551
178.8 0.002328228741
179 0.002531212986
179.2 0.002838867879
179.4 0.003199907126
179.6 0.0035897264
179.8 0.003968432871
180 0.004005781644
180.2 0.004057225856
180.4 0.004159716041
180.6 0.004245251256
180.8 0.004440903828
181 0.004578360316
181.2 0.004298232819
181.4 0.004129367104
181.6 0.004128597917
181.8 0.004296929742
182 0.004156552703
182.2 0.003881071037
182.4 0.003727519167
182.6 0.003409084806
182.8 0.002684206997
183 0.002442307464
183.2 0.002234800461
183.4 0.001976702728
183.6 0.001888145219
183.8 0.001587897539
184 0.001453851402
184.2 0.0007161319413
184.4 0.0006293416342
184.6 0.0006854932749
184.8 0.0005781214839
185 0.0001546716883
185.2 0.0004821504892
185.4 0.0006110849289
185.6 0.0007796414422
185.8 0.0007574805419
186 0.0003847545335
186.2 0.0001227934567
186.4 0.0001124477066
186.6 -0.0004305619098
186.8 -0.0008232410589
187 -0.001050080511
187.2 -0.001471802779
187.4 -0.001769693378
187.6 -0.002166280507
187.8 -0.002650542354
188 -0.003033410133
188.2 -0.003193077896
188.4 -0.003192757593
188.6 -0.003349422189
188.8 -0.003637311695
189 -0.003115754385
189.2 -0.002923881744
189.4 -0.003083296606
189.6 -0.003171392984
189.8 -0.003268996719
190 -0.003755040675
190.2 -0.004136192967
190.4 -0.004646681387
190.6 -0.005194583392
190.8 -0.005725044897
191 -0.005931493847
191.2 -0.005835399016
191.4 -0.006163986051
191.6 -0.006150732074
191.8 -0.006066092131
192 -0.005898439167
192.2 -0.005882047492
192.4 -0.006119172254
192.6 -0.00613309179
192.8 -0.005912100288
193 -0.005840300552
193.2 -0.005703734105
193.4 -0.005580173727
193.6 -0.00532393012
193.8 -0.005378579034
194 -0.005364038506
194.2 -0.00488574328
194.4 -0.004576876939
194.6 -0.004295503377
194.8 -0.004022135635
195 -0.003848001519
195.2 -0.003841413602
195.4 -0.003685976394
195.6 -0.00303995649
195.8 -0.00313795429
196 -0.002973084316
196.2 -0.002466286547
196.4 -0.002615339661
196.6 -0.001988413966
196.8 -0.001893883785
197 -0.001563306477
197.2 -0.001435951118
197.4 -0.00166334143
197.6 -0.001582076834
197.8 -0.001309130808
198 -0.00137268176
198.2 -0.00127394948
198.4 -0.001246467625
198.6 -0.001088946986
198.8 -0.0008732645938
199 -0.0006565480146
199.2 -0.0004926241612
199.4 -0.0003248279758
199.6 -0.0001276788987
199.8 0.0002112305979
200 0.0006322438432
200.2 0.001016091368
200.4 0.001023877472
200.6 0.001374719222
200.8 0.001209272183
201 0.001296871416
201.2 0.001326624383
201.4 0.00147127321
201.6 0.001547407543
201.8 0.0013044395
202 0.0009934833918
202.2 0.0008120747774
202.4 0.0006367011682
202.6 -7.006618677E-05
202.8 -0.0002853198478
203 -0.0005940971752
203.2 -0.0008979129057
203.4 -0.001366914019
203.6 -0.001631424505
203.8 -0.001721532646
204 -0.001830714981
204.2 -0.001940740812
204.4 -0.002047727115
204.6 -0.002248564039
204.8 -0.002519602813
205 -0.002789481963
205.2 -0.002793314844
205.4 -0.002906686236
205.6 -0.002727742075
205.8 -0.002521604134
206 -0.002419436435
206.2 -0.002062287322
206.4 -0.001823815298
206.6 -0.001776141453
206.8 -0.001935254337
207 -0.001704555285
207.2 -0.001747490788
207.4 -0.00201972245
207.6 -0.001908963523
207.8 -0.001843369653
208 -0.002332736192
208.2 -0.002517732451
208.4 -0.002542201447
208.6 -0.0025995283
208.8 -0.00248875028
209 -0.002878791388
209.2 -0.003415514209
209.4 -0.003501278858
209.6 -0.003718710611
209.8 -0.003682110362
210 -0.003754007318
210.2 -0.004113520283
210.4 -0.004620724392
210.6 -0.004729831453
210.8 -0.004751167899
211 -0.004822580419
211.2 -0.004615636982
211.4 -0.004702101432
211.6 -0.004734607135
211.8 -0.005106559401
212 -0.005514085467
212.2 -0.005875370551
212.4 -0.006126438078
212.6 -0.006169929414
212.8 -0.00631701535
213 -0.006604104275
213.2 -0.00692086353
213.4 -0.00720667092
213.6 -0.007518507127
213.8 -0.007242790992
214 -0.007568254399
214.2 -0.007797615797
214.4 -0.007709800634
214.6 -0.007570121729
214.8 -0.007457315271
215 -0.007577444606
215.2 -0.007305510194
215.4 -0.006992138315
215.6 -0.006691576792
215.8 -0.006871245084
216 -0.006623202352
216.2 -0.006483817857
216.4 -0.006368488862
216.6 -0.006395558571
216.8 -0.006390066065
217 -0.006423676076
217.2 -0.006477128152
217.4 -0.006642497704
217.6 -0.006458598351
217.8 -0.006400958475
218 -0.006052493546
218.2 -0.006233110237
218.4 -0.005894798758
218.6 -0.005792576734
218.8 -0.005465557395
219 -0.005572267286
219.2 -0.005449778874
219.4 -0.005718891335
219.6 -0.00546789051
219.8 -0.005487001804
220 -0.005704859804
220.2 -0.005898419935
220.4 -0.006013684856
220.6 -0.006185378118
220.8 -0.00637985231
221 -0.006114600896
221.2 -0.006132651006
221.4 -0.006101297796
221.6 -0.006096996466
221.8 -0.00647578876
222 -0.006627055835
222.2 -0.006515248309
222.4 -0.00671432087
222.6 -0.006436449112
222.8 -0.0065656548
223 -0.007000849017
223.2 -0.007088874534
223.4 -0.007111878018
223.6 -0.007123271234
223.8 -0.006947972244
224 -0.006829865415
224.2 -0.00660212677
224.4 -0.006205238024
224.6 -0.006095465066
224.8 -0.005940055246
225 -0.006075016872
225.2 -0.00596368144
225.4 -0.006172581571
225.6 -0.006479823756
225.8 -0.006579356774
226 -0.006655045049
226.2 -0.006890180214
226.4 -0.006752209466
226.6 -0.006809294972
226.8 -0.007067450871
227 -0.006983411204
227.2 -0.006632942712
227.4 -0.007033518028
227.6 -0.0074056937
227.8 -0.007991350958
228 -0.00795614893
228.2 -0.008003594259
228.4 -0.0081709884
228.6 -0.008152841767
228.8 -0.00830510817
229 -0.008639284216
229.2 -0.008592178495
229.4 -0.008358914185
229.6 -0.008333190717
229.8 -0.007900560856
230 -0.008298955041
230.2 -0.008411414411
230.4 -0.008770680387
230.6 -0.008689549615
230.8 -0.008248413479
231 -0.007857564368
231.2 -0.007190965841
231.4 -0.006737937124
231.6 -0.006337867527
231.8 -0.005708279221
232 -0.005506155548
232.2 -0.005286867511
232.4 -0.005526671781
232.6 -0.005525910845
232.8 -0.005522123092
233 -0.005655816684
233.2 -0.00534083032
233.4 -0.005408043069
233.6 -0.005864469926
233.8 -0.005972937556
234 -0.005847274984
234.2 -0.005560230886
234.4 -0.005630439077
234.6 -0.005833724188
234.8 -0.005436358416
235 -0.005226769953
235.2 -0.004898405854
235.4 -0.004365808164
235.6 -0.00407895866
235.8 -0.003611787323
236 -0.002964962803
236.2 -0.002297487833
236.4 -0.001699571588
236.6 -0.001092693098
236.8 0.0001232563935
237 0.0007284015587
237.2 0.001365940144
237.4 0.001597224373
237.6 0.002114928388
237.8 0.002606194882
238 0.002681401479
238.2 0.00326864565
238.4 0.003801908005
238.6 0.003968071149
238.8 0.003842384086
239 0.00383544758
239.2 0.003674590882
239.4 0.003942351865
239.6 0.004142342881
239.8 0.004195850195
240 0.004716504775
240.2 0.004880399536
240.4 0.005069361147
240.6 0.0054366167
240.8 0.005450939608
241 0.00557677047
241.2 0.005507458284
241.4 0.005583229481
241.6 0.00536377912
241.8 0.005060472109
242 0.005025858704
242.2 0.005221712338
242.4 0.005092024006
242.6 0.005037995044
242.8 0.005017757882
243 0.005251917988
243.2 0.005308828843
243.4 0.005381395821
243.6 0.004984563045
243.8 0.004946145311
244 0.004912815582
244.2 0.004264618088
244.4 0.00428399856
244.6 0.003831764177
244.8 0.003734131197
245 0.00344046303
245.2 0.003205360633
245.4 0.002729603821
245.6 0.00268680202
245.8 0.00290855442
246 0.002817171248
246.2 0.002551372531
246.4 0.002607016885
246.6 0.002370332053
246.8 0.002341162583
247 0.002137326999
247.2 0.002043910468
247.4 0.002179491116
247.6 0.002064863833
247.8 0.002045078415
248 0.001921111462
248.2 0.001601237647
248.4 0.00151383554
248.6 0.001190565861
248.8 0.0007187114252
249 0.000355467308
249.2 -9.330977269E-05
249.4 -0.0004338574299
249.6 -0.0001948533614
249.8 -0.0002315152453
250 -0.0003907131873
250.2 -0.0002818425811
250.4 3.561249679E-05
250.6 0.0003679555466
250.8 0.0002191809731
251 0.00034350961
251.2 0.0005356612152
251.4 0.0007471672649
251.6 0.001026573085
251.8 0.0008257715289
252 0.001017148882
252.2 0.001479723525
252.4 0.001985348424
252.6 0.002376370849
252.8 0.002775607832
253 0.002943715549
253.2 0.003591955296
253.4 0.00396719282
253.6 0.004463401567
253.8 0.004632437209
254 0.005274982164
254.2 0.005258102237
254.4 0.005527749268
254.6 0.005577099431
254.8 0.005540001351
255 0.005410188476
255.2 0.005889805207
255.4 0.005920340736
255.6 0.005678593956
255.8 0.00575301597
256 0.005960349114
256.2 0.005721121078
256.4 0.005743108325
256.6 0.005642659832
256.8 0.005465314146
257 0.005314906389
257.2 0.004868858161
257.4 0.004663685682
257.6 0.004200011735
257.8 0.00350698891
258 0.003243429345
258.2 0.003381236918
258.4 0.002963478188
258.6 0.002658146489
258.8 0.002102027067
259 0.001444606723
259.2 0.001227905896
259.4 0.001429607671
259.6 0.001227857732
259.8 0.000578243008
260 -6.010563452E-05
260.2 -0.0001022768813
260.4 -0.0002690775565
260.6 -0.0007611565171
260.8 -0.001096319491
261 -0.001325707788
261.2 -0.001787496087
261.4 -0.00219347564
261.6 -0.002454575112
261.8 -0.002588404905
262 -0.002751552341
262.2 -0.002820367462
262.4 -0.003067774717
262.6 -0.003030656294
262.8 -0.003476730033
263 -0.003484925867
263.2 -0.003659089576
263.4 -0.003320156428
263.6 -0.003162296254
263.8 -0.003384994089
264 -0.003300925648
264.2 -0.00327301857
264.4 -0.003525549803
264.6 -0.003624340773
264.8 -0.003973011307
265 -0.003805627741
265.2 -0.00363204556
265.4 -0.003576615614
265.6 -0.003806168542
265.8 -0.003484937291
266 -0.003634230823
266.2 -0.003866330852
266.4 -0.003586249669
266.6 -0.00314785301
266.8 -0.002929447921
267 -0.002776753495
267.2 -0.002709559803
267.4 -0.002314307388
267.6 -0.002353267523
267.8 -0.002243176453
268 -0.001749670574
268.2 -0.001963790473
268.4 -0.001692413952
268.6 -0.001982657387
268.8 -0.002094285994
269 -0.002194271936
269.2 -0.002554072206
269.4 -0.00228027692
269.6 -0.002177087132
269.8 -0.002164636048
270 -0.00230349943
270.2 -0.002433090557
270.4 -0.002656399418
270.6 -0.002794197161
270.8 -0.002198144577
271 -0.0022805314
271.2 -0.002536013619
271.4 -0.002285518771
271.6 -0.002379999722
271.8 -0.002043643173
272 -0.002323821271
272.2 -0.001888570312
272.4 -0.001973637534
272.6 -0.001900615406
272.8 -0.00183608609
273 -0.001615894521
273.2 -0.00152233024
273.4 -0.001376932992
273.6 -0.001166222764
273.8 -0.001712855636
274 -0.001853843544
274.2 -0.001966514193
274.4 -0.002088832206
274.6 -0.001954029077
274.8 -0.00186677744
275 -0.00233727238
275.2 -0.002656731898
275.4 -0.00310839969
275.6 -0.003572070551
275.8 -0.004149639398
276 -0.004512716472
276.2 -0.00472523308
276.4 -0.004781337338
276.6 -0.005161438119
276.8 -0.005722517126
277 -0.006193680332
277.2 -0.006798367593
277.4 -0.007729663208
277.6 -0.007712852753
277.8 -0.007995892785
278 -0.008213142574
278.2 -0.008547742954
278.4 -0.008943997014
278.6 -0.009643281326
278.8 -0.01035681229
279 -0.01092954247
279.2 -0.01107411223
279.4 -0.01109263424
279.6 -0.01126905781
279.8 -0.01174160694
280 -0.01182227176
280.2 -0.01232065113
280.4 -0.01244585788
280.6 -0.01224114123
280.8 -0.01229803975
281 -0.01267036148
281.2 -0.01268083426
281.4 -0.01280960184
281.6 -0.01287474962
281.8 -0.01292630438
282 -0.01294192543
282.2 -0.01262415382
282.4 -0.01198870971
282.6 -0.01138411981
282.8 -0.01089183255
283 -0.01038360507
283.2 -0.009871409345
283.4 -0.00937494299
283.6 -0.008681881878
283.8 -0.008246792269
284 -0.007695351267
284.2 -0.006605580385
284.4 -0.005910316384
284.6 -0.005232989133
284.8 -0.004551753315
285 -0.00370474892
285.2 -0.003480084986
285.4 -0.003511592551
285.6 -0.003414574553
285.8 -0.003350974543
286 -0.00357449245
286.2 -0.003775276095
286.4 -0.00407465077
286.6 -0.004595145631
286.8 -0.004779729958
287 -0.004570062272
287.2 -0.004858994309
287.4 -0.004713961774
287.6 -0.004773432174
287.8 -0.004640036682
288 -0.004809994816
288.2 -0.004660103319
288.4 -0.005132683909
288.6 -0.00568482505
288.8 -0.00614617954
289 -0.006004338718
289.2 -0.00659685826
289.4 -0.00677726963
289.6 -0.00703553381
289.8 -0.007273509502
290 -0.007086975661
290.2 -0.007228021247
290.4 -0.007680999741
290.6 -0.007688568357
290.8 -0.007844572784
291 -0.008063960812
291.2 -0.008037990848
291.4 -0.008213252345
291.6 -0.007866853221
291.8 -0.007665953067
292 -0.007814354371
292.2 -0.007512493329
292.4 -0.007330641978
292.6 -0.007894567311
292.8 -0.007890045003
293 -0.007539597344
293.2 -0.007434272575
293.4 -0.007456257306
293.6 -0.007648381377
293.8 -0.008003238382
294 -0.008335751807
294.2 -0.008145117519
294.4 -0.00828043481
294.6 -0.007762429827
294.8 -0.007180881602
295 -0.006740538202
295.2 -0.006721811907
295.4 -0.006339358863
295.6 -0.005994823377
295.8 -0.005674512025
296 -0.005780020189
296.2 -0.005163708723
296.4 -0.004771877566
296.6 -0.004662052004
296.8 -0.004684037837
297 -0.004766589712
297.2 -0.004890881797
297.4 -0.00535806169
297.6 -0.005312879042
297.8 -0.005661433375
298 -0.005609767763
298.2 -0.006088089569
298.4 -0.006200127149
298.6 -0.006325336224
298.8 -0.006118155762
299 -0.005712707194
299.2 -0.005686964758
299.4 -0.005243262881
299.6 -0.004920390801
299.8 -0.005058127683
300 -0.004992214165
300.2 -0.005020028497
300.4 -0.005057364037
300.6 -0.005030463283
300.8 -0.004723128015
301 -0.004512891864
301.2 -0.004040052739
301.4 -0.004457745017
301.6 -0.003985211502
301.8 -0.003910809036
302 -0.003831031269
302.2 -0.004000080172
302.4 -0.003823357469
302.6 -0.003507444163
302.8 -0.00331347524
303 -0.003159028992
303.2 -0.002693037022
303.4 -0.002280173769
303.6 -0.002662141103
303.8 -0.002268119524
304 -0.002575274758
304.2 -0.002579077383
304.4 -0.002753725599
304.6 -0.002655685836
304.8 -0.002069943537
305 -0.00213673899
305.2 -0.00218295171
305.4 -0.002163162535
305.6 -0.00223521022
305.8 -0.00221114171
306 -0.002179580795
306.2 -0.002071816389
306.4 -0.002008524038
306.6 -0.001632283527
306.8 -0.002114508648
307 -0.00183138014
307.2 -0.0006908080032
307.4 -0.0004282359797
307.6 -0.0005496615092
307.8 -0.0001168790542
308 0.0007653366928
308.2 0.0008871769201
308.4 0.001105370804
308.6 0.001248828462
308.8 0.001623083996
309 0.001805331781
309.2 0.00179045319
309.4 0.001381828589
309.6 0.001222321793
309.8 0.001631397696
310 0.001753660236
310.2 0.001666320847
310.4 0.001644955446
310.6 0.001416095977
310.8 0.002132285049
311 0.00262135649
311.2 0.002501801346
311.4 0.002252077438
311.6 0.002182179656
311.8 0.002125373116
312 0.001893207696
312.2 0.001593306776
312.4 0.001284078472
312.6 0.001056957713
312.8 0.0006585529296
313 0.0002349448927
313.2 0.0001837382995
313.4 0.0002289426964
313.6 9.515018638E-05
313.8 0.0001021837454
314 0.000273958628
314.2 0.0003845006751
314.4 -0.0002268347847
314.6 -0.0001151210358
314.8 -0.0005984423474
315 -0.0002657591295
315.2 0.0003219705832
315.4 0.0001032696499
315.6 0.0003140657146
315.8 0.0005696528819
316 0.00100851835
316.2 0.00150909217
316.4 0.001790817881
316.6 0.001739832336
316.8 0.001796186196
317 0.002076402661
317.2 0.002399858397
317.4 0.00253161719
317.6 0.00291380295
317.8 0.003258239176
318 0.003741372678
318.2 0.004419694748
318.4 0.004893602375
318.6 0.005000274005
318.8 0.00470272374
319 0.004143406354
319.2 0.004252688229
319.4 0.004026241161
319.6 0.004543759031
319.8 0.005009651298
320 0.005089609107
320.2 0.005298238299
320.4 0.00590573149
320.6 0.005858337064
320.8 0.00575335318
321 0.005882915294
321.2 0.005905249687
321.4 0.006132143212
321.6 0.005978556707
321.8 0.006462830882
322 0.006160031332
322.2 0.006551020676
322.4 0.006813210285
322.6 0.007149061397
322.8 0.007560062219
323 0.008148499589
323.2 0.008278709047
323.4 0.008116421824
323.6 0.00832000216
323.8 0.007909607213
324 0.008357656675
324.2 0.008361414876
324.4 0.008658539156
324.6 0.008521597751
324.8 0.008218527848
325 0.008669446055
325.2 0.008886762443
325.4 0.009025075035
325.6 0.009384044364
325.8 0.009954051557
326 0.01003975976
326.2 0.01014466503
326.4 0.009992740819
326.6 0.009782413743
326.8 0.0097168813
327 0.009819496945
327.2 0.009819388066
327.4 0.009826460319
327.6 0.009726850276
327.8 0.009544414591
328 0.009645236567
328.2 0.009730792611
328.4 0.009978464438
328.6 0.01062001001
328.8 0.01077422058
329 0.01062432394
329.2 0.01093857034
329.4 0.01074766953
329.6 0.01020587543
329.8 0.01016011156
330 0.009779971282
330.2 0.009202672317
330.4 0.008901983076
330.6 0.00901521413
330.8 0.00843434956
331 0.008642591814
331.2 0.008708894281
331.4 0.008502995689
331.6 0.008334550819
331.8 0.008484242435
332 0.008495157224
332.2 0.008700822817
332.4 0.008417972158
332.6 0.007872746847
332.8 0.007471615467
333 0.006939087385
333.2 0.007276844981
333.4 0.007227702696
333.6 0.007226302274
333.8 0.007015352092
334 0.007058476825
334.2 0.00703808145
334.4 0.007343056309
334.6 0.007646078512
334.8 0.007464752325
335 0.007963746805
335.2 0.007703328522
335.4 0.00741326601
335.6 0.007478290731
335.8 0.00766934534
336 0.007006465468
336.2 0.007353740281
336.4 0.007282844189
336.6 0.007257761057
336.8 0.007700707243
337 0.007555547001
337.2 0.007158041526
337.4 0.006822846864
337.6 0.006655923252
337.8 0.006487107378
338 0.006338645752
338.2 0.006124313315
338.4 0.004937320564
338.6 0.00472286258
338.8 0.004659656833
339 0.004766533818
339.2 0.004522831075
339.4 0.004784256931
339.6 0.005193121905
339.8 0.005687548982
340 0.004983373895
340.2 0.004703483309
340.4 0.005279652223
340.6 0.005235471592
340.8 0.005310011919
341 0.005148959777
341.2 0.005249151391
341.4 0.005265738149
341.6 0.005354520966
341.8 0.005345953473
342 0.005603422106
342.2 0.005756713545
342.4 0.00548007029
342.6 0.005506355092
342.8 0.005582975671
343 0.005423203416
343.2 0.004405391476
343.4 0.004093235212
343.6 0.003832536587
343.8 0.003418197383
344 0.003321086107
344.2 0.002906767135
344.4 0.002594872826
344.6 0.001725886004
344.8 0.001748305059
345 0.001579208886
345.2 0.001455485357
345.4 0.001603161812
345.6 0.001211501449
345.8 0.0008639125821
346 0.0008029290574
346.2 0.0004303342189
346.4 -0.0006059387991
346.6 -0.001565921027
346.8 -0.001902756816
347 -0.002048076238
347.2 -0.001920242034
347.4 -0.002189326837
347.6 -0.002229358338
347.8 -0.001571051688
348 -0.001130980101
348.2 -0.0013401273
348.4 -0.001367723625
348.6 -0.001284136909
348.8 -0.001003766006
349 -0.000683166458
349.2 -0.0001479734117
349.4 -9.892951371E-05
349.6 0.000140374133
349.8 0.0003135798438
350 -0.0002450121812
350.2 -0.0003671869465
350.4 -0.0008007920099
350.6 -0.000769229498
350.8 -0.001257476194
351 -0.00094985251
351.2 -0.001390974066
351.4 -0.001860355916
351.6 -0.0022505963
351.8 -0.002069721479
352 -0.002473228887
352.2 -0.002389095835
352.4 -0.002540539174
352.6 -0.001835203947
352.8 -0.001816997186
353 -0.001612416762
353.2 -0.001773291744
353.4 -0.00173900987
353.6 -0.001881370075
353.8 -0.00249123419
354 -0.00272128695
354.2 -0.002623275861
354.4 -0.002049610136
354.6 -0.001680094436
354.8 -0.001691283204
355 -0.001574013674
355.2 -0.002024792664
355.4 -0.001897139809
355.6 -0.001966511923
355.8 -0.001665117224
356 -0.001934811988
356.2 -0.00178712996
356.4 -0.001545990675
356.6 -0.001535071124
356.8 -0.001809940067
357 -0.001751005001
357.2 -0.001943994766
357.4 -0.002160204165
357.6 -0.002784918917
357.8 -0.003563851136
358 -0.00380860023
358.2 -0.004496928827
358.4 -0.004835681596
358.6 -0.004960650665
358.8 -0.005177618779
359 -0.005108161583
359.2 -0.00538822771
359.4 -0.005979072937
359.6 -0.005908738879
359.8 -0.005906018506
360 -0.006290405161
360.2 -0.006500745913
360.4 -0.00678339982
360.6 -0.006817216701
360.8 -0.006931119252
361 -0.007274795106
361.2 -0.007991521377
361.4 -0.008975760072
361.6 -0.009035086849
361.8 -0.009823072859
362 -0.0107054139
362.2 -0.0110110065
362.4 -0.01134020996
362.6 -0.01182084093
362.8 -0.01171133152
363 -0.01196455507
363.2 -0.01188788654
363.4 -0.01151967379
363.6 -0.01126069039
363.8 -0.01157587871
364 -0.01155602027
364.2 -0.01105213815
364.4 -0.0113164556
364.6 -0.01129721275
364.8 -0.01106702324
365 -0.01124333786
365.2 -0.01122994857
365.4 -0.01094130454
365.6 -0.0110469461
365.8 -0.0108261363
366 -0.01041823332
366.2 -0.01059990054
366.4 -0.01033292788
366.6 -0.01029965694
366.8 -0.01047173928
367 -0.01083077597
367.2 -0.0110162049
367.4 -0.01096833162
367.6 -0.01134865088
367.8 -0.01157208919
368 -0.01227752121
368.2 -0.0120659803
368.4 -0.01305593799
368.6 -0.01381434805
368.8 -0.01395831948
369 -0.01402360307
369.2 -0.01448950717
369.4 -0.01508008597
369.6 -0.01495451997
369.8 -0.01479599562
370 -0.01476240942
370.2 -0.01466714102
370.4 -0.01488379466
370.6 -0.01518843553
370.8 -0.01494078854
371 -0.01495245726
371.2 -0.014449397
371.4 -0.01418835973
371.6 -0.0141792765
371.8 -0.01374418448
372 -0.01314443072
372.2 -0.01289154201
372.4 -0.01244750395
372.6 -0.01228411344
372.8 -0.01133791513
373 -0.01038592836
373.2 -0.01037936757
373.4 -0.01038184038
373.6 -0.01067970632
373.8 -0.01097492206
374 -0.01097731737
374.2 -0.01071598453
374.4 -0.01047637176
374.6 -0.01057247028
374.8 -0.01093183733
375 -0.01174335515
375.2 -0.01207415415
375.4 -0.01264406914
375.6 -0.01283986118
375.8 -0.01333077063
376 -0.0132432744
376.2 -0.01346787021
376.4 -0.01293493677
376.6 -0.01322717079
376.8 -0.01317997441
377 -0.01301148876
377.2 -0.0126981513
377.4 -0.01213814931
377.6 -0.01125571225
377.8 -0.01122658404
378 -0.01116615097
378.2 -0.01128212465
378.4 -0.01090644957
378.6 -0.01051051845
378.8 -0.01014411833
379 -0.008941799947
379.2 -0.008306273455
379.4 -0.008385135938
379.6 -0.008547187546
379.8 -0.008253516818
380 -0.007204737392
380.2 -0.006440664771
380.4 -0.005182361939
380.6 -0.004969606232
380.8 -0.004381279363
381 -0.004838258906
381.2 -0.004081555959
381.4 -0.003354825045
381.6 -0.002329216361
381.8 -0.002515723302
382 -0.002196187454
382.2 -0.001304111983
382.4 -0.001118914127
382.6 -0.001054886679
382.8 -0.001350921297
383 -0.001291677659
383.2 -0.001940461152
383.4 -0.002852612693
383.6 -0.002563567863
383.8 -0.002399973398
384 -0.002403264895
384.2 -0.002049394398
384.4 -0.001575076384
384.6 -0.0016244415
384.8 -0.00132244859
385 -0.001584479956
385.2 -0.002174418731
385.4 -0.002301225747
385.6 -0.002242898186
385.8 -0.002999820504
386 -0.003741982433
386.2 -0.004106873059
386.4 -0.004043559454
386.6 -0.004743265937
386.8 -0.00501023023
387 -0.005467825139
387.2 -0.006329291387
387.4 -0.006490877775
387.6 -0.006283097519
387.8 -0.006366595756
388 -0.00591062659
388.2 -0.005465493135
388.4 -0.00549305846
388.6 -0.005146968695
388.8 -0.005392279511
389 -0.005374466111
389.2 -0.005064449041
389.4 -0.005652515313
389.6 -0.005723320083
389.8 -0.006301420783
390 -0.006312957245
390.2 -0.006763926164
390.4 -0.006815592543
390.6 -0.007211387526
390.8 -0.00703147323
391 -0.007131436269
391.2 -0.00691486619
391.4 -0.007353852232
391.6 -0.007567265817
391.8 -0.008171657912
392 -0.008849963792
392.2 -0.009699152765
392.4 -0.01041117581
392.6 -0.01060576533
392.8 -0.01123779328
393 -0.01177585638
393.2 -0.01143558756
393.4 -0.0111912094
393.6 -0.01161022464
393.8 -0.01134598519
394 -0.01160864032
394.2 -0.01232813177
394.4 -0.01213166953
394.6 -0.01244171954
394.8 -0.01200075476
395 -0.01148213134
395.2 -0.01171460118
395.4 -0.01122362366
395.6 -0.0104481164
395.8 -0.01051048722
396 -0.01047041422
396.2 -0.01053600361
396.4 -0.01076224792
396.6 -0.01056030945
396.8 -0.01044621183
397 -0.01083056478
397.2 -0.01124990341
397.4 -0.01163741127
397.6 -0.01193963772
397.8 -0.01227543701
398 -0.01283832315
398.2 -0.0127509665
398.4 -0.01204435762
398.6 -0.01145514933
398.8 -0.01122577287
399 -0.01126868311
399.2 -0.01070570372
399.4 -0.01079267013
399.6 -0.01048578207
399.8 -0.010124763
400 -0.009985418971
400.2 -0.009375059369
400.4 -0.009240785057
400.6 -0.008969399445
400.8 -0.008915788258
401 -0.008347384119
401.2 -0.008395798219
401.4 -0.008150055066
401.6 -0.008505845103
401.8 -0.008001792238
402 -0.008161544639
402.2 -0.007694200138
402.4 -0.006990500803
402.6 -0.006287960884
402.8 -0.005577050654
403 -0.004643533799
403.2 -0.003930252047
403.4 -0.003747743991
403.6 -0.003502019056
403.8 -0.003277395426
404 -0.002949235092
404.2 -0.002701222331
404.4 -0.002150601989
404.6 -0.00157896304
404.8 -0.001222217689
405 -0.001593743481
405.2 -0.0006660012977
405.4 -0.0005993219815
405.6 -7.860185412E-05
405.8 0.001075329408
406 0.001194675882
406.2 0.001850594651
406.4 0.001526538403
406.6 0.001183432384
406.8 0.001767504295
407 0.002522655105
407.2 0.002722317955
407.4 0.003387161511
407.6 0.004263572718
407.8 0.004694885008
408 0.005169360235
408.2 0.005327269149
408.4 0.005689392558
408.6 0.006996681446
408.8 0.008051890441
409 0.008260415639
409.2 0.008977082163
409.4 0.009628795929
409.6 0.009919814386
409.8 0.01017019132
410 0.01044494136
410.2 0.01101718003
410.4 0.01134764925
410.6 0.01131945599
410.8 0.01139847229
411 0.01088626873
411.2 0.01116879174
411.4 0.01169986768
411.6 0.01150987736
411.8 0.01166474632
412 0.01098174869
412.2 0.01077166594
412.4 0.01046407364
412.6 0.01023175017
412.8 0.009457087793
413 0.009431001569
413.2 0.009209049551
413.4 0.008937072656
413.6 0.009966424966
413.8 0.01053689974
414 0.009899585516
414.2 0.009924713897
414.4 0.009812701404
414.6 0.01007814826
414.8 0.01109852188
415 0.01198288482
415.2 0.01270318697
415.4 0.01285531018
415.6 0.01375979527
415.8 0.01347188582
416 0.0128330188
416.2 0.0125134304
416.4 0.01170071227
416.6 0.01268137943
416.8 0.0125293716
417 0.01276913934
417.2 0.01326642966
417.4 0.01307461258
417.6 0.01216229334
417.8 0.011626877
418 0.01159569493
418.2 0.01117351129
418.4 0.01126789924
418.6 0.01147702359
418.8 0.0116606284
419 0.01216050929
419.2 0.01222376255
419.4 0.01220807123
419.6 0.01173739378
419.8 0.01140700709
420 0.0114412408
420.2 0.01123839917
420.4 0.0111748373
420.6 0.01160077012
420.8 0.01153661463
421 0.01119390962
421.2 0.01052048998
421.4 0.010309404
421.6 0.0103377538
421.8 0.01012936099
422 0.009498835671
422.2 0.01030139005
422.4 0.01045194904
422.6 0.01058450751
422.8 0.01058947258
423 0.01043469698
423.2 0.01069652862
423.4 0.01145702883
423.6 0.01175249164
423.8 0.0117363927
424 0.01099187752
424.2 0.01149818315
424.4 0.01187752942
424.6 0.01245230434
424.8 0.01224480506
425 0.01297973374
425.2 0.01372091242
425.4 0.01419323887
425.6 0.01514797683
425.8 0.01625727127
426 0.01750093846
426.2 0.01821926135
426.4 0.0197719026
426.6 0.02061907208
426.8 0.02177386718
427 0.02221743591
427.2 0.02344194944
427.4 0.02369292976
427.6 0.0236117155
427.8 0.02386021091
428 0.02347037209
428.2 0.02320739593
428.4 0.02273630527
428.6 0.02289892684
428.8 0.02300675292
429 0.02264054539
429.2 0.02291761392
429.4 0.02355669047
429.6 0.02368789116
429.8 0.02301252296
430 0.02365344175
430.2 0.02344550759
430.4 0.02403495795
430.6 0.0235773639
430.8 0.02321514011
431 0.02408341812
431.2 0.02538004715
431.4 0.02610144395
431.6 0.02612494296
431.8 0.02623649563
432 0.02565618083
432.2 0.02495680113
432.4 0.02393748449
432.6 0.02287109778
432.8 0.0221494055
433 0.02154178291
433.2 0.0211142986
433.4 0.02043058861
433.6 0.02012606195
433.8 0.01984849682
434 0.01973051269
434.2 0.01946498031
434.4 0.0193087393
434.6 0.01862232829
434.8 0.01864911988
435 0.01840394321
435.2 0.01847730668
435.4 0.0185266328
435.6 0.01806971904
435.8 0.01816855183
436 0.01836273112
436.2 0.01874809359
436.4 0.01863474377
436.6 0.01833731535
436.8 0.01774490166
437 0.01823569898
437.2 0.01853219464
437.4 0.01852232312
437.6 0.01768292247
437.8 0.01757258266
438 0.01651634491
438.2 0.01588386601
438.4 0.0149510562
438.6 0.01431902779
438.8 0.01449378907
439 0.01399368141
439.2 0.01369959678
439.4 0.01378220645
439.6 0.01330379657
439.8 0.01342071797
440 0.0142417709
440.2 0.01390668569
440.4 0.01321034228
440.6 0.01360257746
440.8 0.0143696195
441 0.01511333018
441.2 0.01650031578
441.4 0.01731310181
441.6 0.01732224642
441.8 0.01756073465
442 0.01769421039
442.2 0.01611610945
442.4 0.01606151074
442.6 0.01623647273
442.8 0.01755250507
443 0.01787092051
443.2 0.01880645371
443.4 0.01991409212
443.6 0.02055109833
443.8 0.02093985188
444 0.02120276683
444.2 0.02165264466
444.4 0.02252448997
444.6 0.02293536146
444.8 0.02318865657
445 0.02270639529
445.2 0.02281129879
445.4 0.0221859976
445.6 0.02139303744
445.8 0.02170485616
446 0.01973855344
446.2 0.01903405803
446.4 0.01756274293
446.6 0.01725669869
446.8 0.01679925464
447 0.01597076076
447.2 0.01558421419
447.4 0.01523077154
447.6 0.01514954747
447.8 0.01529243388
448 0.01476711823
448.2 0.01452550946
448.4 0.01454347179
448.6 0.0137961924
448.8 0.01209883767
449 0.01192905185
449.2 0.01075157615
449.4 0.01045931372
449.6 0.009349501971
449.8 0.008502423686
450 0.007225141279
450.2 0.006500617573
450.4 0.005836314747
450.6 0.005579843938
450.8 0.004795208431
451 0.003109571506
451.2 0.002316445879
451.4 0.001841786301
451.6 0.00169686059
451.8 0.0005752700424
452 -0.0004893575488
452.2 -0.001758307159
452.4 -0.003691340644
452.6 -0.005366002474
452.8 -0.005864794777
453 -0.00636742803
453.2 -0.00630566683
453.4 -0.006075780529
453.6 -0.005284631289
453.8 -0.004817739012
454 -0.004569965003
454.2 -0.004673690668
454.4 -0.003931622009
454.6 -0.00265660075
454.8 -0.002787015792
455 -0.002492305925
455.2 -0.00295699617
455.4 -0.002855089116
455.6 -0.002529412697
455.8 -0.002834372531
456 -0.003232277198
456.2 -0.003372158289
456.4 -0.003635770562
456.6 -0.003436008114
456.8 -0.004262879923
457 -0.005669780162
457.2 -0.006535649864
457.4 -0.007983086511
457.6 -0.008545856139
457.8 -0.008997432873
458 -0.01023104151
458.2 -0.01028000939
458.4 -0.01093684317
458.6 -0.01166368512
458.8 -0.01318903091
459 -0.01406926762
459.2 -0.01573006394
459.4 -0.01590949873
459.6 -0.01538478952
459.8 -0.01531533704
460 -0.01591387011
460.2 -0.01527071641
460.4 -0.01472628536
460.6 -0.01342493972
460.8 -0.01264345102
461 -0.01328618222
461.2 -0.01325125421
461.4 -0.01291538111
461.6 -0.01270992251
461.8 -0.01253093746
462 -0.01208146411
462.2 -0.01174833891
462.4 -0.0121322257
462.6 -0.01203856089
462.8 -0.01217937614
463 -0.01194231805
463.2 -0.01076041819
463.4 -0.01047309679
463.6 -0.01107902289
463.8 -0.01199411898
464 -0.01248197051
464.2 -0.01355012434
464.4 -0.01477150005
464.6 -0.0166291717
464.8 -0.01873881387
465 -0.01985445772
465.2 -0.02054475697
465.4 -0.02128006966
465.6 -0.02293268471
465.8 -0.02381931269
466 -0.0243792873
466.2 -0.02621605048
466.4 -0.02764193699
466.6 -0.02949746985
466.8 -0.03000421558
467 -0.0308930122
467.2 -0.03214794469
467.4 -0.03248946717
467.6 -0.03227555155
467.8 -0.03176962703
468 -0.03138458305
468.2 -0.03153403323
468.4 -0.03122999117
468.6 -0.03052725661
468.8 -0.03143767914
469 -0.03074940918
469.2 -0.02936058815
469.4 -0.02887731999
469.6 -0.02770826579
469.8 -0.02736508132
470 -0.02734608287
470.2 -0.02570833545
470.4 -0.02538211416
470.6 -0.02397587706
470.8 -0.02340847189
471 -0.02312265428
471.2 -0.0233397081
471.4 -0.02278898793
471.6 -0.02252501597
471.8 -0.02228382283
472 -0.02272903968
472.2 -0.02266846018
472.4 -0.02213721685
472.6 -0.0213400316
472.8 -0.02060426792
473 -0.02032305209
473.2 -0.02138497102
473.4 -0.02215222988
473.6 -0.02077892789
473.8 -0.02043129622
474 -0.02079813905
474.2 -0.02032900891
474.4 -0.02011923252
474.6 -0.0197829348
474.8 -0.01857778245
475 -0.01782983527
475.2 -0.01666208619
475.4 -0.01627377208
475.6 -0.01517356959
475.8 -0.01440721269
476 -0.01406781392
476.2 -0.01175875596
476.4 -0.01099746302
476.6 -0.01010944544
476.8 -0.00724073549
477 -0.007695391987
477.2 -0.006736674232
477.4 -0.006853671767
477.6 -0.007196921712
477.8 -0.006858966718
478 -0.007183050576
478.2 -0.006791443803
478.4 -0.005768832684
478.6 -0.004472635887
478.8 -0.005319944418
479 -0.005612444469
479.2 -0.00566518487
479.4 -0.005316826528
479.6 -0.005451547911
479.8 -0.00619994182
480 -0.005016829686
480.2 -0.004097009088
480.4 -0.002065286527
480.6 -0.0003659747008
480.8 -0.0004766926646
481 0.001047381851
481.2 0.001123625833
481.4 0.002832504187
481.6 0.00237523026
481.8 0.002553423228
482 0.002844413295
482.2 0.002687950079
482.4 0.002853023611
482.6 0.002911444409
482.8 0.002903976634
483 0.003222164949
483.2 0.003764512809
483.4 0.004637463295
483.6 0.006035413098
483.8 0.00913996063
484 0.009418205474
484.2 0.0112147593
484.4 0.01235475658
484.6 0.01261086529
484.8 0.01422483541
485 0.01492661625
485.2 0.0151538218
485.4 0.01475297274
485.6 0.01340289348
485.8 0.01056599726
486 0.0106563683
486.2 0.01042658075
486.4 0.009603408214
486.6 0.008435350027
486.8 0.007259801981
487 0.006177992087
487.2 0.004824122845
487.4 0.003108046731
487.6 0.000916925876
487.8 -0.0008238306617
488 -0.002542583742
488.2 -0.003992416518
488.4 -0.003754112719
488.6 -0.002810118285
488.8 -0.002189957086
489 0.0002091123311
489.2 0.003331394191
489.4 0.005430149357
489.6 0.007879762779
489.8 0.008555521911
490 0.01126195669
490.2 0.0120172012
490.4 0.01111573554
490.6 0.01480025751
490.8 0.01556265299
491 0.01732697199
491.2 0.01932517367
491.4 0.01911427878
491.6 0.02109409511
491.8 0.02071145755
492 0.02069710095
492.2 0.01895551849
492.4 0.01930062452
492.6 0.01812038266
492.8 0.01724693116
493 0.01964083607
493.2 0.0195601418
493.4 0.02086295002
493.6 0.02220135762
493.8 0.02352911102
494 0.02216712557
494.2 0.02363061681
494.4 0.02646019309
494.6 0.02838176891
494.8 0.02796172542
495 0.03067031105
495.2 0.029030936
495.4 0.02599269617
495.6 0.02594049805
495.8 0.02623369273
496 0.02676988968
496.2 0.02544543884
496.4 0.02578207305
496.6 0.02233851545
496.8 0.01826850289
497 0.01913371026
497.2 0.01343458182
497.4 0.01537449458
497.6 0.01195242651
497.8 0.01462115425
498 0.01462289324
498.2 0.01292060359
498.4 0.01802916977
498.6 0.02445161111
498.8 0.02514428063
499 0.02011389728
499.2 0.01901148003
499.4 0.006265400368
499.6 0.005853648963
499.8 -0.006388813046
500 -0.03148520106
