0.61534834 -0.42253068 0.6654429
0.59754966 -0.65112677 0.46794051
0.49176505 -0.80552817 0.33059265
0.4789659 -0.82144365 0.30955128
0.52994131 -0.73609109 0.4211082
0.43343468 -0.68009703 0.59127186
0.42946497 -0.8787808 0.20809647
0.43363783 -0.80550369 0.4038837
0.39787944 -0.67559795 0.62069264
-0.27210193 -0.96152519 -0.03781341
0.17274328 -0.82192799 0.54276527
0.21775683 -0.82467639 0.52200652
0.044568075 -0.8922747 0.44928782
0.38454803 -0.58406746 0.71483425
0.36497491 -0.50777006 0.78036074
-0.15607689 -0.75779549 0.63355032
0.29922221 -0.71558768 0.63118962
-0.44058483 -0.31969273 0.8388573
-0.40801496 -0.71729311 0.56481359
0.44433307 -0.87533277 0.19068472
0.46382583 -0.71101281 0.52851338
0.067566806 -0.87133788 0.48600928
-0.024288604 -0.77813045 0.62763291
0.3550726 -0.80871624 0.46893655
0.16492631 -0.8538096 0.49376967
0.42619273 -0.77567651 0.46549511
0.37921751 -0.57627214 0.72395062
0.31188666 -0.83050626 0.46150413
0.54740613 -0.72105175 0.42477158
0.37265261 -0.88459529 0.28039474
0.41990039 -0.63086294 0.65245353
0.82346343 -0.37970608 0.42158187
0.61244009 -0.6835681 0.39705388
-0.0013560625 -0.99077142 0.13553657
0.64130587 -0.67892342 0.35747695
0.35434327 -0.92862672 -0.10996942
0.3415213 -0.93731902 0.06925509
0.37947555 -0.91625024 -0.12838927
0.7702361 -0.62387893 -0.13233079
0.46946421 -0.87204004 0.1383818
0.22577081 -0.94877422 0.22103172
0.2240289 -0.81587778 0.53306145
0.31750882 -0.87283838 0.37059589
0.056557735 -0.90457016 0.42255655
0.53966542 -0.80049365 0.26071278
0.69355514 -0.71243564 0.10684911
0.42405797 -0.63257532 0.64809205
0.36213633 -0.92603352 0.10639172
0.29203868 -0.94344176 0.15694287
0.24992644 -0.96815239 -0.014755782
0.39522773 -0.91006474 0.12480872
0.63351997 -0.74717371 0.20095743
-0.38060328 -0.91443189 0.13767882
-0.074452829 -0.9859598 0.14946586
0.062163144 -0.97909271 0.19368326
0.24389523 -0.90853711 -0.33922772
0.80280555 -0.59623631 0.0023473073
0.9779265 -0.1254412 0.16710553
0.95390293 -0.30011053 -0.0016915861
0.92379817 -0.31551891 0.21689803
0.84891514 -0.52498589 0.061097406
0.80559433 -0.50848212 0.30407847
0.41059161 -0.85804449 0.30850313
0.26973049 -0.9222698 0.27688244
0.37133167 -0.91025461 0.18316479
0.64147644 -0.75407726 0.14098035
0.95755177 -0.24904223 -0.14516398
0.89498671 -0.27427825 0.35180993
0.6281359 -0.39697276 -0.66922188
0.71896616 -0.33647234 -0.6081727
0.84143124 -0.40960189 0.35244822
-0.19365648 -0.76263097 0.61716382
-0.61549501 -0.64688331 0.45023091
0.19331774 -0.60532976 0.77214256
0.1553217 -0.88498085 0.43895792
0.2577288 -0.80728223 0.5309155
0.42678456 -0.87153781 0.24140586
0.43225003 -0.88092782 0.19268131
0.44268094 -0.6989556 0.56168911
0.77195077 -0.50637531 0.38428642
0.48293317 -0.57922722 0.65671256
0.12604149 -0.89146677 0.43520172
0.23540233 -0.84129418 0.48663111
-0.13153715 -0.91323876 0.38560724
-0.48029723 -0.85772948 0.18334313
-0.44312961 -0.84868429 -0.28874058
-0.35320828 -0.8830215 -0.30905816
-0.22937458 -0.78905869 -0.56988918
-0.36783576 -0.53119348 -0.76323675
-0.44917897 -0.0042545222 -0.89343167
-0.25830723 0.69432089 -0.67171116
-0.43819276 0.31046023 -0.84356479
-0.19139026 0.46784338 -0.8628397
0.227531 0.37347032 -0.89930504
-0.065239438 0.66222715 -0.74645765
-0.42728317 0.041774913 -0.90315223
-0.6300987 -0.38842723 -0.67238376
-0.4661413 -0.55718234 -0.68721185
-0.40518105 -0.61026328 -0.68074007
-0.18050864 -0.43265419 -0.88330458
-0.31418559 -0.22571331 -0.92213932
-0.042477333 0.15745093 -0.98661283
-0.37043877 0.42770711 -0.82452516
-0.26907971 0.52859302 -0.8050997
-0.26408038 0.785924 -0.55909303
-0.3795728 0.58016612 -0.72064676
-0.31895576 0.62016611 -0.71670162
-0.12962741 0.38051976 -0.91564264
-0.16045571 0.80734511 -0.5678449
-0.10756471 0.74856623 -0.65427703
-0.20482495 0.67596835 -0.70789373
0.37356314 0.51763846 -0.76974087
-0.10854331 0.79758787 -0.59335651
0.091041406 0.60996908 -0.78717798
0.031662194 0.061101863 -0.99762922
0.048152879 -0.29774594 -0.95342994
0.23250729 -0.1140405 -0.96588567
-0.0085809068 -0.55605132 -0.83110366
-0.45396053 -0.48548608 -0.74714329
0.091217951 -0.1384494 -0.98615975
0.37033456 -0.22007438 -0.90245198
0.051743345 -0.15092646 -0.98718987
-0.26085326 -0.52317977 -0.81131899
-0.3310324 0.20184899 -0.92177792
0.096993578 -0.07880806 -0.99216004
0.3732595 -0.47113289 -0.79919406
0.18713554 -0.59953772 -0.77816117
0.24459533 -0.38404257 -0.89032827
-0.32886195 -0.94201676 -0.066740081
-0.55252718 -0.83349361 -0.001455958
0.08822175 -0.85455279 -0.51181682
-0.35130613 -0.91818862 -0.18306736
0.27980039 -0.60046954 -0.74909818
0.43870466 -0.61245372 -0.65760068
0.59866336 -0.27727516 -0.75147898
0.093311361 -0.29460086 -0.9510538
-0.12877726 -0.5961566 -0.79247317
0.4745977 -0.34473252 -0.80988673
0.20592207 -0.54508767 -0.81269646
0.098326258 -0.40583601 -0.90864134
0.26203149 -0.4788766 -0.83786437
0.0070957911 -0.2088315 -0.97792589
0.14815145 -0.92550106 -0.34856698
0.019003728 -0.92798074 -0.37214326
-0.040240129 -0.78704885 -0.61557684
0.48305856 -0.75526915 0.44297059
0.098128889 -0.88963255 0.44600969
0.17513562 -0.96045378 0.21646261
0.47828566 -0.77728404 0.40874485
-0.39724979 -0.88491063 0.24315796
0.22937999 -0.84995542 -0.47430012
-0.86169939 0.16510973 -0.47980511
-0.98220656 -0.16699445 0.08592509
-0.96407055 0.12741132 0.23309728
-0.75333224 0.12424889 0.64579621
-0.69746967 0.13081068 0.70457408
-0.22645709 0.38129659 0.89628684
0.36056754 0.37835911 0.85254644
0.017028436 0.60177411 0.79848479
-0.097532108 0.5845156 0.80549922
0.21617168 0.34206304 0.91447399
0.017659307 0.64026272 0.767953
-0.31201921 0.44622342 0.83876616
-0.067910699 0.52090967 0.85090613
-0.2639636 0.62659019 0.73328572
-0.18990397 0.785727 0.58870159
-0.75154241 0.49582004 0.43513963
-0.48883506 0.19386772 0.85056193
-0.090421963 0.50060845 0.86093847
-0.19825537 0.59353284 0.78000871
-0.60216378 0.44859221 0.660427
-0.51224832 0.0076961313 0.85880291
-0.73519034 0.22012073 0.64112559
-0.27205886 0.16161962 0.94861113
0.1215305 0.21206328 0.96966979
0.30800575 0.65448367 0.69049517
-0.077353373 0.3963377 0.91484036
0.028893156 0.19769572 0.97983753
0.13687018 0.25121218 0.95820614
-0.073160583 0.73374976 0.67546933
-0.29273148 0.73324641 0.61372469
0.082557559 0.51934185 0.85056939
0.65182427 -0.34793297 0.67384551
0.25431109 -0.73194084 0.63213011
0.24391105 -0.33764348 0.90912281
0.01546763 -0.78101603 0.6243194
0.33700571 -0.93440665 0.11537491
0.23901516 -0.21160237 0.94767937
0.57663719 -0.47015028 0.66816784
0.86510094 -0.4162814 0.27983954
0.92249127 -0.19633239 0.33236043
0.73278339 -0.40168677 0.54925062
0.696854 -0.52933697 0.48393893
0.83821441 -0.35247565 0.416122
0.45146527 -0.61882552 0.64283286
0.63674805 -0.33005728 0.69686019
0.94384042 -0.23374049 0.23351797
0.78910026 -0.081065831 0.60889171
0.58001083 -0.333523 0.74320243
0.73418063 -0.38056132 0.56227386
0.77231231 -0.41411898 0.48170443
0.40324044 -0.89096928 0.2087364
0.79329108 -0.59226034 -0.14112747
0.71880278 -0.12439291 0.68399485
0.59464053 -0.52722243 0.60699188
0.46536684 -0.80469751 0.36864023
0.3981363 -0.76912615 -0.49993245
0.72761608 -0.68582998 0.014563161
0.39078361 -0.6152788 0.68463141
0.33631506 -0.17409274 0.92551818
0.3363882 0.17123453 0.92602468
0.48469813 0.030819082 0.87413838
0.68930969 -0.038889065 0.72342228
0.355397 0.13973173 0.92421211
0.54208273 0.44419781 0.71332645
0.51260954 0.099841412 0.85279725
0.3823416 0.83798419 -0.3893551
0.078836825 0.94808247 0.30809801
0.70997579 0.70280368 0.04473666
0.14973131 0.98367108 0.09985864
-0.5407153 -0.21962027 0.81203073
-0.17113271 0.16232156 0.9717846
0.27162331 0.4410921 0.85537041
-0.15522328 0.35499148 0.92189304
-0.029290817 0.44521862 0.8949427
0.45533383 0.5480196 0.70167344
0.46292708 0.63132522 0.62219529
0.51838064 0.52420517 0.67564077
0.15111844 0.64840168 0.7461491
0.54187227 0.78195311 0.30809701
-0.043734556 0.71602592 0.69670235
0.0027137573 0.67644506 0.7364881
0.29774764 0.73407347 0.61031343
0.44192899 0.7663199 0.46631811
-0.061669394 0.88929536 0.45315631
0.24797815 0.8808366 0.4032787
0.1791796 0.79760732 0.57594899
-0.32530643 0.92914135 0.17570454
-0.034618364 0.85390928 0.51926921
-0.38651 0.73618259 0.55555846
-0.0012452013 0.87333269 0.48712263
-0.2044379 0.97190305 0.11666022
-0.17733472 0.62349002 0.76145426
-0.2375713 0.6500353 0.72181299
-0.20656734 0.95801118 -0.19885803
-0.4473355 0.89433358 0.007641364
-0.34423449 0.89772701 0.27493424
0.011694298 0.89508449 0.44574319
-0.39013139 0.87532989 0.28564852
-0.36157893 0.93230165 -0.0086200653
-0.52269364 0.85156331 0.040389116
-0.70949703 0.70467522 0.0068402627
-0.42872225 0.90342724 0.0040571309
-0.39212604 0.90887013 0.14209943
-0.44592613 0.79040167 -0.42001796
-0.16697441 0.96112191 0.21991865
-0.45826178 0.88879197 -0.0067057657
-0.26058838 0.38199677 0.8866635
-0.7949667 -0.075969647 0.60187753
-0.88957248 0.4539454 0.050934959
-0.74208802 0.041364178 -0.66902495
-0.92230125 0.3245302 -0.20985842
-0.80225823 -0.064999039 -0.59342806
-0.37535991 -0.4280784 -0.82210329
-0.13938805 -0.11944112 -0.98300803
-0.54072482 -0.14916595 -0.82786846
-0.82980422 0.3098152 -0.4641546
-0.4515628 -0.43757502 -0.77757259
-0.65362862 0.10011221 -0.75016476
-0.70205777 -0.27151461 -0.6583272
-0.25418202 -0.4277162 -0.86743896
-0.35453992 -0.87453047 -0.33090466
-0.90497404 0.2152602 -0.36699459
-0.67608798 -0.6890026 -0.26111389
-0.80543695 -0.56003024 -0.19400373
-0.75240388 -0.23370376 -0.61584978
-0.71751736 -0.45993052 -0.52309918
-0.83161116 0.14767114 -0.53536541
-0.49706022 -0.16294032 -0.85228023
-0.77623548 0.08377719 -0.62485187
-0.87076705 -0.2828869 -0.4021688
-0.79574188 -0.56796959 -0.21025083
-0.95621383 -0.24341213 -0.16249813
-0.55632442 -0.39652676 -0.73025315
-0.66643392 -0.43638997 -0.60450775
-0.79472959 0.3131233 -0.51996026
-0.33822557 -0.01844928 -0.94088421
-0.28385159 -0.15910282 -0.94557632
-0.54832789 -0.55338274 -0.62698011
-0.63424371 -0.60786321 -0.4777418
0.096225778 -0.63263092 -0.76845216
-0.09201792 -0.64049545 -0.76242919
-0.57779882 -0.46858602 -0.66826317
-0.57311218 -0.28924946 -0.76673149
-0.67199945 -0.7395832 0.037860715
-0.27713894 -0.93723281 0.21163332
-0.81804894 -0.57308503 0.048677263
-0.65404518 -0.75311559 0.071005747
-0.69019494 -0.67216246 0.26800854
-0.65212057 -0.71528671 0.25120445
-0.78768052 -0.61423162 -0.047738016
-0.72458793 -0.67390582 -0.1443027
-0.75406366 -0.61287078 -0.2361724
-0.84400203 -0.53591395 -0.021373082
-0.92308865 -0.27699419 0.26679874
-0.98585048 0.040761674 0.16259556
-0.98983837 -0.13904062 -0.029794381
-0.97254313 -0.18124603 0.14597858
-0.98433541 0.066447846 0.16330487
-0.90271344 -0.42983108 0.018806493
-0.955473 -0.29015884 0.053658128
-0.55598272 -0.63015974 0.54201652
-0.6385288 -0.52151155 0.56595642
-0.53068158 -0.31780228 0.78573454
-0.30309421 0.17678611 0.93641902
-0.31054869 -0.14983465 0.93867411
-0.74991101 -0.13365477 0.6478965
-0.34557684 -0.92018916 0.18392543
-0.48184949 -0.63305735 0.60585432
-0.25655157 -0.50433318 0.82451764
0.27201642 -0.88680923 0.37359933
0.7602665 -0.60186404 0.24444739
0.74155629 -0.57078228 -0.35256469
0.78152749 -0.61883526 -0.079105601
0.98200587 -0.14932326 -0.11561593
0.92572689 -0.22847849 0.30137568
0.99202959 0.0851855 -0.0928479
0.87930478 0.32855597 0.3447812
0.99029745 0.057853231 -0.12634858
0.65194558 0.49816107 -0.57166644
0.93812283 0.33360459 0.092916808
0.87257451 -0.37972462 -0.30728316
0.93985541 -0.34130411 -0.01353933
0.85345315 -0.36557264 0.371449
0.76514633 -0.60910909 0.2086557
0.41737069 -0.57795087 0.70126636
0.40961582 -0.68484848 0.60265864
0.28348801 -0.53473097 0.79605109
0.17713734 -0.11783015 0.97710717
0.26209218 -0.36843398 0.891944
-0.46531 -0.10967889 0.87832633
0.3925627 -0.36736716 0.84317014
0.31580004 -0.55045964 0.77282891
-0.24765292 -0.14148165 0.95846282
-0.21774025 0.10244516 0.97061536
-0.46791023 -0.20377223 0.85996331
-0.20165377 -0.27518677 0.94000425
-0.092822686 -0.43257912 0.89680502
0.030912182 -0.33698386 0.94100283
-0.34727371 -0.5014163 0.79245357
-0.45083467 -0.4568728 0.76682158
-0.072964325 -0.46191902 0.88391573
0.38278684 -0.28813547 0.87775406
-0.61310358 -0.24022823 0.75259179
-0.59464124 0.084374922 0.79955154
-0.76267253 0.032717038 0.64595681
-0.82037558 0.0074600036 0.57177641
-0.62810471 -0.3215222 0.70859576
-0.81980334 0.016605957 0.57240434
-0.48459167 0.19257307 0.85327986
-0.78476427 0.14861384 0.60171336
-0.83296052 -0.20761531 0.51290609
-0.68925405 0.42539721 0.5864862
-0.1487642 0.92463344 0.35060264
-0.28229828 0.83713864 0.4685153
-0.13982685 0.6779823 0.72165675
-0.44845667 0.23622868 0.8620224
-0.18224659 0.86327177 0.4706889
-0.36148257 0.60472278 0.70967648
-0.29605209 0.40962184 0.8628807
-0.24610204 0.64530519 0.72319775
-0.72076544 0.63221968 0.28424542
-0.13224525 0.69271828 0.70897996
-0.13463599 0.64276391 0.75414037
-0.1921848 0.59471891 0.78062438
-0.39080915 0.49557888 0.77567376
-0.029802133 0.66784421 0.74370421
0.33117596 0.92906532 -0.16480322
0.82660028 0.41780247 0.37705846
-0.078334256 0.74626825 0.66102001
-0.36602992 0.78899735 0.49346255
-0.73235529 0.48696471 0.47594233
-0.66214486 0.59651194 0.45358317
-0.73275639 0.62476911 0.26968801
-0.76619884 0.54928587 0.33350318
-0.60065975 0.69186367 0.40066512
-0.73693911 0.6604952 0.14375967
-0.71133805 0.68311419 0.16538798
-0.4464708 0.75216181 0.48468178
-0.74220909 0.54212059 0.39399356
-0.66908489 0.74200694 -0.041846275
-0.7517357 0.659369 -0.011223023
-0.91401746 0.40451392 -0.030668892
-0.64422073 0.74959309 0.15195348
-0.72294069 0.65008013 0.23399269
-0.95351487 0.25943674 0.15330354
-0.96840771 0.23324635 -0.088219315
-0.75411828 0.64276866 -0.13473707
-0.94799536 0.24980712 -0.19723389
-0.97116037 0.2348352 0.041230549
-0.90253388 0.35961267 0.23687828
-0.38607689 0.68609548 0.61661789
-0.85121593 0.052052229 0.52222792
-0.34051241 0.76038695 0.55304881
-0.56313908 0.50186567 0.65650988
-0.66171459 0.58705398 0.46637049
-0.86953086 0.3617429 0.33624121
-0.4975995 0.51190363 0.70024954
-0.72135249 0.43660215 0.53761431
-0.83088377 0.37471065 0.41136855
-0.38550729 0.71624819 0.58169809
-0.1027713 0.84155255 0.53030874
0.27978996 0.1205603 0.95246144
-0.60653642 -0.79505111 0.0027023674
-0.19350062 -0.78968758 0.58219502
0.17187987 -0.60607981 0.77661095
0.81350804 -0.18298647 0.55201506
0.83901799 -0.21729588 0.49882995
0.78407969 -0.35202979 0.51116932
0.89250497 -0.3357933 0.30112745
0.73213662 -0.34295101 0.58852406
-0.0003372151 -0.52849288 0.84893767
0.38944389 -0.4706494 0.79172129
-0.49793488 -0.85163417 0.16364624
-0.21005121 -0.96143785 0.17752677
-0.28013701 -0.85632788 0.43384999
-0.015022026 -0.44976215 0.89302203
-0.16204038 -0.97953057 -0.11942689
-0.43421507 -0.89524987 0.099924674
-0.36632345 -0.43762036 0.82115501
-0.70657424 0.50673056 0.49394026
-0.64441001 -0.09044812 0.75931211
-0.87712877 0.28958219 0.38312827
-0.700831 0.46774348 0.53856472
-0.9073923 -0.18538178 -0.37719069
-0.83502312 -0.26474119 -0.4823365
-0.64120417 -0.038856997 -0.7663859
-0.78565887 0.27817657 -0.55259202
-0.66551338 -0.16864178 -0.72708451
-0.15926842 -0.26537279 -0.95090002
-0.68629188 -0.28576984 -0.66883411
-0.54234837 -0.6416512 -0.54234857
-0.50730083 -0.33194986 -0.79527049
-0.71773031 -0.0022906916 -0.69631742
-0.69325396 0.064518033 -0.71779967
-0.64726131 -0.21465574 -0.73142034
-0.46477121 -0.50276997 -0.7288416
-0.30026765 -0.60933276 -0.73386165
-0.37001212 -0.79705324 -0.47728101
-0.017506947 -0.4168942 -0.90878641
-0.22499821 -0.18454152 -0.9567237
-0.29869094 -0.63427142 -0.71308028
0.020835709 -0.45052904 -0.8925186
-0.29652482 -0.61624558 -0.7295988
0.27476145 -0.72350164 -0.63328629
0.30315128 -0.55540145 -0.77435685
0.37993176 -0.6365127 -0.67119553
0.70199104 -0.66788567 -0.24725963
0.77211139 -0.3037281 -0.55820537
0.54298059 -0.7814319 -0.30746751
0.44808691 -0.76860197 -0.45658419
0.35247671 -0.82408489 -0.4434459
0.20989126 -0.86834852 -0.44935121
0.58182058 -0.73692843 -0.34412395
0.55487216 -0.77505029 -0.30234739
0.32867234 -0.83727474 -0.43697311
0.69635025 -0.60930764 -0.37926314
0.54867824 -0.65220469 -0.52304993
0.090253383 -0.46202473 -0.8822627
0.02317639 -0.50537868 -0.86258637
0.17903647 -0.88891686 -0.42163107
0.26983304 -0.80792019 -0.52388462
0.12676333 -0.97200313 -0.19784079
0.045958134 -0.97534752 -0.21583576
0.32124691 -0.74341889 -0.5866249
0.66157209 -0.37834613 -0.64743847
0.53582438 -0.036355818 -0.84354638
0.70057847 0.12284444 -0.7029218
0.84861206 0.38550703 -0.36227325
0.8219497 0.36651253 -0.43596703
0.66893993 0.63876139 -0.38013584
0.3907836 0.89015481 0.23433435
0.036725438 0.90495501 0.42391942
0.25509403 0.94573515 -0.20127609
0.65670309 0.73073666 0.18645371
0.19018866 0.84005726 0.508067
-0.057540775 0.6218869 0.78099023
-0.031409383 0.80179299 0.59677588
-0.84479126 0.25996945 0.46770034
-0.34623021 0.86093099 0.37272306
0.33771627 0.60555073 0.72059422
-0.30174567 0.78612829 0.53939954
0.56865561 0.71916789 -0.39928479
0.82556769 0.53028534 -0.19296491
0.98598254 0.16309906 -0.035172918
0.88277854 0.38350158 0.27134589
0.97616495 0.13668594 0.16857917
0.87708839 0.29675224 0.37769572
0.888324 -0.094507843 0.44938707
0.76775714 0.54297019 0.34019457
0.60827217 0.51456147 0.60434383
0.9866224 0.11757511 0.1129262
0.98171661 0.074995085 0.17495208
0.98059246 -0.072716996 0.18207327
0.93623082 -0.092236675 0.33906377
0.87213432 0.41730591 0.25541633
0.96888739 -0.088474138 0.23114835
0.89625506 0.39447985 0.20276223
0.73476036 0.24745159 0.63158129
0.9962889 0.012549783 0.085152426
0.97202038 0.1386997 0.18957523
0.9150938 0.15964466 0.37029302
0.88797933 0.30744021 0.34201349
0.89732465 0.28800501 0.33445716
0.70379824 0.4624431 0.53927212
0.86629306 0.42060914 0.26948893
0.88688593 0.45634615 0.071982948
0.8043867 0.48118601 0.34845668
0.58585977 0.73204384 0.34767821
0.79988312 0.57053523 0.18621639
0.43743343 0.7978857 0.41476549
0.53630793 0.83399473 0.12971734
0.32331626 0.93108123 0.16898027
0.51000197 0.83685449 0.19892849
0.78989077 0.51030386 -0.34009196
0.79704825 0.33947417 -0.49947109
0.86405887 0.42837257 0.26438459
0.63948811 0.75326159 -0.15379182
-0.51541786 0.8518709 0.093061278
-0.40851418 0.5205417 0.7497683
0.25983111 0.71405385 0.65008838
-0.35761675 0.77996095 -0.51358659
-0.52877599 0.40927422 -0.74356611
0.093668672 0.85648171 -0.50760738
-0.24731267 0.65920241 -0.71013283
-0.35645078 0.51198426 -0.78154652
-0.1418758 0.45400218 -0.87963247
-0.23314032 -0.16236157 -0.95879316
-0.51741763 -0.3179872 -0.79445776
-0.19398452 -0.083792355 -0.97741948
0.99548345 -0.019143338 0.092985105
-0.60404354 -0.59291166 -0.53252903
-0.46764751 0.18364173 -0.86462797
-0.68308257 -0.099952656 -0.72346919
-0.63301355 0.20265888 -0.74714337
0.943186 -0.26520005 0.20017269
0.54187858 -0.25722846 0.8001257
0.54380026 -0.30114012 0.78332363
0.2922974 -0.5041964 0.81261813
0.57920599 -0.43198437 0.69131029
0.30970861 -0.51011424 0.80241139
0.73642822 -0.40406881 0.54258813
0.024152409 -0.21871373 0.97549011
0.63093675 -0.44082706 0.638428
0.54560104 -0.41260595 0.72943528
-0.15804194 -0.78188916 0.60305231
0.40349644 -0.68962293 0.60134086
0.057144281 -0.21225222 0.97554268
0.53579009 -0.55132956 0.63950348
0.17587684 -0.65698773 0.73309921
0.25223848 -0.64406884 0.72218493
0.21761731 -0.90838905 0.35703227
-0.69970809 -0.68993497 0.18546785
0.33799668 -0.53289052 0.77574863
0.41022009 -0.65716825 0.63233644
0.45509733 -0.33740903 0.82403979
0.16758383 -0.21412255 0.96232385
0.78383796 -0.030559741 0.620213
-0.0033643034 0.01020504 0.99994227
-0.074865445 0.043295814 0.9962533
-0.23784895 -0.30320925 0.92276326
-0.34728083 -0.30201301 0.88779737
-0.39000345 -0.18013033 0.90302291
-0.93714519 -0.10970232 0.33124657
-0.74407803 -0.18496706 0.64197748
-0.46830229 -0.24488237 0.84895559
-0.47438645 -0.07799508 -0.87685475
0.12879327 -0.26207411 -0.9564149
-0.10897251 -0.44822377 -0.88725444
0.22330139 -0.25995514 -0.93944655
0.14316574 -0.21259627 -0.96659526
-0.41473845 0.26307062 -0.87108316
-0.58484525 0.52930685 -0.61464648
-0.37880576 0.003599683 -0.9254692
-0.28351989 -0.29546569 -0.91231382
-0.31549804 -0.72171942 -0.61610232
-0.48410015 -0.45231222 -0.74903985
-0.10542862 -0.75600649 -0.6460178
-0.21646261 -0.29839369 -0.92957256
-0.1492243 -0.38863753 -0.90922658
0.17392511 -0.41652561 -0.89233204
0.1054222 -0.51285985 -0.85197472
-0.1239756 -0.23417649 -0.96425693
-0.10192602 -0.52798695 -0.84311379
0.19650234 -0.78129213 -0.59242673
0.68094311 -0.6137151 -0.39958761
0.089604938 -0.98531195 0.14536613
-0.75854582 -0.33265647 -0.56031055
-0.17500995 -0.88490317 -0.43164557
-0.095976357 -0.55065132 -0.82919941
-0.29097592 -0.77466716 -0.56144795
-0.2753881 -0.52660248 -0.80427061
-0.20846769 -0.28213145 -0.93645238
-0.16592375 -0.54393064 -0.82256232
0.047657674 -0.86257651 -0.50367699
-0.1888442 -0.63472283 -0.74930955
-0.17431952 -0.66065043 -0.73017375
-0.084804295 -0.88430369 -0.45914619
-0.15151325 -0.82788158 -0.54005169
-0.37868933 -0.70072257 -0.60463399
0.59894774 -0.70030581 -0.38837272
0.62282899 -0.39435411 -0.67569881
0.97014308 -0.22819087 -0.082166452
0.75402854 -0.39308625 -0.52623585
0.23518693 -0.88423141 -0.40351198
-0.32951096 -0.89442077 0.30238059
-0.24435511 -0.89193073 0.38046045
0.0099471274 -0.91978217 0.39230322
-0.091763329 -0.78236881 0.61601829
-0.52683392 -0.6961736 0.48763547
0.01228864 -0.79304135 0.60904385
0.5165627 -0.84485442 -0.13922638
-0.3374905 -0.9397953 0.053711831
0.32630818 -0.74700857 -0.57922463
0.74759056 -0.59800602 -0.28895873
-0.25867925 -0.22672823 -0.93897783
-0.54872092 -0.15971526 -0.82060733
0.61106755 0.19254255 -0.76780454
0.24721464 0.46179509 -0.85183931
0.36200041 0.54977851 -0.75279433
0.49394964 0.78531626 0.37321861
0.47052627 0.83580734 0.28289771
0.40035551 0.89021846 0.21731672
0.36500735 0.89022129 0.27253568
0.48989818 0.86401104 -0.11612361
0.07278074 0.99468863 -0.072783921
0.2852609 0.92438528 0.25325497
-0.057547001 0.99819488 0.017184766
-0.038065881 0.95131032 0.30587524
0.34265804 0.77400146 0.53245395
0.36165893 0.88500608 0.29320141
0.36458598 0.89966934 0.24015026
0.46130708 0.84477607 0.27119949
-0.37412247 -0.78203209 -0.49845581
-0.66519306 -0.41511289 0.62064441
-0.83809345 -0.3565733 0.41286179
-0.56548405 -0.38376462 0.73003596
-0.62964866 0.25728498 0.73303957
-0.3247955 -0.43032829 0.84221461
-0.22115557 -0.76440188 0.60562362
-0.48443867 -0.54852518 0.68149784
0.55967344 -0.16790178 0.81152611
0.52146758 -0.43654997 0.73314097
0.73579405 -0.60273549 -0.30873457
0.73902065 -0.61045682 -0.28494026
0.62514449 -0.76326294 -0.16316875
0.11455725 -0.88101039 0.45901779
0.96943179 0.038266353 0.24235861
-0.52170677 -0.022015128 0.85284077
-0.58492167 -0.049542377 0.80957532
-0.71486818 0.14628444 0.68378677
-0.51831744 0.53126201 0.67015498
-0.65714101 0.16821171 0.73475881
-0.40171034 0.33606084 0.85187553
-0.41317578 0.48524976 0.77059616
-0.31374191 0.63909525 0.70222736
-0.54508873 0.020328752 0.83813186
-0.73656422 0.4170902 0.53245555
-0.97510631 0.059369012 0.21364223
-0.80993043 0.44498015 0.38210648
-0.026054845 0.99031951 -0.1363393
-0.86684991 0.49447713 0.063746405
-0.92124716 -0.19472657 -0.33672724
-0.87892525 0.38557877 0.28074796
-0.78289132 0.60842118 0.13001865
-0.86982174 0.45060178 0.20091832
0.38532869 0.86383022 0.32452912
0.36594043 0.90560772 0.21438809
0.54155151 0.76224298 0.35455269
-0.74292664 0.66846676 -0.034816788
-0.8379455 -0.40087375 0.3703344
-0.80581384 -0.5480802 0.22421451
-0.48765349 -0.87014148 0.071048421
-0.57654216 -0.74639942 0.33239591
-0.54878952 -0.80570553 0.22286469
-0.38168067 -0.7508263 0.53905447
-0.54841642 -0.80423608 0.229006
-0.78195045 0.49465106 -0.37930703
-0.82283329 0.55126208 -0.13804161
-0.92464003 0.37021886 -0.089324161
-0.86843389 0.464505 -0.17337151
-0.99366348 0.019839829 0.11063127
-0.92103261 -0.29503063 -0.25427515
-0.075608418 -0.75508726 0.65125003
-0.22196841 -0.47576088 0.85110611
-0.21198281 -0.58278369 0.78449121
-0.28976541 -0.082549459 0.95353112
-0.11864102 -0.58010048 0.80585839
0.2017549 -0.29490674 0.93398339
0.6042655 -0.34952895 0.71602564
0.62910343 -0.38722666 0.67400622
0.50445828 -0.21666618 0.83580955
0.56368888 0.11318923 0.81819499
0.53133976 -0.36041979 0.76666527
0.80799334 0.37124322 0.45752074
0.45199483 -0.17858501 0.87396114
0.37970123 -0.16798105 0.90973037
0.57985285 0.12551633 0.80499461
0.18898489 -0.12922174 0.97344052
0.82207105 0.11955545 0.55669173
0.94910288 -0.23339744 -0.21149318
0.86125719 0.12879867 0.49157599
0.98047731 0.02766682 0.19467611
0.99441808 -0.092550797 -0.050665876
0.92432867 -0.10244947 0.36758756
0.76747298 0.17160484 0.61768682
0.98501039 -0.060492189 0.16154015
0.93893647 0.091966548 0.33157272
0.94830629 0.0209159 0.31666655
0.99326366 0.096936664 0.063486939
0.94336481 -0.025238407 0.33079579
0.71521294 -0.065285254 0.69585076
0.95236465 -0.080507664 0.29414296
0.99374764 -0.035782072 0.10576042
0.96920834 -0.23328617 -0.078821026
0.98512133 0.14815592 -0.087096459
0.93675295 0.20043989 0.28691073
0.54316905 -0.05940714 0.83751906
0.74690645 -0.023477123 0.66451455
0.89273249 -0.25704612 0.37007566
0.7533214 0.020894548 0.65732054
0.96704434 -0.084545495 0.240161
0.59081019 0.30102216 0.74855125
0.92260993 -0.057515997 0.38142211
0.94065076 0.092149453 0.32662611
0.69126464 0.14935599 0.70699787
0.28328662 0.38089436 0.88015236
0.95196223 0.2442618 0.18467292
0.73100056 -0.19494934 0.6539365
0.57706833 0.044174218 0.81550032
0.037873025 0.040354159 0.99846741
0.33773375 -0.030928419 0.94073341
0.071811406 -0.32415577 0.94327417
0.06895443 -0.43130494 0.89956731
0.051515359 -0.17058928 0.98399465
0.823111 -0.45395065 0.3411995
0.8388327 -0.39759479 0.37185761
0.93414558 -0.21384747 0.28572942
0.91175081 -0.23192842 0.33899802
0.57074562 -0.48286968 0.66414329
0.89730192 -0.11955063 0.42491988
0.80710853 -0.28761691 0.5156087
0.91990937 0.26565106 0.28843762
0.70112382 -0.21585264 0.67958298
0.95469583 -0.02515855 0.29651798
0.74376937 -0.078257109 0.66383956
0.84254628 0.26734173 0.46759402
0.76975657 0.026621996 0.63778217
0.85673398 -0.18342615 0.48203915
0.97715102 -0.20489881 0.056500952
0.80321784 0.16477299 0.57244298
0.56124121 0.13008888 0.81736478
0.83209875 0.03554811 0.55348712
0.9597092 -0.0087765857 0.280858
0.87057457 -0.05431172 0.48902982
0.8872024 -0.049926647 0.45867116
0.90561932 -0.3175404 0.28110807
0.66958057 -0.0026004747 0.74273487
0.85207196 0.060412237 0.51992666
0.82801984 0.26570645 0.49374409
0.8037303 -0.14545276 0.57694116
0.68743814 -0.2928845 0.66456563
0.51595714 -0.25663123 0.81726902
0.71693552 -0.31000459 0.62442022
0.80518083 -0.38334433 0.45247206
0.69955828 -0.52757649 0.48195567
0.88488041 -0.40690527 0.22674824
0.4931315 -0.55167283 0.67266515
0.92114645 -0.38381075 -0.064641504
0.81959999 -0.5623487 0.10963482
0.98807204 -0.013086724 0.1534353
0.93841123 -0.21510432 0.27039693
0.82876692 -0.45114519 0.33107916
0.94117594 -0.22645696 -0.2508089
0.93772006 -0.28020309 -0.20534683
0.88446663 -0.46049025 0.075282891
0.74032438 0.45141693 0.4981391
0.98930292 0.11959014 -0.083533962
0.98592355 0.091593027 -0.13987664
0.22424327 0.95052505 0.2149816
0.81189353 0.54765843 0.20223536
0.77366008 -0.58439946 -0.24480065
0.31028417 -0.67181421 -0.67259899
-0.24177466 -0.27081847 -0.93177378
0.68880987 -0.53899565 -0.48479341
0.22680966 0.11475847 -0.96715452
-0.12620143 -0.20546058 -0.97049428
-0.14628371 -0.33683957 -0.93012912
0.30694452 -0.02560639 -0.95138288
0.051153921 -0.57450549 -0.81690068
-0.15366875 -0.31457407 -0.93671184
0.33614266 -0.35948881 -0.87050325
-0.090876088 -0.36975617 -0.92467395
-0.55634476 0.049505448 -0.82947557
-0.32660421 0.63654562 -0.69866971
0.39207387 -0.31453368 -0.86449213
0.25739553 -0.84651433 -0.4660054
0.3013565 -0.46190131 -0.83416511
0.69709066 0.51285752 -0.50104069
0.94412145 -0.1188952 -0.30740629
0.84069549 -0.52921396 0.11473302
0.49678077 -0.86787483 -0.00146431
0.54442132 -0.57888483 0.60704018
0.53026969 -0.8109484 0.24733936
0.58352031 -0.77479853 0.24329257
0.14660638 -0.94948719 0.27745385
0.55074968 -0.60740552 0.57247998
0.87501823 -0.48359853 0.021807344
0.66331677 -0.52938241 0.52892828
0.58617606 -0.59883751 0.54570254
0.45160194 -0.49048354 0.74530637
-0.30379545 -0.12230379 0.94485454
0.14552777 -0.89135766 0.42930547
0.18600387 -0.74882789 0.6361284
-0.19073588 -0.7572701 0.62462935
0.10031865 -0.81603802 0.56922589
0.60199073 -0.62093976 0.50203683
0.76846153 -0.5460113 0.3336743
0.58749228 -0.69470471 0.41501589
0.67834262 -0.49974225 0.53861764
0.37585263 -0.86749725 0.32585781
0.90448278 -0.15832421 0.39603579
0.47712925 -0.68808872 0.54670065
-0.0632851 0.28040371 0.95779369
0.070202289 -0.19972781 0.97733333
-0.30225715 -0.42241783 0.85451963
-0.17013798 -0.25566127 0.95167767
-0.53131492 0.036677058 0.84638009
-0.74702032 0.48711455 -0.45241579
-0.6845001 0.72544162 0.072069909
-0.81664222 0.54916153 0.17753054
-0.63213259 0.63326119 0.44652956
-0.073830469 0.55142711 0.83094958
-0.37183275 0.48720562 0.79017156
-0.32444262 0.48666425 0.8111072
-0.32498019 0.7804937 0.53405755
-0.25144276 0.67320542 0.69539269
-0.39519025 0.78497891 0.47710877
-0.63278248 0.53249106 0.562174
-0.25802792 0.74657721 0.61322432
-0.69022594 0.71803402 0.089528193
-0.21042653 0.91785457 0.33654669
0.35116634 0.93546035 0.039951702
0.61614609 0.78690474 -0.03383671
0.49059896 0.85814903 0.15130403
0.35065264 0.83946105 0.41514802
0.23683926 0.83688404 0.49348988
0.36279252 0.91192087 0.1917861
0.30185298 0.92495638 0.23095556
0.47154193 0.86432321 0.17491025
0.45620741 0.84188495 0.28827856
0.32969096 0.68623746 0.64836874
0.12555856 0.90617681 0.40382996
0.52138122 0.80743407 0.27606492
0.75809483 0.36961508 0.53728663
0.91763729 0.35647948 -0.17568207
-0.16494968 0.96930458 -0.18231905
0.026479825 0.91685731 -0.3983359
-0.08598476 0.99450622 0.059699273
-0.14648562 0.52182812 0.8403793
0.06719843 0.90135715 0.42783134
-0.45464907 -0.6455623 0.61363144
-0.71050867 -0.16987004 0.68287744
-0.56742029 -0.010664241 0.82335927
-0.77387377 -0.46242179 0.43276492
-0.13133032 -0.99122224 0.01519253
-0.16452034 -0.95616039 -0.24226096
-0.23373088 -0.86075813 -0.45217842
-0.27022914 -0.94614209 -0.17830131
-0.059688736 -0.84177806 -0.53651371
-0.17726137 -0.57660271 -0.79756361
0.0013483002 -0.32582071 -0.94543061
-0.3799366 0.018417381 -0.92482916
-0.44402901 -0.052159495 -0.89449294
0.51972717 0.4138525 -0.74740202
-0.14220307 0.58515894 -0.79835287
0.025128595 0.78228329 -0.62241578
0.072579161 0.64679236 -0.75920479
0.33415698 0.85618026 -0.39407421
0.66365424 0.74601331 0.055019835
0.66614985 0.74543568 -0.023875228
0.4057453 0.87986434 0.24740552
0.22124486 0.9393897 0.26191161
0.06341037 0.99499249 0.077259765
0.5840971 0.81067554 0.040444231
0.78647873 0.58892867 -0.18604899
0.88939611 0.1236834 -0.44008747
0.90385906 0.23188119 -0.35954124
0.81509953 0.56497808 -0.12811141
0.57844652 0.80933129 -0.10189454
-0.17885207 0.91890701 0.35159899
-0.0022415849 0.98399273 -0.17819453
-0.11672162 0.88872273 -0.44333732
0.43122281 0.12351548 -0.89375098
0.45984896 0.26989939 -0.84598655
0.33039856 0.66609863 -0.66869231
-0.18712959 0.79680098 -0.57453521
0.41663728 0.64281168 -0.64281142
0.024058049 0.54293946 -0.83942716
0.32832552 0.50301371 -0.79948706
0.48638035 0.46078189 -0.74237066
0.36816913 0.5134992 -0.77509359
0.072271698 0.68233279 -0.72746049
-0.18749064 0.41182087 -0.89176837
0.037709595 0.58784051 -0.80809747
0.43740188 0.49554198 -0.75041172
0.58652471 0.28008622 -0.75996084
0.61765378 0.4793392 -0.62348836
0.24882205 0.36114516 -0.89870004
0.57791741 -0.12464226 -0.80652078
0.41924717 0.12007679 -0.89989631
-0.25930934 -0.039105293 -0.9650023
-0.0012386574 -0.42823147 -0.90366823
-0.44673657 -0.057686584 -0.89280384
0.036663229 0.19233972 -0.98064328
0.12300301 0.23315254 -0.96462954
-0.15331366 0.30696702 -0.93929025
-0.3347518 0.36542882 -0.86856376
-0.29234983 0.60778474 -0.73832871
-0.32297472 0.8207058 0.47130598
0.039465097 -0.99832625 0.042275455
0.17127132 0.028545266 -0.98481029
0.5579625 -0.34444074 -0.75500889
0.52640987 0.26676434 -0.80729761
0.22491148 -0.47055755 -0.85322354
0.23428908 -0.95257017 -0.19421302
0.24978534 -0.78302164 -0.56963532
0.5721618 -0.28811941 -0.76786592
0.62104401 -0.78312174 -0.032010569
0.22937739 -0.67527137 -0.70099543
-0.028793685 -0.84932956 -0.52707706
0.54059123 -0.60855893 -0.58087619
-0.19561041 -0.57854039 -0.79185073
-0.64422801 -0.44005977 -0.62555389
-0.17499917 -0.70033577 -0.6920297
-0.46532502 -0.74022966 -0.48531709
-0.30209831 -0.79362543 -0.52810538
-0.29999773 -0.8461475 -0.4404949
-0.60457397 -0.78262849 -0.14826653
-0.73304792 -0.62124982 -0.27692853
0.1892342 -0.88949973 -0.41590943
0.49698322 -0.83145382 -0.2483792
-0.058814904 -0.71754837 -0.694021
-0.53482829 -0.76397623 -0.36096956
-0.11476084 -0.92919925 -0.35130999
-0.22377173 -0.92935034 -0.29365652
-0.35567738 -0.93421829 0.027014577
-0.012444291 -0.96788599 0.25108138
0.5751021 -0.78787478 0.22025193
0.75843992 -0.617731 0.20779149
0.94267811 -0.33131995 -0.039812996
0.48728877 -0.84754503 0.21027859
0.77038106 -0.59270362 0.23497966
0.60897761 -0.77480833 -0.16975959
0.78030036 -0.54386297 -0.30877892
0.93992202 0.036365031 -0.33944686
0.91508082 -0.33923694 -0.21804908
0.97767937 -0.034868118 -0.20718895
0.85288193 -0.40743257 -0.32648296
0.8973308 -0.13895697 -0.41891335
0.83655295 0.036712003 -0.54665473
0.90311927 -0.29842165 -0.30873954
0.78033443 -0.59571751 -0.19025987
0.73338314 -0.65084012 -0.1963576
0.98401739 -0.027784509 -0.17589143
0.93915383 -0.3274826 -0.1036592
0.86485806 0.043151852 -0.50015844
0.67307247 -0.11475517 -0.73061939
0.83964362 -0.3030378 -0.45074016
0.85592965 -0.16189872 -0.49109392
0.55020263 -0.17188896 -0.81714824
0.52368578 -0.056526191 -0.85003412
0.74194903 -0.059512221 -0.6678098
0.493527 0.31767448 -0.80963821
0.69525738 0.37652096 -0.61224925
0.32084726 0.13232701 -0.93784146
0.22340004 0.21697885 -0.95026975
0.28630871 -0.037201841 -0.95741493
0.69289819 0.034532204 -0.72020804
0.35355617 -0.065110881 -0.93314447
0.13064117 0.15978483 -0.97846906
0.33929433 0.41174647 -0.84578023
0.68351481 0.34765617 -0.64182762
0.7471587 0.46816138 -0.47178258
0.76040942 0.31304399 -0.56901755
0.32084398 0.67563864 -0.66375566
0.5453034 0.61096047 -0.57390898
0.4838123 0.82062311 -0.30414366
0.47899251 0.63843035 -0.60247229
0.57407488 0.72177182 -0.38663094
0.63013183 0.58729191 -0.50795875
0.81857928 0.57439194 0.0013636987
0.75520577 0.62738594 0.18987134
-0.044459691 0.91707953 0.39621771
0.324794 0.92946299 -0.17494974
0.71065748 0.6692162 0.21706131
0.7344074 0.31628337 0.60050862
0.21353735 -0.031468526 0.97642794
0.84494987 0.065792417 0.53078346
0.81706416 0.45391296 0.35548444
0.59696081 0.6991434 0.39349244
0.65376606 0.71333259 0.25248081
0.77392372 0.36688719 0.51617426
0.81648128 0.54871181 0.17964873
0.60583663 0.46580218 0.64497311
0.55765818 0.70897137 0.43171397
0.44528273 0.77778267 0.443596
0.36315252 0.88734451 0.28414781
0.37517603 0.80402862 0.46128183
0.60299766 0.61926754 0.50289316
0.5884089 0.64245558 0.49094378
0.42545714 0.27489698 0.86221684
0.56290571 0.40625102 0.71978974
0.40507268 0.86372089 -0.2998372
0.44322394 0.80978373 0.38445137
0.15061251 0.91130157 -0.38320402
0.2267646 0.95902518 -0.1698485
0.3974251 0.91340599 0.087993133
0.40353554 0.9001946 -0.16373379
0.30702325 0.93688104 0.16730405
0.2414825 0.96211467 0.12657632
0.69500159 0.64513523 -0.31744816
0.34859569 0.87880172 -0.32586588
0.24517412 0.9694295 -0.0098024658
0.25074585 0.96580225 -0.065973749
0.37365107 0.79703236 -0.47447264
0.74032368 0.40084152 0.53967298
0.79046176 0.48857563 0.36941043
0.43934281 0.72918672 0.52465668
0.89628475 0.0041747005 0.44345937
0.72495171 0.17066052 0.66732301
0.71955486 -0.37542517 0.58420608
0.68407897 -0.23933754 0.68902359
0.28822834 0.27564804 0.91702922
0.79986454 0.24583573 0.54752307
0.94715667 0.21642216 0.23676082
0.82559222 0.29738853 0.47953889
0.73698164 0.42077636 0.52896628
0.78425723 0.32035495 0.53133163
0.70288399 0.10000823 0.70423891
0.51085159 0.39361897 0.76426092
0.68020316 -0.044395582 0.731678
0.42977451 0.057669168 0.90109275
0.30563666 0.19051713 0.93289306
0.4102322 0.26931744 0.87130802
-0.7642722 -0.37860901 0.52205672
0.1033921 -0.81722598 0.56696717
0.045032995 -0.97413362 0.22144011
0.34273679 -0.93893608 0.030504746
-0.08304409 -0.96232751 0.25890046
0.55888597 -0.79323717 0.24170492
0.69853994 -0.70386684 0.12889309
0.77054868 -0.58463947 0.25387285
0.62559799 -0.73925053 0.24927057
0.89639149 -0.38759339 -0.21506664
0.98385033 -0.17835668 0.015080672
0.98538451 -0.15776964 -0.06423472
0.98624988 0.16348703 0.024148629
0.97889598 0.078937974 -0.18849789
0.96186389 0.10096422 -0.25421266
0.9761776 0.092679962 -0.19618289
0.81091033 0.5167501 -0.27457928
0.82676214 0.56253948 0.0037010135
0.962449 0.19915127 -0.18447411
0.89086148 0.29312006 -0.34705396
0.98346779 0.1265178 -0.12955448
0.99907326 0.033871924 0.026557716
0.99063911 -0.04191736 -0.12991188
0.83253683 0.45524667 0.31564681
0.50674523 0.84833425 -0.15342191
0.76951178 0.61817608 0.1603432
0.98389966 0.14004174 -0.11103946
0.95145126 0.19315202 0.23965139
0.16749517 0.7629337 0.62440174
0.10223342 0.45836004 0.88286715
-0.011190984 0.54912313 0.83566653
-0.0015813173 0.3757099 0.92673598
-0.12872879 0.359038 0.92440284
-0.59718075 0.27421282 0.7537788
-0.31158159 0.61722875 0.72245802
-0.051665264 0.41061438 0.91034418
-0.087205446 0.62993988 0.77173244
-0.22350664 0.41505152 0.88191667
-0.27670971 0.42545442 0.86163813
0.24892913 0.022023673 0.96827127
-0.44319165 0.61800648 0.64934517
-0.010679109 0.51115457 0.85942246
-0.31047681 0.50715384 0.80398951
-0.46256859 0.26588742 0.84577431
0.12923685 -0.36277674 0.922871
-0.3212374 0.040577006 0.94612897
0.39385262 -0.12804471 0.91021133
0.22270571 -0.8433462 0.48904943
-0.49104434 -0.32781403 0.80710187
-0.97536736 -0.20604388 0.078768165
-0.78044163 -0.43800733 0.4461619
-0.50082725 0.82582422 -0.25920345
-0.72969659 -0.62522944 0.2768231
-0.19827314 -0.68332213 0.70267961
0.60831102 0.12366928 -0.78400486
0.59966137 -0.029790208 -0.79969919
0.63131339 0.4532509 -0.62929089
0.014157983 0.1878781 -0.98209031
0.4255639 0.036057343 -0.90420973
0.58454436 0.4384368 -0.6827013
0.563502 0.82536305 0.035232485
0.061735626 0.9815957 -0.18071691
0.69759318 0.6494324 -0.30265708
0.25546297 0.96224019 -0.093981358
0.32511036 0.90900009 -0.26081044
0.35818618 0.80203491 -0.47795675
0.14285429 0.80622049 -0.57410902
-0.021864703 0.69966843 -0.71413306
0.42799401 0.63681622 -0.64131602
0.24534079 0.75320711 -0.61031709
0.53492895 0.57173314 -0.62207093
0.36309881 0.80540727 -0.4684852
0.24462114 0.88687697 -0.39193078
-0.0063503708 0.97206345 -0.23463229
0.051154306 0.84138279 -0.53801324
0.18967465 0.76694349 -0.61304258
0.46185179 0.79924646 -0.38457512
-0.056352703 0.88855699 -0.45529205
-0.035527987 0.98174396 -0.18685972
-0.098253243 0.93425185 -0.34281158
0.33009583 0.90244364 -0.27682526
0.14127301 0.69677342 -0.70324159
0.061362209 0.89895822 -0.43371511
0.3235979 0.81057645 -0.48810882
0.40782718 0.63796973 -0.65320105
0.53183712 0.6648248 -0.52455434
0.78653911 0.61505393 -0.055361369
0.35574059 0.91073689 -0.20977834
-0.10014586 0.99421543 -0.038813535
0.30101325 0.94860772 0.097644307
0.60723532 0.62802695 -0.48666972
0.74390459 0.37867367 -0.55064709
0.6720587 0.61661203 -0.41003257
0.49845433 0.84639964 -0.18748581
0.36749476 0.88601075 -0.28272344
0.44480952 0.62590238 -0.64061743
0.51207695 0.41444554 -0.75233775
0.56588577 0.57458091 -0.59129525
0.71479641 0.55937169 -0.4197254
0.50992149 0.62619882 -0.58979243
0.6885867 0.45708831 -0.56295526
0.44948138 0.57985361 -0.67951179
0.81304745 0.2853868 -0.50745268
0.74914016 0.46024418 -0.47640772
0.52554686 0.65904117 -0.53801974
0.68942569 0.56533836 -0.45286285
0.34662681 -0.22049871 -0.91171825
0.37027474 0.68103177 -0.63173757
0.7826611 0.40343043 -0.47401001
0.75518862 0.34047646 -0.56014813
0.82854824 0.4413623 -0.34453901
0.99367204 0.089883475 -0.067355981
0.7203051 0.67853773 -0.14403857
0.50059389 0.82943642 -0.24787291
0.093165881 0.97327269 -0.20990568
0.058116171 0.95986055 -0.27439068
0.036558777 0.98800185 0.15005265
-0.089513073 0.99509845 0.042029674
-0.42036726 0.90585351 0.052161111
-0.031852738 0.98394893 -0.1755845
0.58208896 0.67465809 -0.45388203
0.056126145 0.79252983 -0.60724486
-0.44191572 0.89702324 -0.007732952
-0.73998849 0.59539127 -0.31293174
-0.96603963 -0.2583712 0.003428463
-0.9606388 -0.21515481 -0.17573132
-0.98029018 0.1961027 -0.023977036
-0.87892935 0.44734288 0.1654314
-0.69446639 -0.4743654 0.54101192
-0.8284969 -0.14715199 0.54031397
-0.8323497 -0.05860844 0.55114338
-0.89380367 0.098102751 0.43759668
-0.722028 -0.39457133 0.56832125
-0.56059774 -0.60906049 0.56104857
-0.8725694 -0.25082613 0.41917645
-0.82067396 -0.23286257 0.52179429
-0.75638322 0.23941296 0.60874121
-0.56609443 -0.71683929 0.40703626
-0.57287317 -0.76286045 0.29976701
-0.76521097 -0.62025606 0.17243718
-0.38241064 -0.92270548 0.048751414
-0.65340025 -0.75695257 0.0095358581
-0.81603348 -0.57491424 -0.059690594
-0.42915474 -0.50632087 0.74797419
-0.19400793 -0.67591608 0.71098409
-0.18098501 -0.81363333 0.55249003
-0.61487926 -0.71562913 0.33135848
-0.46362924 -0.83641161 0.2923415
-0.89487259 -0.36692968 0.25409773
-0.64771642 -0.53313252 0.54427305
0.055833194 -0.88436659 0.46344189
-0.57149242 -0.77068576 -0.2818508
0.37025217 -0.5789444 -0.72645489
-0.023384886 -0.75506736 -0.65523006
-0.22789243 -0.87358769 -0.43001115
-0.12868595 -0.86608459 -0.48305012
0.1581017 -0.89599048 -0.41497579
-0.041611975 -0.99734666 -0.059733442
-0.25649049 -0.88875013 0.37991556
-0.26098455 -0.082217567 -0.9618354
-0.1751005 0.71075073 -0.68130258
-0.012424939 0.98742993 0.15756828
0.035054532 0.99764525 0.058950213
-0.22170778 0.97497166 0.01661104
-0.091121181 0.99173441 -0.090331557
-0.47162931 0.7898361 -0.39207746
-0.3949547 -0.31176428 -0.8641839
0.24341307 -0.86104805 -0.44648219
0.25423432 -0.71754544 -0.64845467
0.44967391 -0.7054156 -0.54788886
0.44755842 -0.73930648 -0.50310773
0.39733751 -0.8781633 -0.26636838
0.50192877 -0.67803588 -0.53696821
0.31610359 -0.88015849 -0.35411798
0.52150093 -0.802882 -0.2888205
0.52311559 -0.77489406 -0.35480879
0.53400907 -0.75145444 -0.38749263
0.48330156 -0.86591535 -0.12888057
0.13528434 -0.62095184 -0.77208611
-0.23734872 -0.13875426 -0.96146391
0.21872576 -0.35112978 -0.91042129
-0.053119918 -0.20615249 -0.97707698
0.23815022 -0.11282491 -0.96465279
0.13714732 -0.5221314 -0.84176566
-0.011582105 -0.42855567 -0.90344114
-0.60569369 0.12510574 -0.78580132
-0.29042648 -0.33579178 -0.89604483
-0.52669961 -0.27528783 -0.80424134
-0.76739806 -0.25235032 -0.58942305
-0.52174809 -0.10822854 -0.84620654
-0.22971765 0.069231852 -0.97079182
-0.77748271 -0.10043664 -0.62083259
-0.10269021 0.70836012 -0.69834136
0.23805699 0.23479555 -0.94244359
0.1397312 0.144412 -0.97960215
0.46107941 -0.1724997 -0.87043071
-0.17854038 -0.54581435 -0.81866356
0.49049773 -0.72966713 -0.47644292
0.40413614 -0.48867545 -0.77322072
0.54714278 -0.63267591 -0.54804741
0.34764527 -0.47588562 -0.80788344
0.62809845 -0.16123788 -0.76124548
0.68791231 -0.49699978 -0.52893087
0.27661982 -0.91130449 0.3049682
0.14706247 -0.94204361 -0.30154015
0.075334433 -0.77217712 -0.63092568
0.83762858 -0.40958516 -0.36141162
0.26186541 -0.75315794 -0.60347297
0.22049543 -0.63701073 -0.7386468
0.061589672 -0.5739311 -0.81658423
0.42019941 -0.77163906 -0.47749934
0.14443852 -0.71995966 -0.67881927
0.59603688 -0.52039202 -0.61149994
0.43944655 -0.49146447 -0.75189721
0.35351945 -0.80633191 -0.47418652
0.60631426 -0.35720379 -0.71048468
0.48881846 -0.73390486 -0.47163562
0.24172601 -0.91658693 -0.31849167
0.24009796 -0.8984661 -0.36757536
0.33740958 -0.83736105 -0.43009447
0.22850451 -0.87602761 -0.42468966
0.48539864 -0.77921366 0.39650249
0.36790997 -0.7505048 0.54898524
0.44129017 -0.82398124 0.35541229
0.13542175 -0.93486066 0.32817145
0.64954456 -0.75891007 -0.046339724
0.21222299 -0.95871735 0.18926818
0.21927768 -0.8143952 0.5372874
0.40832079 -0.90461845 0.12222758
0.49763646 -0.75733209 0.42285465
0.28062824 -0.60149047 0.74796859
0.50481044 -0.54199723 0.67186712
0.44608285 -0.86365619 0.23475108
0.33921427 -0.68906386 0.64040977
0.16320498 -0.69055097 0.70463004
0.082599635 -0.73413007 0.67396613
0.005320819 -0.62781776 0.77834218
0.074357457 -0.56334598 0.82286833
0.074366367 -0.69829296 0.71193861
0.81408761 -0.57592799 0.07462117
0.65391966 -0.75592556 0.031074551
0.44779178 -0.7047622 0.55026608
0.37774954 -0.75935213 0.52980149
-0.38877806 -0.53938144 0.74693995
-0.3237213 -0.76491615 0.55687324
-0.62961694 -0.59369673 0.50110547
-0.3744251 -0.46353162 0.80308423
-0.80559028 -0.35508376 0.47427822
-0.7476904 -0.29150721 0.59664278
-0.23247861 -0.59367349 0.77039307
0.22990915 -0.62988207 0.74188299
-0.53593949 -0.36838813 0.75964403
-0.64171375 -0.54584425 0.53875552
-0.47403699 -0.094943299 0.87537118
-0.3233487 -0.094556561 0.94154377
-0.87070054 -0.24278478 0.42771032
-0.42028469 -0.6970313 0.58095452
-0.83631746 -0.41259678 0.36102217
-0.91789895 -0.090841408 0.38627627
-0.80913068 0.56466166 -0.16267988
-0.673102 0.71279535 0.19712049
-0.92574871 0.030440421 0.37691207
-0.19767111 0.8557162 0.4782007
-0.19363795 0.70827137 0.67886377
-0.38490422 0.66069991 0.64445665
-0.29421684 0.46756481 0.8335584
-0.19176974 -0.055529505 0.97986777
-0.17023307 -0.50991679 0.84321146
0.26547737 -0.64126611 0.71993024
0.37111198 -0.7247334 0.58054921
0.16273089 -0.5857878 0.79395926
0.36818176 -0.7866263 0.49564226
0.74038354 -0.42785139 0.51843553
0.81336711 0.047420371 0.57981485
0.55234585 -0.64107968 0.53285166
0.12947514 -0.89957388 0.4171367
0.20927972 -0.74245935 0.63636162
0.48364071 -0.83604979 0.25906063
0.22959608 -0.85681149 0.46169223
0.34881669 -0.87080287 0.34645242
0.64865908 -0.75995388 0.041370275
0.58306867 -0.73236244 0.35167623
0.56892019 -0.81607887 -0.10171087
0.41786577 -0.74207262 0.52413397
0.81283282 -0.5743924 0.096830717
0.62308517 -0.77750513 0.085150659
0.80590341 -0.5879236 0.069753475
0.41825147 -0.86953159 -0.26264143
0.45823548 -0.75266534 -0.47277386
0.73774476 -0.52644969 -0.42259128
0.67729446 -0.68238687 -0.27499159
0.012290381 -0.99326211 0.11523598
0.54371486 -0.8204185 -0.17688312
0.56656551 -0.70224715 -0.4311061
0.060331557 -0.94131034 -0.33210683
0.3286351 -0.90481751 -0.27074757
0.40423184 -0.91276134 -0.058850284
0.50877739 -0.86008172 0.037483272
0.44871055 -0.83964867 -0.30602115
0.36053979 -0.85547784 -0.37171055
-0.0023704523 -0.98917158 -0.14674457
-0.30426754 -0.94936004 0.078337644
-0.43662154 -0.89855417 0.044294856
0.052547225 -0.97720765 -0.20567936
-0.08738523 -0.95063391 0.29775659
-0.090626519 -0.92594633 0.36661999
-0.06974155 -0.98906176 0.12997289
0.13561223 -0.99074858 -0.0051548624
-0.096022413 -0.99456641 0.040216435
-0.27837423 -0.88042977 0.38386353
-0.099798281 -0.99125441 0.086342366
0.1874771 -0.93405706 0.30395681
-0.23016459 -0.97180665 0.051147706
-0.027983245 -0.99889217 -0.037833401
-0.17833015 -0.90711895 0.3812264
0.52924331 -0.84735572 0.04347192
-0.36903361 -0.83643072 0.40521333
0.084705926 -0.93233371 0.35153771
-0.019883431 -0.99428495 -0.10489087
0.20894653 -0.9303108 0.30143518
0.29493331 -0.78563168 -0.54387241
0.20167883 -0.97648331 -0.076197108
0.35971934 -0.9224369 0.14039999
0.085397683 -0.9963433 -0.0026968298
-0.58152527 -0.79282506 0.18236444
-0.10433224 -0.92159971 0.3738566
0.12406103 -0.93242782 -0.33939242
-0.018771439 -0.98915434 -0.1456754
-0.30493245 -0.88957427 0.34010853
-0.30486857 -0.94969468 -0.071660048
-0.42314777 -0.81977219 0.38590091
-0.17810464 -0.850517 0.49487329
-0.29905507 -0.90336677 0.30739965
-0.24604479 -0.9088543 0.33681719
-0.20279648 -0.87107267 0.44733208
0.30555953 -0.90238325 -0.30387143
-0.42619971 -0.89312812 -0.14379143
-0.40966407 -0.87804467 -0.24741241
-0.14258349 -0.97378181 0.17725388
0.064070185 -0.99792027 0.0070813527
0.39365997 -0.75580138 -0.52325529
-0.081041824 -0.93607877 -0.34232843
0.15303392 -0.8885266 -0.43255185
-0.32043257 -0.94587547 -0.051405801
-0.45089071 -0.87810954 -0.16006623
-0.51066517 -0.71730572 -0.47401856
-0.99307099 -0.037058949 0.11151966
-0.83820428 -0.023884009 0.54483313
-0.83090307 0.10425715 0.54656247
-0.80900201 -0.47463869 0.34674754
-0.91487007 -0.40266136 -0.029606979
-0.37017341 -0.84818608 -0.37888259
-0.7830779 -0.61705608 -0.077658131
-0.56602809 -0.74957311 -0.34315062
-0.85479482 -0.51231855 0.082798042
-0.94285816 -0.28377933 0.1746075
-0.86138163 -0.4064211 0.30470243
-0.47548302 -0.83730159 -0.26989247
-0.89281305 -0.44244643 0.0844157
-0.85560152 -0.4688079 -0.21946569
-0.90377581 -0.42789133 0.0099144967
-0.80347725 -0.59522616 -0.011407583
-0.55759228 -0.82042151 0.12648873
-0.88779587 0.13961576 0.4385498
-0.96277886 0.13310127 0.23524649
-0.67212003 0.53226729 0.51472924
-0.93121806 0.35734173 0.071692476
-0.82779859 -0.55869657 0.051065068
-0.69466224 -0.67875193 0.23820201
-0.84987401 -0.49999946 0.16647733
-0.91101831 -0.056945789 0.408415
-0.65197564 -0.65286877 0.3856036
-0.62375512 -0.48728361 0.61113357
0.13209362 -0.55584735 0.82072224
-0.12266455 -0.38372016 0.91526622
-0.87870921 -0.34076495 0.33428936
-0.43390455 -0.20152338 0.87813164
-0.29804171 -0.34142653 0.89140286
-0.12850586 -0.20182688 0.97095425
-0.48890466 -0.67434274 0.55338423
-0.29215979 -0.88361454 0.36587976
-0.5227358 -0.84699839 0.096648875
0.065580698 -0.93774072 0.34108871
-0.3362017 -0.91886178 0.20654647
-0.45813463 -0.88201699 -0.11026647
-0.50563734 -0.8510681 0.14147077
-0.21372284 -0.9720295 -0.097371421
-0.72093422 -0.47705718 0.50266321
-0.21332902 -0.67454419 0.7067396
-0.73876661 -0.360785 0.56926099
-0.68498897 -0.65706238 0.31473663
-0.0055305563 -0.48491563 0.87454345
0.54247155 -0.16892599 0.82291471
0.077332035 -0.33171763 0.94020379
-0.08148973 -0.67964998 0.72899611
0.35148395 -0.52999285 0.77172962
-0.54516438 -0.41565745 0.72802794
0.65500364 -0.3948291 0.64426719
-0.055432225 -0.29255125 0.95464183
0.19921538 -0.77011457 0.60600064
0.33983507 -0.66127928 0.66874646
0.23749806 -0.66062578 0.71215746
0.15761948 -0.7371496 0.65708947
0.38809122 -0.54736593 0.74146864
0.94899074 -0.2142877 0.23129496
0.96913903 -0.22297218 0.105133
0.84557181 -0.21246668 0.4897614
0.59189353 -0.57384201 0.56601007
0.70754372 -0.51728106 0.4814584
0.816036 -0.064765016 0.57436115
0.85062399 0.099665102 0.5162419
0.79305379 -0.39535238 0.4634244
0.60816701 -0.73739117 0.29391689
0.86578253 -0.4541578 -0.21014592
0.56413539 -0.81059061 0.15714365
0.50269226 -0.86360014 0.038669027
0.082593806 -0.98153675 0.1725221
0.58014451 -0.70065844 -0.41534334
0.46947802 0.52581967 0.7092983
0.24021132 -0.1885434 0.95223417
-0.13345434 -0.18859968 0.97294404
-0.161305 -0.10666802 0.98112315
-0.50494007 -0.21148841 0.83684418
-0.65371615 0.15613715 0.74045688
-0.42671644 -0.13607913 0.89408923
-0.49892617 -0.058907808 0.86464012
-0.42673324 -0.036109102 0.90365639
-0.023561539 -0.5175649 0.85531949
0.065561176 -0.036081631 0.99719599
0.12816422 0.68365383 0.7184646
-0.37919363 0.50525581 0.77519595
-0.26037181 0.95926418 0.1096301
-0.56557476 0.82394757 0.035150959
-0.48538501 0.87355553 0.036084935
-0.40439971 0.90483804 -0.1331503
-0.4373447 0.82671025 0.35394883
-0.61755618 0.74698153 -0.24625791
-0.49694558 0.8262081 -0.2653776
-0.57713482 0.81180013 -0.08885918
-0.24088033 0.78325682 0.57313648
-0.3044649 0.9410318 -0.14751366
0.11421091 0.73262162 -0.67098542
0.072996427 0.83135919 -0.55092052
-0.15322418 0.74305182 -0.65145709
-0.32078588 0.77200468 -0.54873053
-0.0513733 0.79938836 -0.59861426
-0.43963237 0.88554745 -0.15009692
-0.32111064 0.93852987 0.12668716
-0.33733732 0.93557387 -0.10442732
-0.69855417 0.54539528 -0.46321275
-0.6424729 0.39286735 0.65793907
-0.36430063 0.73772888 0.56836708
-0.63645006 0.3090534 0.70669464
-0.25633272 0.90702277 0.33407069
0.37767953 0.62573735 -0.68250344
0.37408808 0.56503723 -0.73538496
0.16580545 0.71334844 -0.68091303
-0.14777039 0.69719584 -0.70148548
-0.19377357 0.67347574 -0.71335982
-0.095951382 0.85835612 -0.50400208
0.89069181 -0.18118625 -0.41694082
0.11816926 0.9277262 0.35406232
0.16693349 0.79765982 0.57954467
0.44238156 0.51068302 0.73722547
0.0053536483 0.71479921 0.69930925
-0.034240086 0.45728217 0.88866227
0.20588853 0.24344557 0.9478102
-0.054988035 0.1579323 0.9859177
-0.12000014 0.36880487 0.92172823
-0.15283662 0.35454222 0.92246451
-0.50471237 0.09049092 0.85853178
-0.2729324 0.32137789 0.90676577
-0.3315881 0.22333029 0.91660946
-0.09778854 0.47807796 0.87285673
-0.26557058 -0.040665836 0.96323339
-0.49141376 -0.51465454 0.70259749
-0.23617016 -0.4163296 0.87800531
-0.55295093 -0.47741079 0.68287934
-0.31601629 -0.22335965 0.92208686
-0.4543323 0.12120001 0.88254899
-0.61131059 -0.56449281 0.55465956
-0.20414352 -0.68736758 0.69703029
-0.67701859 -0.34961745 0.64762139
-0.41985898 -0.012466753 0.90750373
-0.65371205 -0.63791553 0.40709253
-0.57379809 -0.81720037 0.054215439
-0.91787289 -0.20169184 0.34180369
-0.31623346 -0.69591572 0.64474624
-0.42165239 -0.70275391 0.57301501
-0.23164372 -0.7452683 0.62523303
-0.53451823 -0.75828854 0.37321409
-0.17609218 -0.098206463 0.97946263
-0.2325807 -0.88828142 0.3960585
-0.38220232 -0.88864297 0.25344637
0.4108487 -0.83187123 0.37308659
0.35099668 -0.93452994 0.058780235
-0.12799361 -0.93734719 -0.32403376
0.17518902 -0.97057528 -0.16520423
0.3685762 -0.92262192 -0.11366786
-0.01490861 -0.97585041 0.21793051
-0.030574303 -0.98411687 0.1748691
0.21405746 -0.89908375 0.38187407
0.28516867 -0.83229508 0.47535642
0.22668256 -0.9656218 -0.12723821
-0.02943259 -0.99912329 0.029772188
0.18137811 -0.97659087 0.11563848
0.21069919 -0.92159714 -0.32598245
0.42455835 -0.87874167 -0.2180901
0.053200719 -0.99499231 -0.084616667
0.38556329 -0.57739158 -0.71969432
0.3378711 -0.86470885 0.37164731
-0.024371618 -0.99912286 -0.034051909
0.27534105 -0.91444594 -0.29660737
0.56267158 -0.79770241 -0.21695981
0.20578011 -0.97315027 -0.10311694
0.23859654 -0.81097787 0.53421585
-0.21924784 0.85669074 0.46691686
0.37740131 0.40834719 0.83115631
0.099087401 0.89790744 0.42888682
-0.024048585 0.81539914 0.57839943
0.18940616 0.13073641 0.97315636
0.1443694 0.45218646 0.88016185
-0.092010451 0.6078614 0.78869424
0.48497434 -0.099280959 0.86887466
0.1309089 0.22696885 0.96506373
0.23648427 0.69091406 0.68316392
0.12246232 0.45004479 0.8845692
0.08745058 0.078270259 0.9930892
0.14544475 0.063887747 0.98730146
0.55299803 0.10152323 0.82697413
0.73088326 0.4452767 0.51724108
0.98997024 0.022452872 0.1394804
0.82600578 0.55940582 0.069134463
0.93685889 0.34661056 0.046438567
0.93740141 0.050405117 0.34458369
0.80761021 0.53086033 0.25681329
0.85597843 0.51604328 0.03162688
0.98384036 0.16884475 0.059578507
0.71348419 0.61646888 0.33302618
0.92607316 0.34982688 -0.14145551
0.96496792 0.26107704 -0.025993998
0.99645166 0.027829189 -0.079433177
0.9614665 -0.27418868 0.020068073
0.959086 -0.28107236 -0.033946506
0.99381637 -0.071438146 0.085003617
0.93041892 -0.35069728 0.10645206
0.99080133 -0.10299848 -0.087772614
0.90540673 0.31685912 0.28255786
0.97740674 0.17009157 0.12547878
0.53298975 0.84088432 -0.093997275
0.64110496 0.74953081 -0.16488784
0.53078245 0.84359265 -0.081372185
0.64602198 0.63814832 -0.41883448
0.83325673 0.55179417 -0.034733487
-0.12160722 -0.58531758 -0.80163272
0.6881283 -0.028387656 -0.7250335
0.59177129 0.80345547 -0.065314974
0.42377284 0.90433933 0.050862162
0.37252957 0.92346096 -0.091878035
0.60126914 0.44126895 -0.66615098
0.43876734 0.88269474 -0.16832473
0.31712674 0.93095632 0.18097228
0.60104019 0.6839077 0.4135468
0.021970697 0.97145744 -0.23619425
0.21323767 0.97491785 0.063756411
0.20724627 0.97057868 0.12258064
-0.44291969 0.89656111 -0.00056475203
-0.13557157 0.97411756 -0.18087377
0.5047201 0.74288074 -0.43975655
-0.16741485 0.83480442 0.52447483
-0.027603995 0.82678036 0.56184718
0.23263959 0.96870961 -0.086490013
-0.019156556 0.83994786 0.54232889
0.24419188 0.9111943 0.33180608
0.058054307 0.79953749 0.59780389
0.30019134 0.84895029 0.43493513
0.42960311 0.86440365 0.26124222
0.1074416 0.90289347 0.41622072
-0.091510537 0.85047426 0.51799552
0.14584436 0.61182853 0.77742863
0.2997473 0.88652487 0.35245597
0.35039002 0.89517906 0.27546558
0.71736696 0.69643562 0.019028343
0.42737319 0.84928465 0.30994797
0.28292632 0.87054281 0.40262626
0.10087355 0.97937133 0.17508949
0.8644213 0.44895007 0.2263176
0.38864883 0.91533186 0.10544982
0.47421822 0.87899818 -0.049792308
0.25388371 0.94926888 0.18555767
0.19602351 0.95854186 0.2068146
0.054659801 0.94561265 0.32066965
-0.37740246 0.75525862 0.53586547
0.27789737 0.95651979 0.088560414
0.30271298 0.90972152 0.28420348
-0.18157259 0.93239954 0.31250999
-0.40075501 0.7318567 0.55116349
-0.044518532 0.91843611 0.39305625
-0.011770053 0.93119983 0.364319
-0.34639159 0.89514956 0.28057107
-0.12993663 0.98580093 0.10636262
-0.10737878 0.98029138 0.16582705
0.24689294 0.92480325 0.28945263
0.2254844 0.80794392 0.54441107
-0.071631591 0.89617895 0.43787237
0.29021583 0.84177032 0.45518952
0.23647373 0.76814797 0.59500325
0.085152465 0.86098447 0.50145269
0.19834185 0.7569985 0.62258636
0.57187705 0.71161863 0.40811219
0.1646723 0.6372394 0.75286717
-0.11243702 0.78570284 0.60830006
-0.17256918 0.8196714 0.54622218
0.41019774 0.74633273 0.52414242
0.5380957 0.72251876 0.43407334
0.30469769 0.8736869 0.37924995
0.48905316 0.78195089 0.38649685
0.53171051 0.77076512 0.35100579
0.76696495 0.60045448 0.22631657
0.38453608 0.68316224 0.62082313
0.3102324 0.55535274 0.77158226
0.14452984 0.3509031 0.92519087
-0.15690688 0.77131907 0.61680396
0.63525085 0.23292523 0.7363438
0.84560684 -0.10604098 0.52316764
0.58588492 -0.12369931 0.80089784
0.9919424 0.031441353 -0.12272621
0.96838065 -0.03494655 -0.24701752
0.81023288 0.46571122 0.35585914
0.96810561 0.21165393 0.1340677
0.98670023 0.15075513 0.060791008
0.90534843 0.35159335 0.23817292
0.91333337 0.3676441 -0.1750999
0.52512129 0.56836797 -0.63340783
0.70595119 0.31007133 -0.63677994
0.38522404 0.33169554 -0.86115069
0.88195722 0.38815568 0.26736985
0.67954619 0.2338908 0.69535033
0.67149009 0.5734167 0.46935524
0.85356632 0.39709243 0.33725678
0.62313115 0.42826183 0.65444585
0.86118815 0.2501325 0.44248017
0.77965015 0.33628065 0.52826222
0.97791504 0.087758316 0.18968565
0.98048508 0.18226628 0.073675015
0.76423197 0.60018283 0.23607216
0.87686025 0.29071169 -0.38288746
0.95280805 0.26474531 -0.14854877
0.99062999 -0.039759524 0.1306576
0.85650644 -0.11341112 -0.50352223
0.97660923 -0.024092449 -0.21366791
0.87186737 0.47304397 -0.12679389
0.9921837 -0.067342538 0.10505471
0.92670393 0.35351535 -0.12746259
0.98190944 -0.034079491 -0.18625906
0.9973163 0.044708681 0.057976971
0.92191761 -0.34202579 -0.18189634
0.99911283 -0.0056865594 -0.04172794
0.79920796 0.60075956 -0.018830766
0.98307198 0.14134753 0.11657773
0.59046473 -0.80649888 -0.0301821
0.62367212 -0.73401066 0.26881487
0.61277501 -0.77481094 0.15548244
0.82862642 -0.51044459 0.22983599
-0.25507366 -0.72291585 0.64212935
-0.6988563 -0.54966356 0.45767875
-0.56066064 -0.58152146 0.58948489
-0.48669189 -0.35217698 0.79943879
-0.56989659 -0.60950334 0.55111119
-0.48441663 -0.64273894 0.59348731
-0.82870421 -0.39755778 0.39395068
-0.42478091 -0.73993764 0.52158745
0.035418323 -0.95542788 0.29309232
-0.89519301 -0.43947681 -0.074091855
-0.28674363 -0.92598572 0.24561869
-0.55549091 -0.62366127 0.54997861
-0.42738866 -0.66751529 0.60972311
-0.30203024 -0.5809669 0.75581426
-0.37087061 -0.81961807 0.4366706
-0.19363351 -0.73037912 0.65502092
-0.20844714 -0.72499557 0.65645351
-0.25371396 -0.74301999 0.61931456
-0.64329191 -0.75139624 0.14689863
-0.72838389 -0.66829173 0.15113921
-0.67837383 -0.67893743 -0.2808076
-0.39681815 -0.68960484 0.60578917
-0.13392626 -0.97277719 0.18912508
-0.28065269 -0.94911537 0.14287785
-0.18341395 -0.88653743 0.42474781
-0.52666054 -0.60215487 0.60003182
-0.10738072 -0.90908346 0.40253776
-0.43031979 -0.58060491 0.69117495
-0.32719898 -0.89365118 0.30712929
0.13435519 -0.83929832 0.52680832
0.046983512 -0.81085569 0.58335718
-0.098478502 -0.49376388 0.86400186
0.87887745 0.44516908 0.17146112
0.69716665 0.45277407 0.55583658
0.87838963 0.42636564 0.21597223
0.78329037 0.50244401 0.3660686
0.18279031 0.93629114 0.29991098
0.964504 0.19789613 -0.17484038
0.97282555 0.10897737 -0.20428993
0.94256893 -0.2225985 -0.24902555
0.96885079 -0.24764511 -0.00022751796
0.65638873 -0.55011244 0.51626556
0.325719 -0.16342244 0.93123586
0.33873783 -0.1565815 0.92776016
-0.035958925 -0.11256707 0.99299326
0.60220514 0.16219245 0.78169213
0.9651717 -0.11812041 0.23343343
0.9072153 -0.20127968 0.36938719
0.47717389 -0.86005778 -0.18057048
0.98500521 -0.17192865 0.014327373
0.92608718 -0.34704163 0.14806972
0.9970676 -0.029671217 0.070539505
0.95808901 -0.27081582 0.093403681
0.93426089 -0.34722536 -0.081185786
0.73702062 -0.49710821 -0.4579127
-0.010871368 -0.9640196 0.26560879
0.42027681 -0.84257338 0.33680484
0.75433806 -0.34381201 0.55925611
0.59944507 0.50404816 0.62177251
0.95636759 0.020240508 -0.29146415
0.99273393 -0.085817989 -0.084348231
0.95607271 0.09175059 0.27840043
0.9465962 0.12496756 0.29721833
0.89627532 -0.38180617 0.22564261
0.98087646 0.19113173 0.036742719
0.91822089 0.15596464 0.36406789
0.76164917 0.19403135 0.61825754
0.93855337 0.26564912 -0.22033637
0.86849882 0.49424447 0.037844575
0.56312203 0.80886989 0.16918358
0.92397332 0.25970935 -0.28075675
0.35032445 0.93067384 -0.10544662
0.081382916 0.93973746 -0.33206977
0.32271035 0.76472912 -0.55771624
0.80533171 0.55787446 -0.20054157
-0.16239612 0.96484264 -0.20665474
-0.25224717 0.96762825 -0.0081806709
0.87515234 0.48156348 0.04695732
0.91187449 0.01013247 -0.41034405
0.96937245 -0.14232326 -0.20015278
-0.036263013 0.3756487 -0.9260524
0.4469247 0.1100437 -0.88777739
0.86142612 -0.1713015 -0.47812219
-0.15651655 0.96394993 0.21518156
-0.26353223 0.9519121 0.15625021
0.070098362 0.99702712 0.031986456
0.021475021 0.9776471 0.20915297
-0.053922441 0.98931256 0.13547332
0.0088172433 0.9980125 0.062396318
0.11068246 0.98789915 0.10864923
-0.48676347 0.86292727 -0.13571234
-0.48590819 0.85245878 0.19289186
-0.59414174 0.79373465 -0.13031075
-0.22038111 0.96978659 0.10462376
-0.39972759 0.9137301 -0.072905097
-0.50611284 0.8505502 -0.14287807
-0.1169067 0.99124487 0.061371222
-0.3430004 0.92526677 -0.16196338
-0.18626589 0.97447438 -0.1253184
-0.52616143 0.81733883 -0.23475817
-0.41944622 0.86030115 -0.28973574
-0.35514098 0.92891042 -0.10488242
-0.77843859 0.55666734 -0.29009452
-0.23036374 0.80041859 -0.55341
-0.4195331 0.88640561 -0.19564528
-0.55996644 0.82850694 -0.0037201955
-0.36619172 0.60753726 -0.7048419
-0.82027284 0.56861372 -0.061894322
-0.65405183 0.7564396 -0.0039167082
-0.68936191 0.64537584 0.32904436
-0.89577622 0.44331292 0.032536603
-0.67385586 0.71431713 0.18886322
-0.52621996 0.75896248 -0.38349513
-0.73310813 0.66925558 -0.12103489
0.10552277 0.99078854 0.084870626
0.49920554 0.85266737 -0.15411746
-0.78364866 0.52401648 -0.33361881
-0.89884234 0.37173654 -0.23215167
-0.74086287 0.29681715 -0.60251289
-0.69180793 0.47760876 -0.5415641
-0.80873062 0.48261263 -0.33621397
-0.88566709 -0.12186406 -0.44804347
-0.11397612 0.99345352 0.0077169772
-0.77982529 0.28453349 -0.55759592
-0.79063781 0.040430258 -0.61094782
-0.78657337 -0.39864214 -0.47157902
-0.81630076 -0.19333141 -0.54431245
-0.59617119 0.21461694 -0.77364041
-0.73892617 0.3259801 -0.58968219
-0.82641241 0.30778989 -0.4714954
-0.77135111 0.11579887 -0.62578597
-0.89781707 -0.22051641 -0.38117846
-0.85988273 0.16957579 -0.48150363
-0.6632635 0.55943101 -0.49711012
-0.86577192 -0.14096014 -0.48017624
-0.58830144 0.1661966 -0.79137861
-0.77142077 -0.14924968 -0.6185746
-0.62693828 0.49004783 -0.60564141
-0.68613693 0.48213622 -0.54475753
-0.64494805 0.45460876 -0.61430684
-0.75527263 0.0144821 -0.65525074
-0.76654498 -0.1680027 -0.61982569
-0.60231329 0.022190288 -0.79795131
-0.79752256 0.29977787 -0.523537
-0.63553637 0.19392895 -0.74731859
-0.63188012 -0.16672298 -0.75692203
-0.40925973 0.28340312 -0.86728838
-0.84580498 0.40193712 -0.35079979
-0.7695662 -0.17383805 -0.61444951
-0.70057863 -0.097714234 -0.70685325
-0.38883569 -0.70702369 -0.59069816
-0.22375473 -0.59045782 -0.7754311
-0.45224933 -0.14135022 -0.88061948
-0.61242972 -0.10143766 -0.78398995
-0.39796503 -0.48929399 -0.77602528
-0.82347879 -0.29207957 -0.48638689
-0.78912881 -0.050616991 -0.61213858
-0.38249626 -0.32432349 -0.86516523
-0.63983689 -0.44820048 -0.62427965
-0.82113969 -0.48726268 -0.29716105
-0.70076391 -0.61735081 -0.35750233
-0.84430775 -0.53138663 -0.06908456
0.021188199 -0.61355354 -0.78936881
0.095413579 -0.56634747 -0.81862494
0.18848661 -0.68177962 -0.70685879
0.072483032 -0.3600483 -0.93011367
-0.036259841 -0.0030307148 -0.9993378
-0.06879717 -0.21403514 -0.97440028
0.23410856 -0.5374398 -0.81015532
0.19892794 -0.74349025 -0.63847469
0.44993311 -0.29961616 -0.84130277
0.41144647 -0.69997938 -0.58372996
0.02813182 -0.68018271 -0.73250262
-0.23413246 -0.053195305 -0.9707483
-0.1369009 -0.35956247 -0.92302382
0.22159576 -0.47476585 -0.8517586
0.37626458 -0.37537224 -0.84706591
0.12351219 0.015731395 -0.99221835
0.15285829 -0.34447289 -0.92626819
-0.20599167 -0.21476602 -0.95469523
-0.31912802 0.15174189 -0.93548474
-0.20210222 0.16270942 -0.96575377
-0.31030011 -0.29747867 -0.9028955
0.19135215 -0.38135097 -0.90440909
0.46776808 0.16936881 -0.86747174
0.4857759 0.33262659 -0.80832006
0.35688823 0.094748279 -0.92932963
0.46875339 0.25629603 -0.84532988
0.37633967 -0.079627903 -0.92305355
0.45638816 -0.14547982 -0.87780719
0.43629865 -0.24911865 -0.86462905
0.49884527 -0.10559537 -0.86023428
0.52505404 -0.75494347 -0.39291044
0.3740013 -0.85888452 -0.34991485
0.44806118 -0.22787298 -0.86447388
0.50820895 -0.25981694 -0.82110829
0.70721068 -0.34040525 -0.61965903
0.84914504 -0.014727943 -0.52795435
0.55844759 0.42793425 -0.71063955
0.84385618 0.26964724 -0.46389342
0.88440382 0.27532938 -0.37686021
0.8525919 -0.16170588 -0.49692883
0.7290904 0.36420902 -0.57946439
0.70961099 0.56145511 -0.4256999
0.69947784 0.64451949 -0.30874809
0.54678804 0.48589808 -0.68185474
0.37683917 0.81996604 -0.43086881
0.29326392 0.74276184 -0.60191454
0.67145618 0.32612318 -0.66542488
0.81986326 0.35281827 -0.45093626
0.31553421 0.76070007 -0.56725088
0.43848213 0.78836817 -0.43151947
0.73796432 0.24621408 -0.62832101
0.94349906 -0.073875772 -0.32303545
0.9649182 0.0073849218 -0.26244683
0.66151831 0.5752669 -0.48110448
0.42257684 0.64977999 -0.63183446
0.49570007 0.79447733 -0.35083787
0.80539773 0.5194417 -0.28550801
0.67132518 0.56026322 -0.48520884
0.51699327 0.77041245 -0.37307187
0.78127638 0.60134579 -0.16730352
0.68576382 0.69999921 -0.19932156
0.85974779 0.27681732 -0.42919215
0.61901625 0.66723991 -0.41425812
0.6964246 0.5714776 -0.43405775
0.56636941 0.76151634 -0.31514845
0.63502547 0.72367717 -0.27024806
0.76355853 0.57950232 -0.28487792
0.75864526 0.57093446 -0.3138331
0.52491285 0.84105792 -0.1307214
0.78946509 0.61377796 -0.0046353565
0.057568803 0.96466777 -0.25710297
-0.40859091 0.88077745 -0.23934192
-0.26245967 0.77903483 -0.5694029
0.54820491 0.80164348 -0.23840955
-0.48187605 0.8733316 -0.071325936
-0.10844498 0.86734151 -0.48575549
-0.27049128 0.54810259 -0.79146574
-0.43077867 0.81034419 -0.39720527
0.31029216 0.67411883 -0.67028545
0.14444592 0.76705923 -0.62510441
-0.66777258 0.4465099 -0.59557425
0.028018256 0.79986278 -0.59952858
0.77937128 -0.079804964 -0.62145923
0.5718297 0.10728189 -0.81332735
-0.30875441 0.2136831 -0.92682805
-0.12120704 -0.50506951 -0.85452539
0.20027148 0.07215156 -0.97708008
-0.18621346 0.096731647 -0.97773592
0.47194115 0.56723842 -0.67491638
0.002907476 0.94535095 -0.32604161
0.23829878 0.64968074 -0.72189239
0.011873318 0.27782147 -0.96055935
-0.060687978 0.22402411 -0.97269223
-0.38551084 0.0031595535 -0.9226979
0.0064369089 0.54888902 -0.83587045
0.26639049 0.25284513 -0.93011045
-0.35341594 0.35646831 -0.86488584
-0.15903542 0.64860955 -0.74432076
-0.20147705 0.069898092 -0.97699604
-0.43570706 0.03806478 -0.89928329
-0.37401723 0.10889959 -0.92100597
-0.38617556 0.2572597 -0.88582497
-0.63299866 0.27433752 -0.7239141
-0.26967676 0.71135603 -0.64903547
-0.19370754 0.10037417 -0.97591107
-0.059014459 -0.16949777 -0.98376207
-0.49996319 0.33451656 -0.79883382
-0.0055868463 0.34338504 -0.9391781
-0.27761 0.23021317 -0.93270284
-0.078028874 0.15919379 -0.98415895
-0.25396777 0.12122972 -0.95958519
-0.21148508 0.16156356 -0.96393531
-0.38521061 0.057713269 -0.92102224
-0.37044185 0.46873745 -0.801909
-0.39646887 0.47421103 -0.78608927
-0.46307239 0.38652082 -0.79759991
-0.70864722 0.4865868 -0.51093288
-0.69147081 0.72133881 -0.039222948
-0.872974 0.39070132 -0.29200835
-0.88077468 0.38074553 -0.28154717
-0.82022559 0.50151544 -0.27515859
-0.90278617 0.42801331 -0.042210547
-0.90439667 0.42173876 -0.064831111
-0.99163207 0.12679251 0.024279444
-0.85842636 0.51293671 0.00033851069
-0.73495984 0.53410983 -0.41780464
-0.69955909 0.67867576 -0.22364325
-0.90915631 0.4064595 -0.090694469
-0.81856924 0.54956216 -0.16711021
-0.95027254 0.21760894 -0.22277444
-0.78714914 0.60806739 0.10320018
-0.84972416 0.38507319 0.36012151
-0.99500417 0.0747098 0.066220439
-0.81593851 0.56071115 -0.14088066
-0.90117354 0.33035974 0.28062196
-0.56881697 0.81981896 0.065909993
-0.47978209 0.73281836 0.48247943
-0.42014361 0.40142735 0.81383993
-0.37214279 -0.2202434 0.90166656
-0.1385211 0.05776471 0.98867343
-0.23032079 0.86421279 0.44731262
-0.54027462 0.30448544 0.78446921
-0.54214137 0.19644268 0.81700245
-0.42662115 0.12858006 0.89524385
-0.36739407 0.24197566 0.8980364
-0.29568886 -0.1481864 0.94372077
-0.32496854 0.069992014 0.94313126
-0.15942919 -0.012786329 0.98712656
-0.39338231 0.20298537 0.89668684
0.19232632 0.26844352 0.94390077
-0.13977478 0.68551257 0.71451769
-0.45213859 0.45157196 0.76919013
-0.37735437 0.56959158 0.7301843
-0.47590263 0.44231107 0.76018261
-0.096560862 0.38624432 0.91732836
-0.60065767 0.33673726 0.72513336
-0.38736187 0.16525524 0.90699586
-0.39509296 0.50070086 0.77019491
-0.26950351 0.13040514 0.95412911
0.083532108 0.29348335 0.95230768
-0.18291265 0.1219421 0.97553733
-0.3601109 0.48646698 0.79603393
-0.21668882 0.27265333 0.93739326
-0.39419004 -0.22729556 0.89047793
-0.13952705 0.75742951 0.63783441
-0.28803361 0.45792741 0.84103456
-0.3486903 0.42340939 0.83614566
-0.35050752 -0.3897008 0.85163241
-0.15090044 -0.24049752 0.95884827
-0.06838509 -0.24769876 0.96642061
-0.43513074 -0.33950122 0.83390657
-0.45006612 -0.0035719449 0.89298809
-0.53152492 -0.21326018 0.81975689
0.32372927 -0.88772445 0.32732959
-0.14000831 -0.56509472 0.81305942
-0.6046244 -0.15252342 0.78177103
-0.021999742 -0.37466495 0.92689923
-0.34779363 -0.24350085 0.90539877
-0.17419017 -0.6680644 0.72342778
-0.11165301 -0.88052111 0.46066928
0.16794421 -0.8608807 0.48029071
-0.04314662 -0.55844325 0.82841988
0.095076251 -0.71599188 0.69160403
0.08572623 -0.62564459 0.77538369
0.38689219 -0.16047084 0.90805481
0.41963569 -0.7202032 0.55246107
0.45549406 -0.67518676 0.58021376
0.16982806 -0.30686292 0.93647935
0.38718709 -0.35841999 0.84948294
0.52611574 -0.55346926 0.64565781
0.75238175 -0.10488376 0.65032384
0.44145681 -0.36897536 -0.81790774
0.33752172 0.073325876 -0.93845746
-0.13948596 -0.29097202 -0.94650882
0.097103735 -0.56369107 -0.82025803
0.047905027 -0.031487085 -0.99835548
-0.34986252 -0.065770141 -0.93448944
-0.7600526 0.30923359 -0.57157207
-0.7196137 0.3387542 -0.60613671
-0.25197866 0.76549728 -0.59204786
0.85430639 0.45850425 -0.24481514
0.94253255 0.25966772 -0.21025001
0.87785574 0.20968832 -0.43058113
0.96564861 0.25335615 0.057735841
0.99732822 -0.010284487 0.072323231
0.68315722 0.55786306 0.47125898
0.61991273 0.76415314 0.17826439
0.39809986 0.75116657 0.52655987
0.84060471 0.49005312 -0.23071987
0.48048803 0.70892924 -0.51628537
0.67515105 0.36159144 -0.64297954
0.54351358 0.20459379 -0.81408499
0.052112288 0.94029324 -0.33635239
0.50620027 0.8588096 0.07878684
0.16034526 0.95711021 0.2413078
-0.3028064 0.90614668 -0.29530742
-0.50436256 0.76546061 -0.39961039
-0.3039486 0.94766693 0.097686427
-0.3452251 0.28554748 -0.89402587
-0.35250635 -0.59310949 -0.72385109
-0.092363799 -0.80388087 -0.58757508
-0.2751582 -0.64768501 -0.71048722
-0.50388751 -0.46417963 -0.72844674
0.39600388 -0.43530108 -0.80851339
0.37048906 -0.31361174 -0.87429145
0.37948025 -0.49264641 -0.78313106
0.054566514 -0.81268709 -0.58013981
0.19334412 -0.61216451 -0.76672855
0.36577488 -0.88832772 -0.27763753
0.3577011 -0.93346285 0.026401271
0.049378637 -0.95000494 -0.30830562
0.1520838 -0.60993036 -0.77772455
0.25109992 -0.91185132 -0.3247707
0.60834841 -0.71910139 -0.33586514
0.1977705 -0.66501498 -0.72016797
0.1114103 -0.88229559 -0.45732072
-0.35913702 -0.92869545 -0.092441153
-0.10529931 -0.81413131 0.57105365
-0.4828013 -0.37190559 0.79283614
-0.53992182 -0.63460938 0.55295151
-0.78277108 -0.23170488 0.57756583
-0.803746 -0.074218557 0.59032532
-0.73095578 -0.027391713 0.68187487
-0.85309144 -0.24197565 0.46225835
-0.83867632 -0.20459938 0.50473867
-0.81861096 -0.32515107 0.47344786
-0.88333446 -0.45326798 -0.11945027
-0.9264486 -0.37641153 -0.0027115946
-0.79338011 -0.40341313 0.45585726
-0.74614106 -0.6549149 -0.11983318
-0.89979029 0.01496267 -0.43606599
-0.95530354 -0.057503619 0.28998013
-0.86266993 0.27140853 0.42677628
-0.80887796 -0.49972583 0.3098234
-0.81003413 -0.45075003 0.37505882
-0.88022152 -0.45714234 0.12740076
-0.6504588 -0.74937288 -0.12386944
-0.78047583 -0.17993631 0.59873233
-0.76274986 -0.39879259 0.50909441
-0.65819533 -0.64396035 0.38999227
-0.99790196 -0.018231795 0.062123105
-0.9324913 -0.20794753 -0.29532659
-0.86208269 -0.31975609 -0.39315325
-0.97172692 0.049678452 -0.23082211
-0.64810849 0.58070141 -0.49268779
-0.84359544 0.53236633 -0.070234015
-0.85520721 0.43709101 -0.27851765
-0.79603078 0.38237697 -0.46917252
-0.77553531 0.53169885 -0.34035469
-0.62390861 0.38280859 -0.68131904
-0.68141887 0.038232138 -0.7308944
-0.6517474 0.50043596 -0.56990278
-0.46433783 0.59132448 -0.65933735
-0.5887735 0.29265229 -0.75345896
-0.5616596 0.25368142 -0.78751777
-0.19927269 0.37627868 -0.90482305
-0.22490912 0.19995727 -0.95364195
-0.78948709 -0.020328018 -0.61343044
-0.39410155 0.017991068 -0.91889079
-0.4028194 -0.058379264 -0.91341579
-0.35160589 0.22078601 -0.90973998
0.19248493 0.1294182 -0.97272837
-0.65784881 0.34850526 -0.66766685
-0.41204456 -0.014884175 -0.91104212
-0.27165862 -0.082382504 -0.95886116
-0.43771777 0.016137432 -0.89896759
-0.05480901 -0.5894222 -0.80596367
-0.23880126 0.51879956 -0.82086599
-0.47771799 0.82164144 -0.31095156
-0.22644318 0.52896576 -0.81787451
-0.29714025 0.86610942 -0.40194794
-0.0093353102 0.76796704 -0.64042133
-0.20433812 -0.017832218 -0.97873793
-0.044803823 0.91183413 -0.40810677
-0.81894842 0.34090501 -0.46163542
-0.74823782 0.34618706 -0.56594583
-0.54216903 0.55454728 -0.63129237
-0.71690047 0.50843181 -0.47702287
-0.81110478 0.54594103 0.20989861
-0.92558491 0.3533055 -0.13589625
-0.74843422 0.59765454 0.28749831
-0.86838024 0.48868711 -0.08426544
-0.78470944 0.50909293 -0.35363184
-0.6314599 0.4983059 -0.59409563
-0.80593048 0.24956708 -0.53683548
-0.82649824 0.42137674 -0.37328582
-0.72936096 0.6264806 -0.27487205
-0.86752915 0.19845677 -0.45607903
-0.77676192 0.00022632064 -0.62979431
-0.77796343 0.51998943 -0.35268099
-0.51948908 0.50910122 -0.68625581
-0.58741991 0.21133599 -0.78120096
-0.16911995 0.24633944 -0.95431406
-0.6446979 0.14405426 -0.75074163
0.037262625 0.40284057 -0.91451133
0.66912713 0.17247508 -0.7228563
-0.29632488 -0.75593794 -0.58373744
-0.20793084 -0.46679982 -0.85957123
-0.072072658 -0.34478462 -0.93591084
-0.82580022 0.42819199 -0.36702265
-0.86520042 0.049128398 -0.49901366
-0.7517426 0.58956697 -0.29545533
-0.86091874 0.24875435 -0.44377945
-0.83033877 0.36282881 -0.42295718
-0.95674993 0.23963274 -0.1649416
-0.58874362 0.5812743 -0.56169487
-0.63216254 0.50108851 -0.59099985
-0.87225585 0.058797376 -0.48550242
-0.50114299 0.55287956 -0.66571758
-0.86254963 0.25096112 -0.43934799
-0.707428 0.35331709 -0.61213778
-0.36628945 0.7042777 -0.60813236
-0.65641679 0.67295686 -0.34094875
-0.43864119 0.76821554 -0.46630332
-0.19096205 0.73754217 -0.6477384
-0.29540847 0.76962417 -0.56604989
-0.24268564 0.84104902 -0.48346689
-0.30101878 0.74210166 -0.598893
-0.74331377 0.5016966 -0.44247618
-0.68814861 0.49381912 -0.53159587
-0.37879424 0.89900365 -0.21978936
-0.33358538 0.82469527 -0.45672585
-0.4911791 0.736823 -0.46458041
-0.44912514 0.88552577 -0.11887266
-0.725976 0.62565139 -0.28551566
-0.87301119 0.25628535 -0.41493287
-0.73313541 0.31349128 -0.60351942
-0.68996325 0.59100917 -0.4179221
-0.31840403 0.76610399 -0.55830418
-0.50112547 0.60796356 -0.61583566
-0.5213251 0.49743667 -0.69338077
-0.22681559 0.67339839 -0.70362583
-0.54831631 0.82236089 -0.15189401
-0.39846077 0.5949154 -0.69807212
-0.47939711 0.60810678 -0.63275948
-0.043999624 0.71098753 -0.70182673
-0.19229289 0.64473698 -0.73982273
-0.087753955 0.8431343 -0.53049392
0.12769785 0.71672602 -0.68556332
0.5053507 -0.29497619 -0.81093139
0.64981514 0.45272704 -0.6105559
0.30772552 0.32475841 -0.89433605
0.19312075 -0.2112822 -0.95815667
-0.11281183 -0.21472997 -0.97013635
0.015698445 0.25693621 -0.96630086
0.086405176 0.31069326 -0.9465748
0.25454667 0.13906861 -0.95700884
0.25188462 0.11665345 -0.96070084
0.081628576 -0.043953803 -0.99569314
-0.15100458 -0.67479489 -0.7223915
-0.28986007 -0.84306644 -0.45301227
-0.43956271 -0.76102753 -0.47709719
0.35344166 -0.81976744 0.45062217
0.37097251 -0.58582234 0.7205495
-0.26877504 -0.72250328 -0.63698429
-0.51556719 -0.7060732 -0.48543908
-0.77706451 -0.54279732 -0.31865628
0.094982018 -0.76437754 -0.63773457
-0.54965153 -0.81702515 -0.17422143
-0.39140007 -0.64593254 -0.65542135
-0.69005421 -0.58027756 -0.43255421
-0.88918673 -0.34514493 -0.30036968
-0.39994477 -0.8518159 -0.3383103
-0.63382325 -0.69790317 -0.33346553
-0.74841353 -0.28931748 -0.59680196
-0.84598722 -0.36079367 -0.39259845
-0.87662508 -0.44147131 -0.1913937
-0.77590647 -0.61000396 0.16082386
-0.73620512 0.6704725 -0.09202526
-0.87789641 0.39773348 0.26665704
-0.84126888 0.43273531 -0.32404756
-0.80084887 0.58214511 0.14052814
-0.83124535 0.55553122 -0.020401979
-0.7340733 0.63195923 0.24852348
-0.82323898 0.51519747 0.23843059
-0.89197022 0.37688825 0.24968856
-0.86633934 0.49625417 -0.05646193
-0.54155403 0.79999184 0.25832595
-0.30991243 0.74669115 0.58856318
-0.31074198 0.47736533 0.82192565
-0.84018491 0.3046465 0.4486422
-0.83124636 -0.15454687 0.53398947
0.31386505 -0.92750328 0.20304285
0.083882921 -0.64551347 0.75912846
0.034066892 -0.40653511 0.91299981
0.22407698 -0.66333187 0.71398903
0.1626681 -0.41449061 0.89539747
0.88766657 -0.44799616 0.10652466
-0.0013639226 -0.64932895 0.76050645
-0.18909579 -0.58328596 0.78994954
-0.10082089 -0.38074039 0.91916914
-0.34892031 -0.29392887 0.8898654
0.24795787 -0.71894205 0.64933752
0.6346129 -0.16435409 0.75515177
0.10343809 -0.58451288 0.8047641
0.27981217 -0.45585685 0.84492585
0.022152528 -0.56187511 0.82692541
-0.35045746 0.31810914 0.88090076
-0.60339176 0.32799426 0.72686873
-0.3507326 -0.44646749 0.82319708
-0.39552891 -0.62709892 0.67104681
-0.16019479 -0.60305813 0.78144643
0.061679273 -0.58086869 0.81165709
0.077135974 -0.26369767 0.96151629
-0.18146723 -0.82113444 0.54111724
0.16448344 -0.069387111 0.98393629
0.98272972 -0.13520736 0.12633794
0.88509884 -0.31762021 0.34017266
0.16553461 -0.44519717 0.87999873
0.201776 -0.2495225 0.94711402
0.18956535 -0.24520793 0.95075657
0.50135083 -0.30978044 0.80788825
0.45562246 -0.17138893 0.87351818
-0.20560494 0.076174688 0.97566594
0.21445337 0.25664108 0.94241451
0.54228038 -0.086712048 0.83571108
0.3853448 0.073989983 0.91980154
0.78286831 -0.1662049 0.59957747
0.53640326 -0.2826924 0.7952085
0.50938048 -0.017214645 0.86036921
0.44154236 0.010037473 0.89718426
0.3784692 -0.079595061 0.92218528
0.43902638 0.043596673 0.89741583
0.071140742 0.2892974 0.95459206
0.0094988314 0.40998914 0.91204094
0.83040093 0.2659194 0.48961328
0.7079722 0.65780578 0.25703485
0.80527436 -0.06096266 0.58975992
0.7576282 -0.24351084 0.60555923
0.12706003 0.4135638 0.90156571
0.56152573 0.64642173 0.51655377
0.25032981 0.95506111 0.15872385
0.59900996 0.56294698 0.56945392
0.74101481 0.35801049 0.56808938
0.42381187 0.75376801 0.5022124
0.48280295 0.43747855 0.75862628
0.13712452 0.9467382 -0.291348
0.10875844 0.97860215 -0.17466949
0.13719057 0.9562521 0.25838086
0.26692042 0.67504552 0.68779869
0.5608622 0.78018259 0.27703559
-0.40453915 0.68370605 0.60736654
-0.39570523 0.77978562 0.48513066
-0.2500654 0.92531966 0.28504529
-0.70992919 0.47832139 0.51692281
-0.80068427 0.067016265 0.5953264
-0.34218983 0.057369818 0.93787783
-0.33362324 0.124755 0.93441518
-0.53223199 -0.14981975 0.83323655
-0.5321671 -0.13521625 0.83577194
-0.31528185 -0.58852377 0.74447104
-0.43630222 -0.76369798 0.47582115
-0.11994252 -0.65355777 0.74731254
-0.25874392 -0.83624712 0.48346907
-0.34465236 -0.76047462 0.55035724
-0.21132963 -0.9612098 0.17724423
-0.38655225 -0.80172815 0.45586108
-0.35472747 -0.82860904 0.43309986
-0.18337725 -0.75688406 0.62729523
-0.00158268 -0.80867653 0.58825144
-0.10844302 -0.87512976 0.47158034
0.18629606 -0.80890736 0.55764026
0.2951947 -0.80034254 0.52183514
0.70922726 -0.34223666 0.61633656
0.88800476 -0.22689544 0.39995751
0.84689206 0.20898756 0.48897652
0.72232441 -0.025023873 0.69110148
0.77933404 0.46778149 0.41691598
0.70254081 0.61728048 0.35412034
0.74168599 0.33414091 0.58159414
0.74558431 -0.15800126 0.64740994
0.58040275 0.26924169 0.76853208
0.4359834 -0.080838451 0.89631669
0.14714374 -0.047004156 0.98799764
0.82998786 -0.11247194 0.54632427
0.71139332 -0.30488252 0.63321891
0.41518781 -0.35742246 0.8365813
0.50285292 -0.070897883 0.86145948
0.44623458 -0.033405551 0.89429233
-0.13085177 -0.013119684 0.99131513
0.42443335 -0.25381646 0.8691568
0.45920511 -0.077818018 0.88491526
0.56323319 -0.030298819 0.8257423
0.23085185 0.10784934 0.96699325
0.43980808 0.54096435 0.71688661
0.64727668 0.31440735 0.69439248
0.11037599 0.57930676 0.80760189
0.55055497 0.29941649 0.7792554
0.17700467 0.29583229 0.93869729
0.27462277 0.40000159 0.87440326
0.024362495 0.49915578 0.86616972
-0.12210534 -0.16539914 0.97863855
0.61493949 0.36896308 0.69693305
-0.44860063 0.057504363 0.89188044
-0.42740945 0.36193418 0.82844723
0.010742486 0.59761079 0.80171438
-0.12441808 -0.01698747 0.99208446
-0.67492787 0.1790689 0.71582589
-0.43937077 0.36907057 0.81898732
-0.19559683 -0.013721091 0.9805884
-0.6323928 -0.2272229 0.7405735
-0.35092138 0.024194401 0.93609231
-0.7204795 0.34268115 0.60289213
-0.80375116 0.15279261 0.57501173
-0.88013449 -0.049493569 0.47213734
-0.69466939 -0.033851883 0.71853218
-0.089095174 -0.950833 0.29661197
0.4021019 -0.044174148 0.91452868
-0.10807653 -0.95968932 0.25945301
0.28460168 -0.93519828 0.21072746
-0.070571352 -0.94895436 0.30741716
0.055547263 -0.98990428 -0.13039949
-0.32037363 -0.59803115 0.73465603
-0.13092739 -0.81057814 0.57080741
0.25271425 -0.85200753 0.45849611
0.46740663 -0.81351966 0.34600118
-0.0003422241 -0.6984381 0.71567039
0.14256853 0.18764964 0.97183426
-0.043756561 0.46393073 0.88479017
-0.84698184 -0.23620938 0.47626347
0.457324 -0.49716494 -0.7373478
-0.32863733 -0.81136443 -0.48341005
-0.73698327 -0.17561272 -0.65269888
-0.64304646 0.044878809 -0.76451104
-0.4185687 0.90304957 -0.096445405
-0.26604984 0.85264951 -0.44967354
-0.69400539 0.7141754 0.09115927
-0.43404407 0.85116964 -0.29515418
-0.44240002 0.85626638 -0.26662728
-0.42419449 0.70903528 -0.56331874
-0.41544434 0.897053 -0.15067151
-0.30746321 0.55404467 -0.77362839
-0.20231878 0.78544724 -0.58492713
-0.18435356 0.91053272 -0.37005936
0.060992295 0.89462391 -0.44263754
-0.17486035 0.81344847 -0.55473006
-0.06717089 0.58490604 -0.80831491
-0.2671276 0.73186817 -0.62690656
-0.98397563 0.1283066 -0.12381183
-0.3262688 0.788692 -0.52106966
-0.094542842 0.98495411 -0.14466189
-0.77591961 0.40008919 -0.48772678
-0.77762654 0.40242341 -0.48306559
-0.84685537 0.35251592 -0.39820662
0.58275038 0.11698355 0.80418707
0.75438234 -0.56185523 0.33944954
0.87510615 -0.46271043 0.14173312
0.97685952 -0.19803499 0.080793724
0.94470775 -0.30852522 -0.11108314
-0.02969455 0.37922524 -0.9248278
-0.28274066 0.7296612 -0.62261726
0.96254834 -0.26458497 -0.059122702
0.56378136 -0.76732773 -0.3055466
0.65229684 -0.75532672 -0.063169435
0.3035571 -0.89445725 -0.32832806
0.70774255 -0.3915624 -0.58803008
0.65911193 -0.74936802 -0.063395901
0.3050979 -0.81299393 -0.49593965
0.46637533 -0.64595945 -0.60434298
0.046909728 -0.79992673 -0.5982614
0.18203592 -0.98325956 -0.0079724275
-0.098975153 -0.9805683 -0.1693804
-0.50325915 -0.85404319 -0.13168322
-0.18548885 -0.96463444 -0.18728128
-0.20540339 -0.9581004 -0.19963233
0.17766804 -0.98232255 0.058961585
-0.44054417 -0.89553122 -0.062806605
0.14962486 -0.97431128 -0.16831498
0.010134869 -0.95718612 -0.28929572
-0.34963599 -0.91330119 -0.20889138
-0.22205861 -0.97405828 -0.043594118
-0.28798591 -0.95207805 -0.1030121
-0.45790992 -0.88649334 0.066693828
0.24575914 -0.95828161 -0.14594111
0.36041829 -0.88853766 0.28390047
-0.33793012 -0.9371671 0.086724069
-0.2284097 -0.96757176 -0.10786058
-0.014782915 -0.99907092 0.040481667
0.3576277 -0.93376783 0.013418757
0.30523937 -0.94970915 -0.069867422
-0.43575524 -0.84587529 0.30759125
-0.37951045 -0.87473354 -0.30135203
-0.84639723 -0.019236682 -0.53220455
-0.98721227 0.14974122 -0.054676371
-0.03245174 0.99759106 -0.061310395
-0.83482466 0.51196022 -0.20239695
-0.69708686 0.69898972 -0.15963483
-0.54317176 0.39280804 -0.74206892
-0.4603376 0.75176652 -0.4721614
-0.46232003 0.55215919 -0.69381584
-0.47429176 0.56405864 -0.67593282
-0.46358461 0.47171622 -0.75004874
-0.23313226 0.75278149 -0.61560489
-0.35797263 0.75033879 -0.55574031
-0.32145145 0.82918914 -0.4572902
0.11120217 0.74827257 -0.65400477
0.43649745 0.89393049 0.10177552
0.18364364 0.9827169 -0.0232917
0.47224239 0.82897228 0.29965327
0.50535124 0.83117732 0.23187149
