2.584912803155227090e-01 1.491305694074644417e-01 9.544329894073481091e-01
5.515183052682041120e-01 3.810496542472609494e-01 7.420436105459913279e-01
7.917779092745944047e-02 4.849588961699188294e-01 8.709453177148961389e-01
6.541067822796374776e-01 6.937467534509346445e-02 7.532140942630731750e-01
7.710027337055570529e-01 -1.802348269334169695e-01 6.107947214726393570e-01
7.407038445776389368e-01 -3.203046361175669321e-01 5.905613894503245476e-01
8.935363159720149939e-01 -8.031832831470248069e-02 4.417485915946888775e-01
8.008814047205858877e-01 -3.704079241666524691e-01 4.705177417349237778e-01
8.511070693133796494e-01 -3.003912639754203751e-01 4.305599204431821425e-01
8.407991535863532651e-01 3.002826846195738586e-02 5.405137245451299144e-01
9.607206978441752421e-01 2.501881489838028161e-01 1.200900946866955560e-01
7.464995651773908003e-01 5.474332043080765153e-01 3.782265009368834252e-01
6.810565825799609341e-01 4.006209573083858999e-02 7.311340231518145272e-01
-3.589062096180055672e-01 -2.193326289667665852e-01 9.072373066448286005e-01
-5.330738147951261663e-01 -4.023206384462920671e-01 7.442918861978407019e-01
-3.995005811603543622e-01 -3.695382756944571301e-01 8.389521729212615631e-01
-3.779457701173057349e-01 -5.868105128526959202e-01 7.161078248811367786e-01
-3.206099382854140645e-01 -3.707049276218413736e-01 8.716576874607991909e-01
-2.989261648017718098e-01 -4.583531992933615462e-01 8.369919310808461299e-01
-9.901461080446394281e-02 -5.148764483221190957e-01 8.515270693351097986e-01
3.970722134037697054e-02 -3.573654654108087692e-01 9.331201748462748524e-01
3.189810379991950273e-01 -2.392354220104976337e-01 9.170700683439706458e-01
-3.965057117706327627e-02 -5.947595130001347430e-01 8.029252480157633709e-01
-8.943838865497617807e-02 -9.043202743115248410e-01 4.173794629637760378e-01
-6.501626017630703913e-01 -7.301825262342719336e-01 2.100525402150900112e-01
-3.117189251416150331e-01 -7.340485957549134355e-01 6.033274159018433558e-01
2.917409472190370945e-01 -9.255232034672079555e-01 2.414415448085437677e-01
9.987602129013613272e-02 -9.488143442650417425e-01 2.996266351447263165e-01
-3.084461686037991424e-01 -5.770928621907962519e-01 7.561909742135720647e-01
-3.121772263735317909e-01 -8.861807923942839338e-01 3.423871821858517350e-01
-6.948429468205356008e-01 -6.452106653936386937e-01 3.176420572217295568e-01
-2.912110754657715184e-01 -6.025056568661290024e-01 7.430901984082303180e-01
-2.397483477220498094e-01 -7.392245484806112543e-01 6.293391746015685184e-01
-7.605324880541769472e-01 -5.703992467477811967e-01 3.102177201961341391e-01
-4.193086036173550024e-01 -8.985188443675701242e-01 -1.297851349301232249e-01
-1.594828345734893293e-01 -9.469272211588769528e-01 2.790950793273367925e-01
-3.575764813475310056e-01 -8.542109568466458303e-01 3.774423150499378043e-01
-6.247121800683991255e-01 -5.949642512088395563e-01 5.057195189605528940e-01
-6.288374986967231184e-01 -5.789300553450865694e-01 5.190408377488071601e-01
-5.013812047957199036e-01 -8.623745055530691594e-01 7.019330202869793200e-02
-7.482813209661995923e-01 -6.485096852637912690e-01 1.396791065698009537e-01
-7.470923800983501062e-01 -6.275568393014281376e-01 -2.191469576448279999e-01
-8.514486666861764697e-01 -4.607840742348516816e-01 -2.504260468279267404e-01
-7.283266245463801969e-01 -6.584873915073085060e-01 -1.895644565913577606e-01
-9.108655808125958320e-01 -4.003809051684495968e-01 -1.000950771388155885e-01
-7.518818042428236925e-01 -6.516314069132536080e-01 1.002509948719213506e-01
-4.997272182883386038e-02 -9.494779021462809165e-01 3.098296958151615654e-01
-6.646015204481658945e-01 -4.531377931652044166e-01 5.941135913471046193e-01
-7.424917027822300897e-01 -6.421546370562566386e-01 1.906396952544033574e-01
-4.458070353635781857e-01 -8.916135983333237647e-01 7.925451714217650323e-02
-6.936473042971085246e-01 -7.134662577151721363e-01 -9.909246360476806070e-02
-5.407300455328291067e-01 -8.411365813489347643e-01 1.001345967643568584e-02
-7.472034019954276740e-01 -6.475759016820673564e-01 -1.494407160285202152e-01
-2.479622217467282175e-01 -9.521767854765587069e-01 -1.785332063957680848e-01
-1.099231600183899621e-01 -9.793147325224015320e-01 -1.698809982197796720e-01
-3.389682514608821085e-01 -9.172065879189276183e-01 -2.093623642865893864e-01
-6.014452563106843508e-01 -7.618305305306479758e-01 -2.405781503228558160e-01
-5.774361926715687598e-01 -6.471264729895257473e-01 -4.977898867485151535e-01
-6.913494849705317247e-01 -2.404691368055562883e-01 -6.813299376036335842e-01
-6.306626132880289726e-01 -9.009479542360218640e-02 -7.708097015725043910e-01
-2.090509497632197788e-01 -2.488710824459437199e-01 -9.457065531787754997e-01
-4.578985161661940362e-01 -4.977157371668443631e-01 -7.366193005001039351e-01
-7.754763777703300720e-01 -2.783769135739989631e-01 -5.666945222156487549e-01
-7.560412554225349746e-01 -4.774997901987518278e-01 -4.476556382525135880e-01
-7.119248147450509823e-01 -4.813012764736986915e-01 -5.113825763701898008e-01
-6.595717308989315075e-01 6.096035329376758849e-01 -4.397142986404824483e-01
-9.382658089020408099e-01 2.495387637731782959e-01 -2.395572524887383259e-01
-7.119609416572670879e-01 7.019326223664121844e-01 -2.005520412036083250e-02
-5.807556750388749300e-01 8.110549112121995252e-01 7.009120421787493060e-02
-6.488004913491417502e-01 7.585981712403574440e-01 5.988937314663851652e-02
-8.926373269901354268e-01 3.811258132880596117e-01 -2.407108574813799362e-01
-4.002799980823848469e-02 9.906937110109980127e-01 1.300912379624735715e-01
-4.187037842298761414e-01 8.673156607125200868e-01 -2.691666505241426810e-01
-3.506672133744778153e-01 8.416005477057170170e-01 -4.107809922155791771e-01
-2.700815973044198293e-01 8.102428839914372904e-01 -5.201561301558711436e-01
-2.094868632036590295e-01 9.776078985397218535e-01 1.995121193913949181e-02
2.191470737642893796e-01 8.666268485279108313e-01 4.482549112626993404e-01
-4.992739656334478637e-02 9.785821150343679831e-01 1.997105385483439743e-01
-1.386409159170145511e-01 9.902932009672954505e-01 9.903158669798907757e-03
-5.201823479736773503e-01 8.302900555449413966e-01 -2.000718583903548786e-01
-4.512201755738363684e-01 8.021687760154375679e-01 -3.910570392423731167e-01
-5.117683997370490179e-01 8.328783122618249601e-01 -2.107292623117968111e-01
-4.396039876748410458e-01 8.092721683316171921e-01 -3.896497036880958720e-01
-3.929390800224442648e-01 9.168559316647870716e-01 7.052715762180099268e-02
-9.951357654816287424e-01 -6.965919989237932819e-02 6.965919989237932819e-02
-6.803746832910063658e-01 7.304014477217484202e-01 6.003345319600476154e-02
-7.683882182267026684e-01 6.286810099098029125e-01 1.197486278384151809e-01
-8.007609556514098115e-01 5.905615687272213199e-01 1.000945825041706927e-01
-8.299585673801143093e-01 5.399730553271442357e-01 -1.399924139123869260e-01
-6.958374624602039482e-01 7.157185057304120690e-01 -5.964265580916340570e-02
-7.048086350023037294e-01 7.048095952281271392e-01 -8.054950341593052066e-02
-7.584464922258242758e-01 6.386923339258282484e-01 1.297344249408040884e-01
-7.911474822776105587e-01 4.706829694744011916e-01 -3.905677963331820601e-01
-7.798440040853592548e-01 5.598882718642740342e-01 -2.799436591904719829e-01
-6.171058587885570601e-01 7.863133603333396504e-01 -2.986064986113334818e-02
-5.516853767299472189e-01 8.325430214556779340e-01 -5.015338999296779093e-02
-3.974245752309014112e-01 7.650434917381463418e-01 -5.067170440705959233e-01
-3.767371393322709316e-01 9.220127117500369618e-01 8.922828710156981147e-02
-2.986004810056173131e-01 9.455658958949265669e-01 1.293943169680908667e-01
-3.133716204690644158e-01 8.390263555999142309e-01 4.447842196990793306e-01
9.919711232022366057e-03 9.820287080726777251e-01 -1.884707294255021925e-01
1.611236517907186361e-01 9.868828474045111543e-01 1.007046833009963421e-02
-1.089965431708702082e-01 9.116064210944420099e-01 -3.963502070091343699e-01
-3.183961798894202611e-01 8.855392418792241704e-01 -3.382959114795699440e-01
-3.806667721110804647e-01 8.514915896362861281e-01 -3.606312263090943881e-01
-2.210076750661044420e-01 8.840316583078016155e-01 -4.118781794067678526e-01
-1.002151160183164663e-01 8.919199802313773073e-01 -4.409486130894334499e-01
-1.104088951311088390e-01 9.334602422199369531e-01 3.412650759609373585e-01
5.965199280306757168e-02 9.942008281949213933e-01 -8.947822624055015717e-02
1.099834608155516591e-01 9.898516241048489483e-01 -8.998555775249082733e-02
3.816831844010376562e-01 9.240748763607724570e-01 2.008904239396917119e-02
5.930621617687054092e-01 8.041520675063168477e-01 -4.020851406786696974e-02
-2.983659129664972126e-02 7.359989722237463283e-01 6.763248411121579595e-01
-3.301816890400200988e-01 9.405173360716563291e-01 8.004494219720881265e-02
-2.488342918978717067e-01 8.957996539368505706e-01 3.682722840267831921e-01
-7.651443690420490773e-01 6.342633752505473232e-01 -1.107432406019791538e-01
-2.991310982770768040e-02 9.472567191894180061e-01 3.190766582044751165e-01
-1.004863770010126257e-02 9.948870109774077264e-01 1.004930856766350217e-01
0.000000000000000000e+00 9.798041159664849786e-01 1.999597317840136890e-01
-1.506791039623645301e-01 8.940319686946666122e-01 4.219035986822554096e-01
1.402389420113641927e-01 8.915171461372296546e-01 4.307321874284096852e-01
-4.297204265169501936e-01 8.994158214180564270e-01 -7.994707760120466078e-02
-3.184428856306217304e-01 8.458651012496627430e-01 4.279092883768012556e-01
-3.098300727883863681e-01 9.494777794736730669e-01 -4.997271537235489086e-02
-3.000876856841925081e-02 9.202762164700956093e-01 3.901168532741088324e-01
-1.400492391100157386e-01 8.603009696641953363e-01 4.901718598813591954e-01
-1.101213660746144102e-01 8.909802694087187724e-01 4.404854642984576407e-01
-1.308601373571447735e-01 4.026458380347521238e-01 9.059536155698929560e-01
-1.210885731597221016e-01 2.926309590509375003e-01 9.485276375810413052e-01
-9.954040223594811873e-03 3.782260009930044631e-01 9.256597697081075937e-01
-1.996059472977634516e-02 -5.988083241578670557e-02 9.980059421502590622e-01
-1.999448718127266877e-02 -9.997720308179162615e-03 9.997501018109461457e-01
-3.016706092853255888e-02 4.022188483792784042e-01 9.150464176441440722e-01
1.203545677539276937e-01 4.914519631648246456e-01 8.625484020750401326e-01
-3.006947188537736210e-02 2.706238131542715308e-01 9.622154533234105189e-01
1.991203897583389282e-02 2.588508099361813142e-01 9.657120527875832083e-01
4.987270794290341730e-02 1.496195507064945474e-01 9.874850394050680435e-01
2.692733885591184761e-01 2.593010046195802776e-01 9.274992351571866855e-01
1.705208407570699414e-01 3.711333132372330867e-01 9.127884238272612194e-01
-1.003415415531578314e-01 6.622556096494763844e-01 7.425288428920026051e-01
-2.497384757070365835e-01 8.990564166606324070e-01 3.596223761292802745e-01
-1.100387558386861503e-01 6.402241008663012156e-01 7.602661197787327074e-01
-1.398466753880144298e-01 5.094399633559194562e-01 8.490664468219425443e-01
-3.619960830213678205e-01 3.720517695127226188e-01 8.547141725042581850e-01
-6.970501751816805813e-02 4.381408726706855772e-01 8.961996352533078136e-01
-5.639326833409600281e-01 2.215443139107764747e-01 7.955488958157554968e-01
-8.271104499609440719e-01 3.388158422727437502e-01 4.484329700082453907e-01
-8.719639022956024998e-01 -4.510161576075836232e-01 1.904294585150005104e-01
-8.553506609921240900e-01 2.983850860080423592e-02 5.171894335200749593e-01
-9.206908963647634225e-01 -1.501131285282943650e-01 3.602697905660369182e-01
-8.073005766774716818e-01 4.983353321389627499e-02 5.880326503380925995e-01
-8.190993032638334004e-01 3.296375709538424958e-01 4.694841884540448262e-01
-6.803749590236591871e-01 -6.003295832867927562e-02 7.304012315487024010e-01
-5.809007326511630431e-01 2.604045177746054374e-01 7.711963601625186904e-01
-6.016871921888802266e-01 3.810682522068312150e-01 7.019683111906778183e-01
-9.964182768423113234e-02 5.380663446245608217e-01 8.369923028069667925e-01
-5.636183093086030160e-01 6.038772398920910778e-01 5.636192691457787562e-01
-7.311339813774491159e-01 6.810565992752406483e-01 4.006257429077664939e-02
-5.088562978156929706e-01 -6.186097009114014389e-01 -5.986545799637827958e-01
-6.011729830279288755e-02 -8.115837659726125031e-01 -5.811348391332985530e-01
-4.800712868873694972e-01 -4.200638067517388219e-01 -7.701155483195639695e-01
-1.797847753466426668e-01 -4.794247975478468371e-01 -8.589699052060922879e-01
1.191215699861310762e-01 -1.985312165064615289e-02 -9.926811699255526644e-01
-4.817127657731637980e-01 -5.619987052744522815e-01 -6.723914533670162230e-01
-2.880051130721010266e-01 -6.256664760768108069e-01 -7.249789759420282031e-01
-4.097132563652625681e-01 -8.294197514242377389e-01 -3.797340167879724726e-01
-6.488010243295017077e-01 -7.585977619557446872e-01 -5.988878346338701725e-02
-8.621580784652460583e-01 -4.511292159868399154e-01 2.305772716904544439e-01
-8.494057247568687075e-01 -4.996502861793052919e-01 -1.698808590489140347e-01
-7.560413037263845615e-01 -4.476557105436545503e-01 4.774996459447531927e-01
-5.534698876367374343e-01 -7.346058885524532345e-01 3.924605355745184876e-01
-8.960216077800661205e-01 -4.181432270724195210e-01 1.493369346300110201e-01
-6.081174842023482352e-01 -6.479945003235825229e-01 4.585806940526360731e-01
-5.570557095623677180e-01 -6.863717561785113164e-01 4.675283400654908772e-01
-5.083251496903707922e-01 -5.182923048286971479e-01 6.877344174516927255e-01
-7.067916254819023303e-01 -7.067911507998380083e-01 2.986414739601324364e-02
-3.101705513801579217e-01 -6.203411027603158434e-01 7.203965194825999729e-01
-5.116915321064130495e-01 -6.320893708072808925e-01 5.819233654726775340e-01
-6.032216629924750384e-01 -2.669996751706975591e-01 7.515549206514019476e-01
-3.319476946875663526e-01 -3.520659620807518042e-01 8.751344390068104273e-01
-7.816432869929932359e-01 -4.309061290405849509e-01 4.509475355892832993e-01
-8.436960381172180501e-01 -1.786650294453956400e-01 5.062171495698124524e-01
-6.473189441638119712e-01 -7.269894137087147268e-01 -2.290514721238587903e-01
-7.323104178744705983e-01 4.815191854290534756e-01 4.815191854290534756e-01
-9.397180723831171090e-01 -8.997287000759025821e-02 3.299012384019737176e-01
-7.624438879633962385e-01 8.025738984019616107e-02 6.420576836105140739e-01
-3.202238883715597395e-01 -4.903430676545673106e-01 8.105679103685928810e-01
-2.314741854841898538e-01 -8.856419997530118327e-01 4.025642181415494125e-01
-2.807729599988443847e-01 -8.523472029417133999e-01 4.412151295807126838e-01
-1.404152006447878798e-01 -9.628445280813113794e-01 2.306815687734082299e-01
-2.500625644860471897e-01 -9.102275821031348135e-01 3.300825088085437842e-01
2.001046180263091681e-02 -9.504752286820918883e-01 -3.101554788814325225e-01
-7.019327418447670608e-01 -7.119608237656442906e-01 -2.005520753402579084e-02
-5.998243876915328870e-02 -9.897030892771252475e-01 1.299611561760650180e-01
-4.877137401315493337e-01 -7.664059159869995863e-01 4.180398062709143048e-01
6.438426572005722104e-01 -7.645624958383120395e-01 -3.017983973445906298e-02
7.202162264923448465e-01 -5.101527232002437406e-01 -4.701412405953161455e-01
7.913459986687157999e-01 -6.110402163122800046e-01 2.003408196186863902e-02
9.427854364301493373e-01 -2.407110429770182580e-01 2.306811969886768676e-01
9.138001152398494975e-01 -6.025050969211773882e-02 4.016705434426052768e-01
-6.048319126131557893e-02 -8.366782174706453024e-01 5.443448759609946785e-01
6.782050258701731726e-01 -7.280732103294222934e-01 9.973636891849821384e-02
-2.621587731533833177e-01 1.814946831972350239e-01 9.478040185765452819e-01
7.968183491692826248e-02 3.983996757606519251e-02 9.960238863440021850e-01
-1.098797757369348316e-01 -9.989005569718099886e-02 9.889127421854847499e-01
9.017159310850791920e-02 4.007625298721504969e-01 9.117337760809058889e-01
-2.489680133979772503e-01 -6.971148063239616943e-02 9.659996054723333225e-01
-4.105956736388647887e-01 -7.110318352229849648e-01 5.708282772327251120e-01
-9.302789560873341301e-01 -3.300994767855790490e-01 -1.600481155370059305e-01
-6.010873508169149726e-02 -1.803252498491421663e-01 9.817686816321467003e-01
5.731602650877597460e-01 2.011093570429770272e-01 7.943817325658296680e-01
4.701404402906269042e-01 2.700812924501573287e-01 8.402523798667802524e-01
2.590691363471653297e-01 3.587104539936264991e-01 8.967775603727047296e-01
3.275524106330205409e-01 3.077007637249767336e-01 8.933250574631627083e-01
5.464595401779862582e-01 6.954954245987941819e-02 8.345926144485614762e-01
5.091607937943959383e-01 -5.990118584893341924e-02 8.585843779131742126e-01
1.104543691590317983e-01 3.112787102691179641e-01 9.438778506072038610e-01
2.295647062395741733e-01 9.981043145176345111e-02 9.681621369494630702e-01
5.886478842441680293e-01 -1.795875102670451973e-01 7.881890601441690070e-01
9.985531342784271791e-01 1.997106268556854414e-02 4.992789478776783751e-02
9.470685021310252250e-01 -2.891056170843943063e-01 1.395678847068611006e-01
9.833491374746962110e-01 -1.806148840546273338e-01 -2.006832045051414742e-02
9.743650495633506825e-01 -1.590797758821166363e-01 -1.590797758821166363e-01
9.044884343890666756e-01 -3.517451827858070201e-01 -2.411970116800667696e-01
9.618775027616625062e-01 4.007818946759385964e-02 2.705280177911110195e-01
8.419810239414938779e-01 -3.107309783684975013e-01 -4.410376564473717509e-01
9.478225955161160288e-01 2.993119979568212297e-01 -1.097481448963436440e-01
8.352367093925550101e-01 -4.528390294780317293e-01 3.119558505053093844e-01
7.237006714561275977e-01 -6.734430280187833073e-01 1.507707735167606311e-01
9.572281433018937635e-01 -2.891623315050385612e-01 -9.971344411835541405e-03
8.660400624955478799e-01 4.733009420528536682e-01 1.611236432203188851e-01
6.699326279299191444e-01 5.299471326518769843e-01 5.199483730419457439e-01
8.531624827098800434e-01 4.516743681667801380e-01 2.609675137588076677e-01
4.795927566100207096e-01 8.692613353695433087e-01 1.198979509364521689e-01
8.028542587548004317e-02 9.935333415562789261e-01 8.028542587548004317e-02
-1.995961413832424494e-02 8.982054787566265963e-01 4.391224564230671312e-01
-2.599872726360109021e-01 9.299534848932922149e-01 2.599867958226143028e-01
-4.020552648193841117e-02 9.950879786471803490e-01 -9.046231476244094571e-02
6.384056233646755452e-01 7.680824790851882300e-01 -4.987549878157886141e-02
7.408891051464568944e-01 6.607939921035254072e-01 1.201442211476206612e-01
6.607932210676947804e-01 7.408897886183337667e-01 1.201442471034773890e-01
8.178062514619294232e-01 5.754936446823608609e-01 0.000000000000000000e+00
7.647566777853052056e-01 6.440048152778390378e-01 2.012515047743246993e-02
9.208751549413842774e-01 1.901812573147560470e-01 -3.403234320141063085e-01
-3.393054893802628924e-01 7.085484667665213898e-01 6.187332665367459850e-01
-5.161938604463264246e-01 6.154623838795588719e-01 5.956088921992425123e-01
-5.979055729882145481e-02 2.491295395705606375e-01 9.666227608386102066e-01
5.099746177662977109e-01 1.999849975723769213e-02 8.599569461557817762e-01
5.516846563588400087e-01 5.015341146810149697e-02 8.325434975160996842e-01
0.000000000000000000e+00 -9.999730076945562846e-03 9.999500014492666011e-01
-3.995205543940161252e-01 -1.797837732112385623e-01 8.989221999186737255e-01
8.115839679971725840e-01 -6.011779103750663350e-02 5.811345060231194459e-01
8.563681965914501371e-01 3.983105682640923906e-01 -3.286064562297019709e-01
9.852332253046386379e-01 1.393253354475247341e-01 -9.951855434166045900e-02
9.785819614934125887e-01 1.897256960739084342e-01 7.988432192224008410e-02
9.979562743273028280e-01 -4.989800406141868538e-02 -3.991821290408140849e-02
9.100910410070927048e-01 4.100409346278209854e-01 -6.000607476055525025e-02
9.974100562307792739e-01 3.989731540541058274e-02 5.984466520212974178e-02
9.836755933351817305e-01 1.788502801666285169e-01 -1.987220070844344585e-02
9.717994433079858441e-01 5.009298135830295845e-02 2.304268543484583043e-01
9.914386760524663833e-01 1.101594284238276156e-01 -7.010172577524952098e-02
9.240589208942835420e-01 -5.961710194679099156e-02 3.775723928879841096e-01
9.981551226191676118e-01 -9.981770166410851297e-03 5.988919312747048584e-02
9.012625332436260406e-01 3.605053953020654345e-01 -2.403366516563451571e-01
9.946358566999616846e-01 -9.042152862175742434e-02 -5.023404949273051895e-02
9.177086283121131949e-01 -1.895263476453513674e-01 -3.491283962523142881e-01
9.326608473340995964e-01 -1.885169770310437809e-01 -3.075794096182580262e-01
9.552202915010646889e-01 -2.915932901352853990e-01 -5.027472379536440661e-02
8.339709806959784144e-01 -3.014345553458567251e-01 4.622008353523753277e-01
8.627407707133801784e-01 -4.958271486504475800e-01 9.916552430179330357e-02
9.022582827982194020e-01 -4.310794459937434264e-01 1.002508671960419297e-02
7.741140195007699676e-01 -5.328311424856149170e-01 3.418164103869736348e-01
8.816766923873591288e-01 -4.708957124606794609e-01 3.005724683059256969e-02
8.427008606737580454e-01 -2.407723578642890772e-01 -4.815432806178259195e-01
9.000898765133379387e-01 -2.300235618991597619e-01 -3.700369916230370482e-01
9.332253552691144316e-01 -2.910049636038289922e-01 2.107286108737238539e-01
9.354739251576579262e-01 -2.985555282222708828e-01 -1.890849859667482202e-01
7.904350895796631304e-01 -3.802084622589206320e-01 -4.802644005002836836e-01
9.521925817158131133e-01 -2.004614452229758759e-01 -2.305309009753148120e-01
7.707321898620655976e-01 -4.404192124198456626e-01 -4.604376275261478080e-01
-5.400801813131816953e-01 -6.000905740643608377e-01 -5.900887227119551159e-01
-1.992737498478876490e-01 -7.173864496645875333e-01 -6.675677152613056498e-01
-5.398379552860013142e-01 -5.098472226001685703e-01 -6.697990681088796805e-01
5.974998643175616353e-02 -8.763271196049225997e-01 -4.779965675256934166e-01
-3.199358808030232093e-01 -6.798637467064242434e-01 -6.598684096765785601e-01
3.382967871113252700e-01 -5.173938581899915068e-01 -7.860399985607789963e-01
5.984455893447734320e-01 -7.580320310412673734e-01 -2.593266598505403753e-01
-9.987470696292054251e-02 -9.388271983728241343e-01 -3.295884319943653828e-01
8.374495428118580165e-01 -5.283910206595300307e-01 -1.395750426494289931e-01
7.276390732488821067e-01 -5.581889171740471722e-01 -3.987060468886476361e-01
8.386174961972319153e-01 -4.093249797856607919e-01 -3.594075068711757304e-01
8.580290192600414922e-01 -4.489681639331984386e-01 -2.494269229295501544e-01
2.994475016267020284e-01 -6.388192425920827811e-01 -7.086897551563758890e-01
6.608927028222337796e-01 -7.109605343921365783e-01 -2.403246843192980708e-01
8.379491894538150243e-01 -4.688532361807499771e-01 -2.793166640509161525e-01
2.802661580535175112e-01 -6.105805602671942056e-01 -7.407038950037455605e-01
3.597120574393545267e-01 -1.598715490723830734e-01 -9.192650997018994019e-01
4.811082166991412779e-01 3.307614807852781724e-01 -8.118692792890380705e-01
5.772078464288262767e-01 -2.985621643927819507e-02 -8.160512902758793041e-01
2.882612197619548455e-01 -7.952027110975261326e-02 -9.542442012734377865e-01
2.610719458645871516e-01 3.112784207800746716e-01 -9.137544439504198257e-01
2.911971886859430758e-01 4.116911241847948655e-01 -8.635476915427793276e-01
3.096590575274280610e-01 -5.993453354274663747e-02 -9.489568587560966995e-01
4.386644569850771669e-01 -2.691805918924497498e-01 -8.573886534859308517e-01
4.007619024053787893e-01 -9.017166691414635338e-02 -9.117340445910451230e-01
6.913498237402909696e-01 -4.007818140963877451e-01 -6.011733183565927119e-01
8.512351709589187632e-01 -3.905668940387472254e-01 -3.505084663791537825e-01
3.812794764867561415e-01 -5.016757155252523498e-02 -9.230975980764479782e-01
3.575763366800591703e-01 3.774421623451925112e-01 -8.542110848792904276e-01
7.196764963473574195e-01 7.996299598807653231e-02 -6.896895387620451956e-01
6.300631237836326060e-01 -1.000094292193350054e-01 -7.700769923294901176e-01
4.110907366194396784e-01 7.921019197869545447e-01 -4.511972461523978684e-01
5.802903422989752480e-01 6.503250874948316440e-01 -4.902452439436589815e-01
1.995016135418342385e-01 6.084811104260091641e-01 -7.680819256101106829e-01
-5.297609842905394162e-01 8.396227114378510548e-01 -1.199458292783457808e-01
-9.831017996192652486e-01 -1.805689763727686969e-01 -3.009478953328193276e-02
-5.954627231273230681e-01 -7.145539427082234774e-01 -3.672013185242203881e-01
-7.359998956908728740e-01 -6.763237926664468214e-01 -2.983757725247348017e-02
-4.891680949291787872e-01 -7.287628850714267248e-01 -4.791860100688754565e-01
-7.910286945495844657e-01 -5.707428995523121662e-01 -2.202865111844108659e-01
-6.812963493720153307e-01 -3.707045656440990933e-01 -6.311999757152915169e-01
-8.973118480795870822e-01 -1.395823924014630013e-01 -4.187459886703157053e-01
-5.378260359054606310e-01 -2.091555721224274689e-01 -8.166989051984568926e-01
-8.685247339677103495e-01 7.986427769422933809e-02 -4.891691769057989192e-01
-8.302072136134376334e-01 9.002273328353614656e-02 -5.501380644496191019e-01
-7.355630779111591577e-01 -2.584413888736062925e-01 -6.262228093346196012e-01
-6.624554570799230380e-01 -2.308562407166087904e-01 -7.126416796028881562e-01
-8.542950693197546297e-01 2.284748465560180464e-01 -4.668824038525759557e-01
-6.367919234243069049e-01 2.288468602569065924e-01 -7.362914917423176719e-01
-7.273136955877118615e-01 3.188223377737349762e-01 -6.077557940053189833e-01
-6.970441938672954363e-01 3.286061144134095335e-01 -6.372969585413171822e-01
-9.322021191479289426e-01 5.950264525384153097e-02 -3.570135071168958896e-01
-7.943409218497999857e-01 -1.307144502935934649e-01 -5.932421363652902180e-01
-6.103978239691356666e-01 5.003267109870474655e-02 -7.905132689060144768e-01
-2.898550318013386473e-01 1.199399145525150423e-01 -9.495253958881669787e-01
-6.368868601421369124e-01 -3.084923249687342439e-01 7.065462566694944435e-01
-4.313394276245725578e-01 -6.018689242833903386e-01 6.720863755191445188e-01
-7.997992020579686168e-02 -7.098225069033390344e-01 6.998251360570963975e-01
9.959926902094509357e-03 -7.070721826394908982e-01 7.070712328991550777e-01
-1.097475602789182159e-01 -9.478226067395814081e-01 2.993121767757037643e-01
-3.403237813987021188e-01 -8.508084989146849075e-01 4.003805964192433953e-01
-6.386919402882308416e-01 -5.588554477522019726e-01 5.289170009827069974e-01
-5.126204440258000927e-01 -7.639062911032392655e-01 3.920044116839562220e-01
-6.663779568830408007e-01 -5.370804582281336614e-01 5.171895203596472701e-01
4.007819925224835600e-02 -9.919361481478792264e-01 1.202348366416558650e-01
9.657121103819443775e-01 -1.393810008629151609e-01 2.190275244349514649e-01
7.686561196839367671e-01 2.495631860806485913e-01 5.889702758422611373e-01
8.792814125176772189e-01 1.414934443084832905e-01 4.548008386300979589e-01
8.799122612690400969e-01 6.999263068264308107e-02 4.699525977356948658e-01
5.002994253198025376e-01 4.802888605929329091e-01 7.204325752039656416e-01
6.695649932549569971e-01 -2.998049008046376751e-01 6.795584899484449215e-01
8.073400237464264384e-01 -1.594745256514841503e-01 5.681284729049881355e-01
7.730349540286254317e-01 -3.072322648139035328e-01 5.550002660425313872e-01
7.403701469772937527e-01 5.002473915813606536e-02 6.703354167407394870e-01
6.963882076158092183e-01 5.173166018345818351e-01 4.974203431303964584e-01
1.807428717982190458e-01 4.518562218869783265e-01 8.735891305620500091e-01
-1.802338102999612723e-01 3.704823076904151247e-01 9.111852903296574491e-01
-8.962101406913750012e-02 1.991551711348496859e-02 9.957768053210125370e-01
-3.999596484783382588e-01 1.099891417262980897e-01 9.099091538672398061e-01
-6.399682313425758551e-01 -2.399877291435412452e-01 7.299633913647873840e-01
-3.186492031231288324e-01 1.493666062287502538e-01 9.360300755278649909e-01
-5.935422102378163922e-01 0.000000000000000000e+00 8.048028607466599649e-01
-6.408980472767377146e-01 2.002808188387303068e-01 7.410379791901033908e-01
-4.990029457167776683e-01 6.786440727988987121e-01 5.389232622747897050e-01
-5.123107586537155589e-01 3.515855611754715171e-01 7.835338408394261211e-01
-3.990050175123823761e-01 2.294270289010019170e-01 8.877827630730406039e-01
-4.413042046308058852e-01 3.811260107266258856e-01 8.123998787067732152e-01
-3.602700537997706731e-01 1.501127610142273250e-01 9.206908532812714263e-01
-5.974954887942938164e-01 1.991656377786356347e-01 7.767446102797863627e-01
-6.970441394874515861e-01 3.286063261887915421e-01 6.372969088226488887e-01
-7.345479448787108900e-01 -6.948419789525833723e-02 6.749898243064962333e-01
-9.811290092941424845e-01 -7.008081401618491968e-02 1.802069549943160487e-01
-8.531626864910138996e-01 -1.003719822260148997e-01 5.118973486583580090e-01
-6.371709456644576441e-01 -7.964627919631896147e-02 7.665961493584759756e-01
-7.216617753773494348e-01 3.006944973846207084e-02 6.915924451233097514e-01
-8.689477657276855060e-01 -2.369855456179079112e-01 4.344739711479223554e-01
-8.164965611443891769e-01 -4.082483992721737120e-01 4.082482212222049989e-01
-6.568222067890370219e-01 -2.886033841566629232e-01 6.966295108033401240e-01
-4.706831179515559294e-01 -7.911479325095452930e-01 3.905667053926558663e-01
-1.198443067485346070e-01 -9.887155009117560844e-01 8.988325982505532274e-02
-1.299351573755056222e-01 -9.595203556055998950e-01 2.498750528890502087e-01
1.203070652421159986e-01 -7.819965814032038276e-01 6.115615723102062473e-01
-2.099368267436458602e-01 -9.397181778598941992e-01 2.699190155889145126e-01
3.196165273275580199e-01 -8.989220040245181620e-01 2.996406283193527864e-01
3.699632925784597237e-01 -9.199079027756130733e-01 -1.299869707142914943e-01
1.603449575093059964e-01 -9.520491409428392116e-01 2.605607948854559708e-01
8.322953509345250023e-01 -5.053220761109417092e-01 2.278904302679326810e-01
4.293564151085280112e-01 -8.986530476680203439e-01 8.986528096062554316e-02
4.629488602318957979e-01 -8.655137176856501080e-01 1.912180883388213959e-01
4.022181660030072492e-01 -9.150467412097126330e-01 3.016634446966593580e-02
4.501125379476120791e-01 -8.902225856509741186e-01 7.001750623418157016e-02
-2.205520377832682899e-01 -9.523839624846605068e-01 -2.105269261440558537e-01
-5.968739602645724285e-02 -8.654681910901448338e-01 -4.973954412404010816e-01
7.210824787092067201e-01 -6.910372908628098498e-01 5.007515886719609427e-02
6.371391194060012086e-01 -6.271837112604654596e-01 4.479892128747015034e-01
5.802904444237199089e-01 -6.503251731559887006e-01 4.902450094291169735e-01
5.274220654587457036e-01 -8.259628258917636190e-01 -1.990260664137307456e-01
8.120326546741066798e-01 -5.814554029277891889e-01 5.012566357670840411e-02
6.421547906546646312e-01 -7.424914337093814209e-01 -1.906402258377047076e-01
4.984821223905042675e-01 -7.477230053146999289e-01 -4.386637447752113617e-01
6.838057514621042055e-01 -7.240296403498396316e-01 9.050289587758361676e-02
8.451542965625078452e-01 -5.269784442508230748e-01 8.948706217612957536e-02
2.692738628368389064e-01 2.593005278350212772e-01 9.274992307583909135e-01
9.375187309853219020e-01 1.595777322281048682e-01 3.091821088430031783e-01
8.198359358596801760e-01 2.399517196006872022e-01 5.198963459515322239e-01
9.815225851844151528e-01 -1.902950099034717568e-01 2.003057609605871786e-02
9.328964497213638740e-01 3.510899408567277336e-01 8.025003131771482612e-02
8.990564673141169250e-01 3.895912767525688269e-01 1.997901540591118241e-01
6.607925960044828129e-01 1.201439998622201577e-01 -7.408903861994453610e-01
6.798645308716205760e-01 1.399721513625644398e-01 -7.198555525281766787e-01
1.802077352392967013e-01 -7.008060027602566744e-02 -9.811288812510186030e-01
6.509435273105668163e-01 4.506541846421712738e-01 -6.108873301329608152e-01
5.187308327528644680e-01 5.686084681286183162e-01 -6.384377284621778337e-01
5.399731042434031680e-01 1.899906073172629162e-01 -8.199589110589385887e-01
3.610853594302804725e-01 3.009041473425952962e-01 -8.826517191492524450e-01
6.472550454959337118e-01 2.589023980573736949e-01 -7.169591720315726668e-01
7.404077264932225066e-01 4.802644970280048331e-01 -4.702578138038485123e-01
6.223066869484541463e-01 5.118975209531528847e-01 -5.921953355281136533e-01
7.062671511610835173e-01 6.664765973748667527e-01 -2.387376307632015915e-01
9.812765053005908511e-01 1.902474467453779128e-01 -3.003879411567741270e-02
9.659993609493078282e-01 2.489688389231695942e-01 -6.971192072219685454e-02
8.862414388098004414e-01 1.991555875764323691e-01 -4.182262116049408340e-01
9.773082597715407882e-01 -1.914315197534941226e-01 -9.067821473314317815e-02
9.019631139475059456e-01 -4.262026985243245747e-01 6.938155986068680892e-02
7.246528127894726889e-01 -6.843941365551178269e-01 -8.051687255029332801e-02
8.141214863195097573e-01 -5.326970974667656344e-01 -2.311709494365489781e-01
9.159330087018390243e-01 -3.982320421996380921e-01 -4.977915362782729669e-02
9.058877244490992631e-01 -3.882371215105503426e-01 -1.692316996712944499e-01
9.682104100891963938e-01 -1.197786982090748714e-01 -2.195943197130782731e-01
9.943974314441637041e-01 -6.960799090072378181e-02 -7.955171864902983725e-02
9.928278115221927935e-01 7.942614917502466287e-02 -8.935560136488332472e-02
9.676322187655901352e-01 2.394141008261231884e-01 -7.980462099653068409e-02
9.872334338344568305e-01 1.309591058007960884e-01 -9.066344206615530033e-02
8.573184668415936294e-01 -2.924969594139689710e-01 -4.236160704529070564e-01
3.192194073096099594e-01 -5.686083503581277343e-01 -7.581447842595172570e-01
9.706796696302831817e-01 -2.401683452359855975e-01 1.000724302956308882e-02
9.346379188839265550e-01 -2.411969325329076652e-01 2.612967667634610858e-01
9.747882178157257771e-01 -2.210861728002079252e-01 3.014688382234064282e-02
9.950371761167899898e-01 -9.950385995288880958e-02 0.000000000000000000e+00
6.282112985805653471e-01 1.994322337531876169e-02 -7.777871380892861231e-01
7.665962219159635493e-01 7.964635609455769649e-02 -6.371708487564615719e-01
5.992520173348233614e-01 -4.993746967689686317e-02 -7.990014197999987244e-01
7.852638477767283076e-01 5.964016624207965633e-02 -6.162821918127315834e-01
9.287474487260094502e-01 -2.995943766869280100e-02 -3.695004852222853464e-01
6.757892415868694824e-01 -4.969031572194176904e-02 -7.354180943374303281e-01
9.022579644487002115e-01 -2.506273783307755854e-01 -3.508795845014785475e-01
6.650739429226066868e-01 -4.030760269665311507e-02 -7.456889080643657186e-01
6.251149807295784955e-01 -3.730526823592398289e-01 -6.856113746518758267e-01
7.750939869233605117e-01 -5.838367252204302860e-01 -2.415864021817728802e-01
8.022085879161044986e-01 -5.214361798380118262e-01 -2.908018085046758516e-01
6.887956722107778651e-01 -4.492142687433118287e-01 -5.690053274804325323e-01
9.469272570480746776e-01 -3.987059133076483602e-02 -3.189656812359985549e-01
6.551698224896641554e-01 3.970723328133974467e-02 7.544374323454552389e-01
1.808981582235100471e-01 3.617955976235413540e-01 9.145380264874536369e-01
5.640240746784448422e-01 5.739206618171504015e-01 5.937102973020497165e-01
8.320824970384554931e-01 5.513806043360094389e-01 -6.015103726708133369e-02
4.279933225825862109e-01 8.858461201348982739e-01 -1.791601720993409586e-01
2.107283994288614293e-01 8.328786841754933779e-01 -5.117681497712113226e-01
9.950103582243161743e-03 8.556894557437648707e-01 -5.173939995473876285e-01
5.410561650850559401e-01 7.815255983322929589e-01 -3.106058038330966053e-01
3.098292185138719623e-01 7.295991131374638394e-01 -6.096646532841721866e-01
5.704279899506841112e-01 5.604207241387088034e-01 -6.004502645820614104e-01
5.405136400831692667e-01 8.407992078141532932e-01 3.002827039864694111e-02
9.364017164549331973e-01 1.992345441960018948e-01 2.888899822064901479e-01
8.999550135298161058e-01 3.499824257927584004e-01 -2.599870674836829432e-01
9.922848755138262700e-01 -1.202771066788507065e-01 -3.006897795859552955e-02
8.145331667761070982e-01 4.826866584827225748e-01 3.217907859844186813e-01
8.150281207239198356e-01 5.433517606180110482e-01 2.012412151189288401e-01
1.191452088570745804e-01 -2.780058424139051909e-01 -9.531616708565966434e-01
-1.894217706783201949e-01 -8.573889628295530141e-01 -4.785431633731206391e-01
-3.490584746560009832e-01 -2.692736260997482534e-01 8.975800218130520758e-01
-7.448576574660733529e-01 5.536098243733507118e-01 3.724288287330366765e-01
-6.335258465081486934e-01 -1.206714528094390143e-01 7.642534934712389427e-01
-6.197212381842549522e-01 -5.397572689505256704e-01 5.697435191017478084e-01
-7.996401351027710991e-01 -2.998623100838860092e-02 5.997303396383525387e-01
-6.476087946235296045e-01 6.774971887748375554e-01 3.487125009638331607e-01
-6.361624454630964154e-01 7.156835806069636874e-01 2.882609155470237106e-01
-8.031619239047335101e-01 5.651884451807553944e-01 -1.883957149826056277e-01
-7.183855886944418012e-01 6.884526575955902672e-01 -9.977516828203991661e-02
-8.136695525763353309e-01 5.725827079497953775e-01 1.004534806121997054e-01
-8.459425705381515836e-01 5.236786198068438258e-01 -1.007068543273179489e-01
-7.789105422819763147e-01 6.191335995602919029e-01 -9.985966662028046559e-02
-6.099692142969256325e-01 7.799611642502529696e-01 -1.399933565258766055e-01
-7.617920704077099092e-01 6.415095898842720912e-01 -9.021245784506591592e-02
-7.011934058417491622e-01 7.112097175515637026e-01 5.008537974571946466e-02
-6.184873674050775927e-01 7.381934911807106481e-01 -2.693394622753425560e-01
-8.065794547269609094e-01 3.186484419227559872e-01 -4.978882943718984655e-01
-8.152445985749150470e-01 4.772165469517664627e-01 -3.280862871408343207e-01
-6.948419447200175902e-01 6.749904875151803152e-01 -2.481582431065368910e-01
-6.590120323033694660e-01 7.488777206331986847e-01 6.989492698764170064e-02
-5.592738276768381978e-01 6.691305233804920594e-01 -4.893640039441468081e-01
-5.271875767953057013e-01 7.659130154082055553e-01 -3.680360195701005699e-01
-7.901977381887659302e-01 5.501375254575026075e-01 -2.700670984123283436e-01
-7.599617401516716164e-01 5.999702716701909022e-01 -2.499876529303802219e-01
-4.293779964614831690e-01 7.389290604025858800e-01 -5.192478982598524029e-01
-3.988446827948686213e-01 6.281809697273758042e-01 -6.680655568719542359e-01
-4.994508159900270527e-01 8.091103838245878865e-01 -3.096599250696224215e-01
5.400802412070121461e-01 8.401265153314044776e-01 -5.000771235406538395e-02
-2.197368334464826212e-01 9.588502730042212097e-01 -1.797828634398818404e-01
-1.300130822736294545e-01 9.800977764974644346e-01 -1.500164889018422987e-01
-1.691731069253222530e-01 9.453787501128461113e-01 -2.786386167212044351e-01
-2.602475221026775976e-01 9.208752324695460567e-01 -2.902757886279460076e-01
-6.283370738780257314e-01 7.779412070268550972e-01 0.000000000000000000e+00
4.409710118529330258e-01 8.218105687784873492e-01 -3.607935084634694145e-01
-1.992729450248053591e-01 9.266245630681468892e-01 3.188372821674197444e-01
-4.982608023054260066e-02 9.765877037285981555e-01 -2.092697270389658748e-01
2.977377463779952785e-02 9.924366761411703708e-01 1.190922591677689851e-01
-1.197785450177918654e-01 9.781921649150771003e-01 -1.696855581720948525e-01
-2.591595031130786153e-01 6.678335923195574120e-01 6.977353688295709899e-01
-5.704285411741926159e-01 6.004505559888893007e-01 5.604198508498035025e-01
-6.421549725392355912e-01 6.120537638342008480e-01 4.615486771939900090e-01
-4.692029296947030081e-01 5.989832433176526250e-01 6.488972838520540298e-01
-5.697442362023490414e-01 5.397568069230540555e-01 6.197209813250077470e-01
-5.312242845628164511e-01 3.708536657161634609e-01 7.617534496906515074e-01
-5.803188292547992733e-01 -8.004416153088306229e-02 8.104461663905611069e-01
-5.375062904705294464e-01 -1.094919254479442133e-01 8.361211072364533869e-01
-6.181174406677302224e-01 -2.093623167642051641e-01 7.576927146683538616e-01
-8.691745768818811557e-01 -6.993345249147098208e-02 4.895353584010308512e-01
-7.198560239329420130e-01 1.399719384395123611e-01 6.798640755746263586e-01
-6.522534733427434173e-01 9.031222550493619994e-02 7.526015602140834204e-01
-5.201826760491193857e-01 8.002819573914360385e-02 8.502972841454418118e-01
-6.414765017959529469e-01 2.305308568017673809e-01 7.316853297052426930e-01
-8.067228466003875109e-01 2.521011299849938991e-01 5.344560496741119771e-01
-7.361814979291128047e-01 1.989702160871358386e-02 6.764916190448705402e-01
-8.325432051907449837e-01 3.711336372997787736e-01 4.112561668295776074e-01
-6.868815317748502292e-01 1.692317419368581100e-01 7.067916091944300705e-01
-6.421544102377170216e-01 6.120541399219867618e-01 4.615489608011342781e-01
-6.435495114402173256e-01 1.307209195923108580e-01 -7.541591791564948855e-01
-3.999795390372795634e-02 2.399877234223677380e-01 -9.699515741984569006e-01
-4.837889601948578422e-01 5.442620996185596471e-01 -6.853663319075248284e-01
-4.098978187823719144e-01 3.999005551800808300e-01 -8.197946841277495844e-01
-3.809540691355813302e-01 -1.503764175400137126e-01 -9.122833607256433108e-01
-1.684812245158757715e-01 2.576784873494846195e-01 -9.514283336872580987e-01
-2.696500962415838698e-01 -8.988324635926164818e-02 -9.587543103531919186e-01
-1.996009173077244736e-01 5.988027519231734624e-02 -9.780459224662242379e-01
-1.702215821148499175e-01 -9.011730115700194998e-02 -9.812764569755536570e-01
-2.994981453114183706e-02 -4.991522698401076874e-02 -9.983043016659223223e-01
2.401799246086875061e-01 0.000000000000000000e+00 -9.707283882811738041e-01
-2.299776100905391585e-01 -7.999291702497815515e-02 -9.699027951722165586e-01
2.417826134254672799e-01 2.115618283676382605e-01 -9.469861459508756019e-01
3.980742529440745581e-01 4.378815833303200122e-01 -8.060996266734954396e-01
-6.985659815919474658e-02 3.393051083014097524e-01 -9.380789408009293506e-01
-1.394645781266682649e-01 5.877413399041319098e-01 -7.969377320817769839e-01
-1.995114635008988224e-01 7.980477566949955026e-01 -5.686079088139865956e-01
2.506265218033486564e-01 5.112800452967789511e-01 -8.220578214761290470e-01
2.999092736526092762e-01 5.898222706682400007e-01 -7.497760442965123451e-01
2.202857834126033532e-01 5.707419146212256988e-01 -7.910296078660981056e-01
2.691808001621128210e-01 8.573889008964145075e-01 -4.386638456081411452e-01
5.434619749034650393e-01 6.642311960166293883e-01 -5.132699095722870197e-01
4.180603906723998064e-01 5.175979912844220765e-01 -7.465372255749688213e-01
4.719381146237341396e-01 2.209087510628816864e-01 -8.535067308868939939e-01
4.777830997738599095e-01 2.986149119939807695e-01 -8.261673219786103139e-01
5.314368901130502865e-01 2.406505589651189159e-01 -8.121958755723557299e-01
3.910757968665742323e-01 -1.804965951929433099e-01 -9.024858448911698972e-01
7.978887942385169962e-01 -1.695523556014212063e-01 -5.784682106551879421e-01
5.212003439343770861e-01 -1.904379989760884850e-01 -8.319156027077929672e-01
7.642925156914024409e-01 4.022491234120549597e-02 -6.436139424260863828e-01
3.711347577085362670e-01 8.325426160634994410e-01 -4.112563483507221673e-01
-2.998624243694297808e-02 9.995503115223930424e-01 0.000000000000000000e+00
1.493227288481529802e-01 9.457068185794187398e-01 2.886889951864036186e-01
-1.497461738756033223e-01 9.683551636573891619e-01 1.996606131105695126e-01
1.408978466840955790e-01 9.460266167011057714e-01 -2.918585912609807376e-01
5.575241625415499058e-01 8.263311672896833660e-01 -7.964678366395504250e-02
8.094447699458620082e-01 2.023561265875356216e-02 -5.868472411007957801e-01
2.693948950392816011e-01 5.387897900785632022e-01 -7.982054576572827909e-01
-1.589159914862459666e-01 5.859999361809166141e-01 -7.945752213893313431e-01
2.109088492109678359e-01 8.034613705165392916e-02 -9.741981090031852641e-01
-5.249578196366881944e-01 -3.230509659302696623e-01 -7.874372108389431357e-01
8.988336445201752789e-02 -3.595325053712832286e-01 -9.287934960884652869e-01
-6.039634493765434764e-02 -3.724482870401104595e-01 -9.260856088931839203e-01
-4.804566172609667229e-01 -5.405140523862926871e-01 -6.906562083287870468e-01
-3.381453916577651375e-01 -5.469998424774521473e-01 -7.657994949268766005e-01
-2.407724965226797076e-01 -4.815440363043069216e-01 -8.427003892356953463e-01
-4.364789512884450495e-01 -5.059183974309928722e-01 -7.439977824046219990e-01
-5.614341486631443390e-01 -2.706914901442426524e-01 -7.819960446692679756e-01
-1.303788176193479142e-01 -1.303788176193479142e-01 -9.828543777347495958e-01
-1.993279382638465241e-02 -3.986463720484701434e-01 -9.168880813833647503e-01
-1.212548201064615472e-01 -3.738717188553015713e-01 -9.195200957244664686e-01
8.986543467419565168e-02 -4.293566535559141806e-01 -8.986529183717618663e-01
1.788150637570412871e-01 -1.986828778441058208e-01 -9.636131417872783045e-01
1.997991775325148323e-01 -3.396606977940531125e-01 -9.190815518937301976e-01
-3.507902722345787039e-01 9.020231165238724869e-02 -9.320996340939929903e-01
1.400284198741918174e-01 1.400274660086195666e-01 -9.801960775226259415e-01
7.408894982345011204e-01 3.003599364371019043e-01 -6.007217825161073055e-01
6.761566638137140872e-01 6.861003672895056305e-01 -2.684743041438301114e-01
6.208075213064608855e-01 3.704809067541846024e-01 -6.908993553477419391e-01
8.856269231338529391e-01 3.283783194679218420e-01 -3.283787939619244867e-01
6.868820746064089322e-01 7.067911908779750396e-01 -1.692312857650423996e-01
5.422550347696759587e-01 7.631740363890013867e-01 -3.514610468439662849e-01
5.782391590396319669e-01 6.380564785104073655e-01 5.084519693973437171e-01
-7.168170861682842121e-01 5.077464250546629421e-01 4.778774244734940169e-01
-4.977898867485151535e-01 5.774361926715687598e-01 6.471264729895257473e-01
-6.038462105561819282e-01 7.246164124560370290e-01 3.321156557530547393e-01
-6.217121009989794445e-01 7.420433828399413123e-01 2.506904095790087883e-01
-2.793031347211797910e-01 6.483812577829446422e-01 7.082312500100013120e-01
-2.114213286384213075e-01 8.859559980977258498e-01 4.127747463586247667e-01
4.094674086055971052e-01 6.791181876465978151e-01 6.092084442105325515e-01
-9.986069826053575738e-02 6.191338531256054267e-01 -7.789102084687037353e-01
-4.602538503663110014e-01 6.803740954302335275e-01 -5.703134957990008136e-01
-3.974153206245759767e-02 3.278756935666444772e-01 -9.438846011020205484e-01
-3.086758826001440026e-01 4.879071015034248671e-01 -8.164960868268438254e-01
-4.004404096656551115e-02 4.104507038633624649e-01 -9.110031253959222086e-01
7.019387409991112436e-02 5.013811263874919932e-01 -8.623745045751617377e-01
-3.991820513180874275e-02 6.386922338340222938e-01 -7.684261625811301677e-01
-1.903243557860502533e-01 7.913463746638025320e-01 -5.809884292316686016e-01
-4.998428670244799144e-02 7.497747878174425562e-01 -6.598024997195421903e-01
2.209745747901679658e-01 8.236321577095999658e-01 -5.223028873009730733e-01
2.983754403724526300e-02 8.553511495606982429e-01 -5.171886811512964588e-01
4.396266955329075077e-01 4.096524512942233409e-01 -7.993204849892502351e-01
-2.501250064359672454e-01 8.904453664064675422e-01 -3.801901242808116144e-01
-6.953911809895850782e-01 7.152590132144296398e-01 6.953883388029141743e-02
-5.968746597067170478e-01 7.560409826402100242e-01 2.685938814798582985e-01
6.135074994030121909e-01 5.732775780615837480e-01 -5.431034585307920048e-01
4.004499741415293995e-02 6.106718896865358515e-01 -7.908705591490783338e-01
-6.983926274926974265e-02 5.088313610010622989e-01 -8.580286262360043992e-01
-1.507705952484730549e-01 6.734437814518376975e-01 -7.237000074839508024e-01
1.993184149045555340e-02 7.972926685748674136e-02 -9.966172613903326871e-01
1.998998092611180832e-01 3.098454192528420914e-01 -9.295353045610474929e-01
3.418341184801492183e-01 -4.122113927019034896e-01 -8.445301671164011648e-01
1.094916630419728171e-01 -8.361209156517674934e-01 -5.375066419440349685e-01
1.995115610116776350e-01 -7.980471953928757189e-01 -5.686086623929050843e-01
-4.898529286254231785e-01 -7.797659836678695333e-01 -3.898834685281950541e-01
-5.099740169464742623e-01 -8.199592704446607705e-01 2.599871090099215576e-01
-3.608674003101814409e-01 -8.420228187566707323e-01 -4.009642029987739997e-01
-5.125953914977807724e-01 -5.326966641009738268e-01 -6.734094064318757455e-01
-3.307619462449983283e-01 -3.608313878809293884e-01 -8.720075942537101055e-01
6.010470945465291176e-02 -5.209125771250285863e-01 -8.514913451670151900e-01
-3.701849515692842707e-01 -6.103057195788481604e-01 -7.003499341621951535e-01
-7.560041238238861538e-01 -5.272129777398748551e-01 -3.879487606165694102e-01
-2.506894845224702517e-01 -9.425956367475102349e-01 2.206088120053544266e-01
-1.000343855309583363e-01 -9.803430838526797642e-01 1.700604588188018018e-01
-2.795252302963065483e-01 -8.485580207844470868e-01 4.492381673346316773e-01
-1.999806085911906006e-01 -8.899106567805153967e-01 4.099594847493700511e-01
-2.983846018393180796e-02 -8.553511701088903907e-01 5.171885943127553231e-01
9.957804626616395538e-02 -9.161146069208424558e-01 3.883532408620841148e-01
-2.790941816266831466e-01 -9.469274006044786640e-01 1.594833400909857757e-01
3.182077374057890595e-01 -9.148454669209514778e-01 2.485992910474099371e-01
4.779958304866359642e-01 -8.763275886120893698e-01 5.974900396418197923e-02
7.956743370943789029e-02 -9.747024857185576652e-01 2.088638020983027421e-01
8.038320029997383931e-02 -9.645926541739525684e-01 2.511962432505390197e-01
2.696492101717213319e-01 -9.587545463249574906e-01 8.988338753625094157e-02
-7.996395628124779165e-02 -6.896893612371498561e-01 7.196765597767810219e-01
3.419545161316990822e-01 -6.336223227886271792e-01 6.939667578213528643e-01
3.014962101372762882e-01 -8.039895742227265441e-01 5.125434613903666614e-01
5.662194141746877962e-01 -6.258199120991470021e-01 5.364186915385121823e-01
4.105341331350624845e-01 -7.810161790110233815e-01 4.706117865651728294e-01
6.386921034113864915e-01 -7.584466943526049221e-01 1.297343781175419875e-01
-7.374236271945315835e-01 -2.491306311920036820e-01 6.278059593991874854e-01
-6.487686061694674100e-01 2.195844067229952290e-01 7.286164862072752602e-01
-6.289004496837767855e-01 2.096334832279255767e-01 7.486908755269230387e-01
-2.817810150355439247e-01 -2.113346815694973346e-01 9.359151200463948772e-01
-1.603213611809210792e-01 -9.819658885392970049e-01 -1.002000743229542329e-01
-9.478225707478407092e-01 -1.097466046228091213e-01 -2.993126411542277321e-01
-8.557322376337491709e-01 -1.990072764400471206e-01 4.776174634561130561e-01
-9.334603869216968608e-01 -3.412643466159565597e-01 1.104099260790454701e-01
-8.438481849174004346e-01 -3.315118382556019316e-01 -4.219243319696084349e-01
-8.573886895909772488e-01 7.975799396048716128e-02 -5.084518633664997234e-01
-7.765518180106322221e-01 5.973519344328988984e-02 -6.272152585904415822e-01
-8.285923529549547029e-01 2.994980942512617816e-02 -5.590507325278900597e-01
-6.707040970751009246e-01 -6.306635076933806427e-01 -3.904094699550136882e-01
-7.363273208199000441e-01 -3.184116092320761204e-01 -5.970227162515907571e-01
-8.597420574437300012e-01 -3.299008945544139038e-01 -3.898833087407300169e-01
-5.005761350293110867e-01 -9.010385706898908775e-02 -8.609906085320606639e-01
-2.899570030895302630e-01 -5.099238422171264995e-01 -8.098781460799281406e-01
-1.988105413663409510e-02 -2.982153380477915450e-01 -9.542915465618763138e-01
-1.900952100387164889e-01 -5.002523103817389794e-02 -9.804903300797583876e-01
1.798829113571897564e-01 -3.497730424301305763e-01 -9.194024999916149410e-01
2.510693088558345609e-01 -3.715824621762264246e-01 -8.938068448796455678e-01
-5.009293484700700488e-02 -9.717994964361882371e-01 -2.304266403972953237e-01
-9.953553339170955611e-03 -9.256595776348822691e-01 3.782264838806713714e-01
1.501960955583575286e-01 -8.210675964322424747e-01 -5.507169281654641368e-01
2.297819618476323600e-01 -9.291176425370424319e-01 -2.897251392887091326e-01
2.602473766344418071e-01 -9.108658182205462417e-01 -3.203041744222291376e-01
2.706775739603732855e-01 -9.523839325925426147e-01 -1.403513302198803325e-01
1.615835020380158582e-01 -9.392025104437506933e-01 3.029676818495446455e-01
-8.963341127778132189e-02 -6.473509373356771679e-01 7.569033065810509830e-01
-4.097131822297857551e-01 -8.294196013450596539e-01 3.797344245808441654e-01
-2.784867260649231957e-01 -5.072425786582057672e-01 8.155673545464007246e-01
-3.609763165777958305e-01 -2.707316397706484579e-01 8.924127285606267002e-01
2.990120086666522500e-02 1.594743386782642436e-01 9.867491340203252692e-01
-9.062765592517017799e-02 -4.128594281395052135e-01 9.062746386045621438e-01
-5.011757659028181350e-02 -6.214623469624503960e-01 7.818393567892576446e-01
-5.028006218532139748e-02 4.223519469492475475e-01 9.050363242736835234e-01
2.991508769792685166e-02 -4.786385502617006571e-01 8.775022653710946585e-01
6.542668024664592963e-01 -7.448572508311845919e-01 -1.308534564867309402e-01
-6.291511976903471082e-01 -5.292859660089417329e-01 -5.692320586815039496e-01
-5.026201907753594655e-01 0.000000000000000000e+00 -8.645073416836558389e-01
-4.908350637102082969e-01 1.302222006282359734e-01 -8.614656805097549164e-01
-2.921849383583032811e-01 1.914314285053312359e-01 -9.370069209866930260e-01
-1.203071094247979700e-01 -3.408710994861755550e-01 -9.323803370711629679e-01
-2.483414559386825371e-01 -2.185407464833330482e-01 -9.436982904449719989e-01
-1.998651714500125284e-02 -2.998072877253716434e-02 -9.993506366809800090e-01
-2.089791515167213898e-01 -2.089791515167213898e-01 -9.553300102387144443e-01
-5.291010689379379572e-01 -3.593887676175960832e-01 -7.686948500926987782e-01
-3.015716555884939143e-01 -4.020966592363903747e-01 -8.645072661213143439e-01
-4.214350815178907195e-01 -3.812988855545160760e-01 -8.228023042875444171e-01
-5.592730256197945282e-01 -4.294416599710407789e-01 -7.090793633264177442e-01
-6.390741721553276911e-01 -1.997152914770783730e-02 -7.688857785831944014e-01
-6.125423216218376377e-01 2.469927272519736872e-01 -7.508571747721142220e-01
-2.101581427999015816e-01 9.006756415642441782e-01 -3.802853451130259743e-01
-4.801442943976410582e-01 6.101834834383628170e-01 -6.301885218697786950e-01
-1.910151593003837633e-01 5.328318106152523104e-01 -8.243806587456554702e-01
4.020758798909576659e-02 5.930626418075479744e-01 -8.041517597819152208e-01
2.503627157408727100e-01 6.108858477591476710e-01 -7.510905348720899877e-01
-1.591589872074584411e-01 6.465821700602296662e-01 -7.460562406087765108e-01
2.702025570052150050e-01 9.006758262772772694e-01 -3.402552485232042123e-01
-1.604743735755653766e-01 6.619552964681683083e-01 -7.321633430480313232e-01
3.972870668709879011e-02 6.058634873835688772e-01 -7.945760281561420335e-01
-4.933165815896907724e-01 5.235198335500407252e-01 -6.946695143796075556e-01
-9.986777353807907084e-03 8.289234739783575279e-01 -5.592728659301617888e-01
3.281185571507042598e-01 9.445842279839353761e-01 9.942268218724197373e-03
-2.297817510547540132e-01 7.892502587566238015e-01 -5.694597228380717802e-01
-2.506278544129704189e-01 9.022581725380454110e-01 -3.508787093578883964e-01
-5.988972883438879735e-02 7.585981550225455727e-01 -6.488004774786571005e-01
-3.188223121191116061e-01 5.280496919886383811e-01 -7.870932956681361281e-01
-3.980149597035509967e-01 3.781137609712154068e-01 -8.358313679303878141e-01
-6.901727977763627564e-01 4.701179309428211717e-01 -5.501369286055870500e-01
-7.505630442349192633e-01 3.802851548561820838e-01 -5.404056972542206072e-01
-3.287202963433211722e-01 4.183714589780982429e-01 -8.467043693547922079e-01
-5.329117540735139880e-01 -2.915933324833379636e-01 -7.943414825007895086e-01
-2.681170550801290076e-01 -1.390232899033981839e-01 -9.533025593375875628e-01
-5.916292359446808646e-01 8.022081609681487591e-02 -8.022091172757102040e-01
-5.469991463686278976e-01 -1.392360859911026816e-01 -8.254727410580378066e-01
-3.584975307943364387e-01 -1.792490028206132069e-01 -9.161600926705875114e-01
-7.019687083901325897e-01 -1.203378890718105887e-01 -7.019677520334032250e-01
-4.763462640502849621e-01 -2.480966526911576597e-01 -8.435296602069065619e-01
-5.819531166599077876e-01 1.304378995114807982e-01 -8.026932940923653392e-01
-6.269043430808749484e-01 3.681824881835715768e-01 -6.866094960174166095e-01
-6.597028959414495963e-01 1.799188416324090101e-01 -7.296720492879777975e-01
-4.779965360702379540e-01 -5.974992314358350959e-02 -8.763271410775712589e-01
-5.767501542698234562e-01 4.972003709170824681e-02 -8.154061426438570237e-01
-3.294405690233275785e-01 3.194572906752692898e-01 -8.884908277050488357e-01
-4.059005080269189047e-01 5.841017788284759149e-01 -7.029010524625066703e-01
-1.004935556730592594e-01 3.919251067204671535e-01 -9.144920754114472805e-01
2.399878492883341374e-01 5.499719162123631877e-01 -7.999604512547237034e-01
2.005117875363312402e-02 7.218433912464138347e-01 -6.917659060292481454e-01
-6.030217829579209710e-02 4.221157273096572404e-01 -9.045341121542191942e-01
-3.294402903515187830e-01 5.191186102854351558e-01 -7.886602332743963828e-01
-1.000723619628647240e-02 3.902731454007508649e-01 -9.206447345218002898e-01
3.512316003113784002e-01 3.110913518490152074e-01 -8.830959935066291511e-01
1.297279809100429226e-01 4.789952191887145161e-01 -8.681786860798640371e-01
1.500150196124136748e-01 7.700765920001491072e-01 -6.200625261569375768e-01
-3.923218003427751954e-01 6.941080957917366012e-01 -6.035706721935493180e-01
-5.791896400713636428e-01 4.194129741820952773e-01 -6.990222585309663339e-01
-3.098295770283297501e-01 7.295983585480930733e-01 -6.096653741212262334e-01
-1.598401841678734892e-01 5.794202805655422894e-01 -7.992016353802890993e-01
3.206414935300072599e-01 1.002004667281272687e-01 -9.418858206249374199e-01
2.787620760007469278e-01 3.185852297151393064e-01 -9.059774590965858909e-01
-1.891130300954122212e-01 1.791597127219694829e-01 -9.654729717529709765e-01
1.302539941086746367e-01 2.404698309893510688e-01 -9.618774128768646792e-01
2.612040748217403507e-01 4.018524228026774947e-02 -9.644467728181761457e-01
6.715462463565012863e-01 2.906691994770583265e-01 -6.815695529290164423e-01
6.527808388950177010e-01 1.908122712133154542e-01 -7.331219908896016157e-01
7.908705893852604474e-01 -4.004404421981105217e-02 -6.106719130334492540e-01
8.799561863061096112e-01 2.399877257108302686e-01 -4.099792698292814008e-01
3.974646109276698258e-01 2.782258436083825948e-01 -8.744211016486965748e-01
2.594687068289646681e-01 3.792240985758738581e-01 -8.881807660807683469e-01
5.566699373687663543e-01 7.753619862646560223e-01 -2.982153099449807998e-01
-1.597921866108472644e-01 4.294422158440723281e-01 -8.888452285685384258e-01
-2.904945555992863859e-01 1.702898707263049982e-01 -9.416019716924936001e-01
-6.217115852948830179e-01 -2.506906797873835746e-01 -7.420437236294522565e-01
-6.804084873739222328e-01 -4.202524834547283206e-01 -6.003600090442937631e-01
-6.724930416367941310e-01 2.609676490100850121e-01 -6.925669607483756485e-01
-5.288639671405397369e-01 2.993590722785939573e-02 -8.481784869464770171e-01
-4.182264074901151374e-01 1.991555678019202857e-01 -8.862413508133135664e-01
-7.492885835558180663e-01 -1.298768434354428403e-01 -6.493832644072077276e-01
-1.990270027618818161e-01 -5.274217945778890693e-01 -8.259627732385163013e-01
-3.623078875380358888e-01 -3.925001915039469935e-01 -8.453854708339213486e-01
-5.997304373059706428e-01 -3.498427153765658049e-01 -7.196759528195590949e-01
-1.399089621088111801e-01 -3.997344457197128664e-02 -9.893571680898090026e-01
-6.498380064205960815e-01 -3.399152428945544924e-01 -6.798295323529577328e-01
-4.976660858538706766e-01 -4.976632381856853360e-02 -8.659398247017360273e-01
-6.122696459284197035e-01 2.710046248394641921e-01 -7.427532389631894549e-01
-4.310144780604407977e-01 2.004667371809740889e-02 -9.021223035570764548e-01
-6.161917453185290494e-01 -1.391398575005790839e-01 -7.752082514112086375e-01
-5.390305034846234467e-01 -7.985677635198860924e-02 -8.384921058565678598e-01
-5.397572689505256704e-01 -5.697435191017478084e-01 -6.197212381842549522e-01
-6.695652228333918154e-01 -2.998054801285162108e-01 -6.795580081619084778e-01
-5.806678822722435296e-01 2.302652819833194142e-01 -7.808986556593694450e-01
-4.630193479500931408e-01 2.315096739750465704e-01 -8.555795429297256005e-01
2.000696391490577597e-01 4.301504396759429083e-01 -8.803083202704373722e-01
2.803786030763137371e-01 3.304461681361944292e-01 -9.012176035237443594e-01
3.487119506388519086e-01 6.476077386571049699e-01 -6.774984814101635555e-01
1.006414342995800570e-01 6.239748771029128838e-01 -7.749365486583582596e-01
7.003489673567338258e-02 7.103551452930080279e-01 -7.003503985827188583e-01
-1.699151522557662553e-01 6.396801526696911377e-01 -7.496253352938256898e-01
1.709080270716592520e-01 1.407477870001899722e-01 -9.751822941055801053e-01
3.985495651065910222e-02 2.889469499968837507e-01 -9.565151554100079778e-01
1.507705984690441703e-01 3.216439434006275744e-01 -9.347798673008421710e-01
-1.301433202017036883e-01 2.002201254161338762e-01 -9.710688016743326267e-01
9.950376036097849375e-02 2.786103392226499942e-01 -9.552357198892139634e-01
1.497452289349215926e-01 1.996610986273511246e-01 -9.683552096757405137e-01
-4.370382965865381442e-01 6.555572080660887480e-01 -6.158264968879886281e-01
-5.760956881427758969e-01 7.350194531948464061e-01 -3.575753927893396966e-01
-3.488682279467252845e-01 8.572183818105995057e-01 -3.787711781740120132e-01
7.082316868500249107e-01 6.483807064081791305e-01 2.793033069965318860e-01
7.808985776181933680e-01 5.806679405278672990e-01 -2.302653997390999019e-01
3.311775176252725328e-01 8.630694943618986148e-01 -3.813561324031108923e-01
4.924182948462169085e-01 7.034558022162283875e-01 -5.125174701696193491e-01
-5.416001139787102181e-01 7.923409252003406067e-01 -2.808294407481456978e-01
9.942981248185935386e-03 7.457243047920617540e-01 -6.661804548065742848e-01
-7.154220011180908445e-01 -5.844291320731317407e-01 3.829020108336232964e-01
-9.848377298995651952e-01 3.014830219607512671e-02 1.708383026167293595e-01
-9.951850688043862858e-01 8.956633350436510321e-02 3.980641570643764920e-02
-9.645927208298383793e-01 -8.038312600112676454e-02 -2.511960110678043701e-01
-9.595203438923313177e-01 2.498746030272595287e-01 -1.299361089871154951e-01
-8.041519283066429491e-01 1.909861234147656739e-01 -5.629067212813395615e-01
-7.137109634421217041e-01 6.244971816378704910e-01 -3.172064482145265929e-01
-8.948906557042403120e-01 1.709337472985154038e-01 -4.122527966766534879e-01
-9.747881550260378836e-01 -1.306418226508697655e-01 1.808888249599513165e-01
-9.191715826453301652e-01 -1.186026632355031835e-01 3.755755715308503051e-01
-9.173436434330801692e-01 3.689315618819362097e-01 1.495665153043181372e-01
-9.438845647391306271e-01 3.080048383705693005e-01 -1.192264567432127498e-01
-5.236522269622047032e-01 7.451971967520326645e-01 4.128795019741668404e-01
-7.999199644954334554e-01 5.899410736431650593e-01 -1.099889995880228288e-01
-9.124670212417834714e-01 3.308945480395875105e-01 2.406506455919530940e-01
-6.934060450691343913e-01 4.622706967127562239e-01 5.527149895038894201e-01
-6.684415221741408786e-01 8.102314163686280546e-02 7.393383406484548281e-01
-8.292128388698208896e-01 4.895350364408321275e-01 2.697434261484894513e-01
-8.848801917483258839e-01 3.921631330415757954e-01 2.513864024454409707e-01
-6.825988880620741384e-01 7.026751886835687078e-01 2.007643823613425027e-01
-7.295987943496077266e-01 6.096648136957821817e-01 3.098296535596388179e-01
-6.186095687313132307e-01 5.088564826049142287e-01 5.986545594790148028e-01
-4.505861236123849811e-01 3.504562187516563898e-01 8.210679533060925017e-01
-2.011092134166157785e-01 5.128281226141188087e-01 8.346031397826325637e-01
-5.093636578636523415e-01 3.196004276840465064e-01 7.990020216945227238e-01
-4.898530396316171376e-01 5.698291719639222430e-01 6.598020266281211521e-01
-3.183960200083728598e-01 3.382959306434528135e-01 8.855392920435025683e-01
-7.688860317309170744e-01 4.992766563485779296e-01 3.994209441610032107e-01
-5.025950307349146273e-01 7.941001575482652397e-01 3.417647946503423184e-01
-6.787454633867668896e-01 3.792990124151242037e-01 6.288377017266018054e-01
-4.663992554267423207e-01 6.053268272402922978e-01 6.450202839915825104e-01
-2.195831981131938782e-01 6.487685506965661375e-01 7.286168998406906683e-01
-1.193691316796082619e-01 4.078439600901258011e-01 9.052150653960969739e-01
0.000000000000000000e+00 3.489376356056892448e-01 9.371459472557683856e-01
1.713505072750416136e-01 2.318265914603346578e-01 9.575465707465454779e-01
-7.985230871708297318e-02 5.689488895024747972e-01 8.184868782860555969e-01
-5.454910499205867236e-01 7.835235381631727725e-01 2.975405511872270536e-01
-5.822167250853593767e-01 6.825986962413130854e-01 4.416816782712846279e-01
-6.139109057796647839e-01 7.447441296889286688e-01 2.616669277128307880e-01
-1.999500823299009133e-01 -5.798546771231561925e-01 -7.898028348864457593e-01
1.004534737244612008e-01 -5.725827884392477030e-01 -8.136694967859030569e-01
-1.305627517215447175e-01 -6.327262604565289106e-01 -7.632894910789712606e-01
1.000900363367656677e-02 -7.506759884261525739e-01 -6.605947170895933862e-01
-2.886897411614626208e-01 -4.081473829922355190e-01 -8.660680961129541000e-01
7.050232668795215762e-02 -2.014355278463866306e-01 -9.769611814462398902e-01
-1.105597549499427457e-01 -4.723918871953871057e-01 -8.744269240464804804e-01
-3.109185354151411396e-01 -6.619554333979514871e-01 -6.820151527130712266e-01
-2.301611271437573603e-01 -4.903431282387599732e-01 -8.405887651764936130e-01
-1.405775904953106559e-01 -5.924340928977521736e-01 -7.932589656744827300e-01
-9.045797179475686955e-02 -6.734096184972526711e-01 -7.337144138247274627e-01
-5.083253379622703072e-01 -2.392117000898212054e-01 -8.272745090510653654e-01
-2.198131824516166566e-01 -5.295503672489244584e-01 -8.193037125309646784e-01
-8.021678876341378772e-02 -9.926839562716852639e-01 9.024317016417664206e-02
-5.637899735062128492e-01 -8.154822581516582014e-01 -1.308799160059943567e-01
-4.908348715913017357e-01 -8.614658794587172208e-01 -1.302216086460662448e-01
-6.077857722392014939e-01 -7.572410251896005695e-01 2.391285947631524023e-01
-2.977748151261557785e-01 -9.429543010437044792e-01 -1.488870230065814648e-01
-2.204742405248147352e-01 -9.720923298731729556e-01 8.017238593650798106e-02
-5.705134296522116344e-01 -8.207391916534265697e-01 3.002675258084051141e-02
-1.704618624570424235e-01 -9.626023706557312876e-01 2.105692984640506193e-01
-1.000828780497778001e-02 -7.506759938048913616e-01 -6.605947218228824802e-01
-1.405566901679537739e-01 -9.838939587833186451e-01 -1.104377413691491200e-01
4.497756423513094015e-01 -8.895551054093152610e-01 -7.995990237418289237e-02
6.732339609332044228e-01 -6.633341696472930815e-01 3.267167170876395521e-01
-5.187306924508783279e-01 -6.384375557828695369e-01 5.686087900089370484e-01
-5.288635296529122787e-01 2.993642561291046458e-02 8.481787414363708422e-01
-9.100907795497844566e-01 1.400135258827611695e-01 3.900397230390038605e-01
-8.502125735171840448e-01 -1.300325673562981177e-01 5.101275441103104713e-01
-9.702425636796618846e-01 -1.500370869789270367e-01 1.900479943466782395e-01
-7.978880448944446480e-01 -1.695512452084360910e-01 5.784695696947156351e-01
-7.732935126143827276e-01 -3.113261959526069100e-01 5.523523721884322502e-01
-4.591514234058210464e-01 -3.892799131187636985e-01 7.985243387816406413e-01
-7.106394861292547604e-01 -4.504056979903827140e-01 5.404870284953606774e-01
-7.395191966283484186e-01 -2.098636588329071406e-01 6.395847109800446573e-01
-8.471660941193085437e-01 -2.093009879593038802e-01 4.883673877460432133e-01
-8.582849665351954815e-01 -1.197615783750089063e-01 4.990030867287345573e-01
-8.994154528150696271e-01 7.994796612373360201e-02 4.297210327062679913e-01
-9.373791806701808893e-01 1.396090480579616211e-01 3.191074824356994188e-01
-6.573430325365733351e-01 6.573433293600308147e-01 3.685103593136716538e-01
-7.079147128075703455e-01 4.686188888122657104e-01 5.284440334027178388e-01
-8.204509702559699136e-01 4.802646575102159088e-01 3.101710240377600347e-01
-8.597853859189801273e-01 1.999507105904180515e-01 4.698816909547947063e-01
-8.392448033604924529e-01 5.095417259590422354e-01 1.898298963258650551e-01
-8.261261286618662991e-01 4.578535240691123387e-01 3.284596931735341840e-01
-6.253380971508464281e-01 7.564573697678468323e-01 -1.916364056636150615e-01
-6.195662675224490323e-01 6.695318366916733765e-01 4.097130212777908009e-01
-5.410562660973720073e-01 8.115839213761495419e-01 2.204306137551714229e-01
-5.192474591448776877e-01 6.191031243300116893e-01 5.891463295450515281e-01
-7.077035883627998958e-01 6.778008876121794923e-01 1.993529226536652210e-01
-4.815190467919311379e-01 8.727536011733716403e-01 8.025309474095909668e-02
-7.204325614466310368e-01 5.003003700133432652e-01 4.802878971741406655e-01
-7.019683988053517787e-01 7.019681597163562881e-01 1.203373168351483530e-01
-7.852630987590476508e-01 6.162830919076839331e-01 -5.964072732657650644e-02
-7.635751457391449781e-01 6.346592227276571796e-01 1.189986042614357142e-01
-2.200451500934592908e-01 9.401877544945737020e-01 -2.600521451916866233e-01
-4.962435735754262556e-01 8.535369778137248398e-01 -1.587984357281384540e-01
-5.032061898367552466e-01 8.353210849921323122e-01 -2.214096101743155409e-01
-5.389230908324849079e-01 6.786442446677564133e-01 -4.990028971327635787e-01
-3.407328986947806837e-01 5.511865833698679218e-01 -7.616393123126615761e-01
-4.615718133720512761e-01 5.418450890078055915e-01 -7.023925972122425643e-01
-6.063124666395853790e-01 7.554059059243068974e-01 -2.484896579177875708e-01
-5.866945779110663839e-01 7.358539471333587212e-01 -3.380953130967832010e-01
-6.293076371341823627e-01 6.193189937064410566e-01 -4.694846982373689914e-01
-8.081430836391032546e-01 5.287856252564694381e-01 -2.594041612781221029e-01
-8.166416823219193599e-01 5.141819913889952298e-01 -2.621321087270169214e-01
-8.177138198578427497e-01 5.584381379546972113e-01 1.396100099963683838e-01
-8.207389410669494456e-01 5.705137894789009678e-01 3.002676523914679305e-02
-7.065113679124684909e-01 6.269045334143021897e-01 -3.283784295520168484e-01
-7.267009495651121087e-01 6.868818145509655304e-01 -9.955035928476402632e-03
-6.708726759409658902e-01 6.107951761263589185e-01 4.205461990038406039e-01
-4.891692175215942573e-01 4.791865997203277328e-01 7.287617438352411714e-01
-1.194459161748868820e-01 4.280143450834956176e-01 8.958439560056695727e-01
-3.391698599956177174e-01 5.287061156202218504e-01 7.780961697478850914e-01
-6.440049797369472584e-01 6.238802027290133445e-01 4.427539708651063721e-01
-4.383809778707504767e-01 7.671665925031813105e-01 4.682707951475753028e-01
-5.336085915403157021e-01 7.312410672785636390e-01 4.249098405069807738e-01
-4.371676823485413643e-01 8.643997436283848979e-01 2.483898160657703191e-01
-6.055953144958124978e-01 7.942230606114569769e-01 4.963914839809250440e-02
-5.070925775390975332e-01 8.252682520386841469e-01 2.485747975595458403e-01
-4.282475723497924935e-01 4.780442213663611550e-01 7.668622687254462722e-01
-6.685640718311652853e-01 7.284354821365964794e-01 1.496790907941283055e-01
-5.581054539609568987e-01 7.574292886271135616e-01 3.388497823355637872e-01
-6.210565341080923618e-01 4.908358193899561850e-01 6.110392621145012138e-01
-5.988931094899528906e-01 7.386345772273167354e-01 3.094285131168075798e-01
-3.280214857883939072e-01 9.343641676123344286e-01 1.391600055449976614e-01
-2.400721323081174419e-01 8.702613305605341187e-01 4.301285712668277417e-01
-4.014073627803104727e-01 9.132018579910253786e-01 7.024596548909721461e-02
-3.501749971669053108e-01 9.104555651247973058e-01 2.201093712054166540e-01
1.795606631959066890e-01 9.776077116360043506e-01 1.097320845626340580e-01
-4.409491905164309999e-01 8.919196983209826124e-01 1.002150843431846849e-01
-1.104258309753625156e-01 9.938336754871183176e-01 1.003799388153772329e-02
-4.668821753822265941e-01 8.840963214622493682e-01 1.986778012962067685e-02
-4.697653271056301816e-01 7.596202348650140657e-01 4.497750951675307252e-01
-9.012994777720956252e-01 4.258885540322899788e-01 -7.923503588711747203e-02
-7.765518681932884748e-01 6.272151074049340247e-01 5.973612850303257338e-02
-7.913461769730789630e-01 6.110400017982727805e-01 -2.003358161835489329e-02
-8.321246058833468018e-01 -1.203075376779263184e-01 5.413822463485103986e-01
-7.592417152038274386e-01 1.998002319925006876e-01 6.193802428154236983e-01
-9.765877898457758777e-01 -2.092693212278893544e-01 4.982609674619387780e-02
-5.998799428216661234e-01 7.998400826761302707e-01 -1.999740845499609412e-02
-1.302017778842889661e-01 9.815225275532161175e-01 -1.402177768377340372e-01
-5.698289548314449116e-01 8.097569734468526015e-01 1.399593019055766496e-01
-5.101276378312545878e-01 8.502126502260067831e-01 1.300316981215507428e-01
-2.305309009753148120e-01 9.521925817158131133e-01 2.004614452229758759e-01
-1.199758802443737227e-01 8.798240752756131267e-01 4.599080176785355079e-01
-2.291081898184703647e-01 9.263937370982252562e-01 2.988378845181581256e-01
4.060202091068420005e-01 7.922345773893743059e-01 4.555348111676162937e-01
2.002806768127925185e-01 7.410385758332668216e-01 6.408974017909679910e-01
4.476339618220350203e-01 7.957933409825349580e-01 4.078440813244246232e-01
-3.506494437500253802e-01 8.315399763846674785e-01 4.307972089881555444e-01
-8.899556520881020116e-01 3.599817722162284017e-01 2.799858228348443001e-01
-7.957935436967206178e-01 5.868975754255106869e-01 1.492108299362766011e-01
-6.605943766630198999e-01 7.506762849365048451e-01 1.000923349330990614e-02
-7.807031615079907949e-01 5.304773792697649037e-01 3.302973261994561205e-01
-9.489569061522031834e-01 3.096589952793364908e-01 5.993410472035459041e-02
-9.710689887699702760e-01 2.002192584798044017e-01 1.301432579239689691e-01
-8.585843779131742126e-01 5.091607937943959383e-01 5.990118584893341924e-02
-9.497626744939293708e-01 2.799297704170665146e-01 1.399649447982848349e-01
-6.774975456057942269e-01 7.273142192974039189e-01 1.095951737346696903e-01
-9.332252261969877782e-01 2.107282460128252766e-01 2.910056417355841862e-01
-9.286080871029767092e-01 3.394912566084676286e-01 1.497755228779190928e-01
-9.212905190850461112e-01 3.204494990374024965e-01 -2.203086426145922372e-01
-9.535828045650895923e-01 1.806781418234033598e-01 -2.409050516386490315e-01
-6.540017905986084124e-01 7.344940197368236001e-01 -1.811082352204241575e-01
-7.900790088768103736e-01 5.400539939946584767e-01 -2.900290387231153622e-01
-9.021225351667903070e-01 3.708724437809210461e-01 -2.205188472403450395e-01
-6.081175466705208699e-01 7.875625011434147504e-01 9.969130465670412999e-02
-7.374230302275227578e-01 6.278071496065898982e-01 2.491293988932399839e-01
-5.309298516684363145e-01 8.414739254522919376e-01 -1.001754730023414752e-01
-4.891690490498217803e-01 8.685249829866723559e-01 7.986235270572529521e-02
-3.806478345867260193e-01 7.112097741542285911e-01 5.910058232978145920e-01
-9.887156455081530515e-01 1.198437290021967111e-01 -8.988243958774289055e-02
-8.987427087878786525e-01 -3.794693183065065978e-01 2.196920113809821828e-01
-9.136159344463291587e-01 -3.413515187709078025e-01 2.208734138789807400e-01
-9.583720702365883248e-01 -1.697113984599132597e-01 2.296105751554501917e-01
-8.254241328968650038e-01 -2.113887442848790543e-01 5.234403496303284831e-01
-9.124669400291702814e-01 -1.203251531479158504e-01 3.910574649252115953e-01
-6.514022049456076324e-01 -1.603449816977226827e-01 7.415960182177069315e-01
-9.128343435663731631e-01 1.905917755067773611e-01 3.611208057076229494e-01
-8.775463826402891687e-01 -1.396094626614013401e-01 -4.587172813949109695e-01
-5.976139993478782886e-01 -7.171371791702625398e-01 -3.585690645261420118e-01
-5.814559961822773904e-01 -3.107780606216340447e-01 -7.518815874457436266e-01
-7.885032853049932511e-01 -4.591285554856640583e-01 -4.092230914805269348e-01
-3.602701564792143984e-01 -9.206907445322547456e-01 1.501131815767186850e-01
-9.170246467760411191e-01 -9.967886519082366087e-03 -3.987059548635052963e-01
-8.276037059744039137e-01 -5.484117019223569978e-01 -1.196524594484228016e-01
-8.488972819354889676e-01 -4.893640045260456706e-01 1.997405211687686144e-01
-3.096594889044678722e-01 -8.990116806042329767e-01 3.096594889044678722e-01
2.796367204489191849e-01 -9.088192819316692761e-01 3.095978316554852117e-01
7.311343128408354097e-01 -4.006114663510874918e-02 6.810563274186942628e-01
8.572187596381664054e-01 3.488674753372282833e-01 3.787710162832314542e-01
-2.002603628146459869e-02 9.912895121200480109e-01 1.301693551941116023e-01
3.293910959395792148e-01 9.183027377451454809e-01 2.195941432859570830e-01
8.664979738835320022e-01 4.382283799783963096e-01 2.390337805358153933e-01
7.205405581273698346e-01 2.401800269773583518e-01 6.504881695577973133e-01
3.595330194221488807e-01 8.988337391014811217e-02 9.287932961858204051e-01
2.291082044528520989e-01 -2.988369536300657936e-01 9.263940337661357161e-01
5.770074624779333305e-01 3.979356902846833965e-02 8.157688766487434240e-01
5.767505354823713182e-01 -4.972004951673841128e-02 8.154058722482019350e-01
5.183181792409101707e-01 -6.478980211103485543e-01 5.581885159242188088e-01
