0 1.220313113E-16
0.2 0.006113947369
0.4 0.0110149069
0.6 0.01428602299
0.8 0.01705646753
1 0.01962469605
1.2 0.02215242994
1.4 0.02468172373
1.6 0.02719510789
1.8 0.02968240289
2 0.03217346609
2.2 0.03466815771
2.4 0.03713769201
2.6 0.03958233774
2.8 0.04203255541
3 0.04446417213
3.2 0.04687304649
3.4 0.04925974661
3.6 0.05162669219
3.8 0.05400203992
4 0.05639011009
4.2 0.0587663827
4.4 0.06114539397
4.6 0.06351929319
4.8 0.06585051094
5 0.0681634677
5.2 0.0704890282
5.4 0.07280598101
5.6 0.07510783973
5.8 0.07740060433
6 0.0796945878
6.2 0.08198396813
6.4 0.08426860499
6.6 0.08653736808
6.8 0.08879799901
7 0.09105772282
7.2 0.09332110589
7.4 0.09560201906
7.6 0.09787163727
7.8 0.1001321424
8 0.1024030265
8.2 0.1046865947
8.4 0.1069588525
8.6 0.1092031887
8.8 0.1114443543
9 0.1137017714
9.2 0.1159529137
9.4 0.1181895283
9.6 0.1204190154
9.8 0.1226712616
10 0.1249429309
10.2 0.127193775
10.4 0.1294505033
10.6 0.1316829591
10.8 0.1338941975
11 0.1361152348
11.2 0.1383462478
11.4 0.1405920256
11.6 0.1428189764
11.8 0.1450414833
12 0.1472785662
12.2 0.1495413631
12.4 0.1517785661
12.6 0.1540039603
12.8 0.1562198324
13 0.1584367878
13.2 0.1606444734
13.4 0.1628430769
13.6 0.1650539827
13.8 0.1672525551
14 0.169450612
14.2 0.1716350851
14.4 0.1738225552
14.6 0.1760038042
14.8 0.1782085387
15 0.1804207857
15.2 0.1826247559
15.4 0.1848134551
15.6 0.1869827732
15.8 0.1891420471
16 0.1913057072
16.2 0.193474248
16.4 0.1956273888
16.6 0.1977842664
16.8 0.1999520486
17 0.2021197865
17.2 0.2042810624
17.4 0.2064374266
17.6 0.2085757107
17.8 0.2107187078
18 0.2128616333
18.2 0.2150075232
18.4 0.2171460436
18.6 0.2192782631
18.8 0.2214218275
19 0.2235638496
19.2 0.2256954827
19.4 0.22784196
19.6 0.2299901066
19.8 0.2321183601
20 0.2342425354
20.2 0.2363778375
20.4 0.2385115902
20.6 0.2406307199
20.8 0.242746736
21 0.2448669638
21.2 0.2469936314
21.4 0.249117884
21.6 0.2512493603
21.8 0.2533840282
22 0.255508174
22.2 0.2576209073
22.4 0.259728869
22.6 0.2618376595
22.8 0.2639560928
23 0.2660730852
23.2 0.2681931637
23.4 0.270294344
23.6 0.2723988017
23.8 0.2745146949
24 0.2766302028
24.2 0.2787461591
24.4 0.280867654
24.6 0.2829760048
24.8 0.2850805459
25 0.2871760599
25.2 0.2892829682
25.4 0.2913738886
25.6 0.2934747565
25.8 0.2955875247
26 0.2977066596
26.2 0.2998226955
26.4 0.301939662
26.6 0.3040668905
26.8 0.3061808649
27 0.3082897313
27.2 0.3103879724
27.4 0.3124707493
27.6 0.3145492318
27.8 0.3166367734
28 0.3187256461
28.2 0.3207994294
28.4 0.3228529426
28.6 0.3249146859
28.8 0.3269659439
29 0.3290106634
29.2 0.3310477384
29.4 0.333087082
29.6 0.3351196344
29.8 0.3371722184
30 0.3392241893
30.2 0.3412863938
30.4 0.3433406358
30.6 0.3454077464
30.8 0.3474668266
31 0.3495187765
31.2 0.3515834994
31.4 0.3536650372
31.6 0.3557236406
31.8 0.3577715856
32 0.3598323803
32.2 0.3618913117
32.4 0.3639576803
32.6 0.3660252465
32.8 0.3680897475
33 0.3701378666
33.2 0.3721878828
33.4 0.3742446231
33.6 0.3763058293
33.8 0.3783742389
34 0.3804422998
34.2 0.3825036823
34.4 0.3845903299
34.6 0.386663717
34.8 0.3887392312
35 0.3907846265
35.2 0.3928320608
35.4 0.3948951997
35.6 0.3969752685
35.8 0.3990479722
36 0.4011267898
36.2 0.4032107012
36.4 0.405293607
36.6 0.4073732887
36.8 0.4094600316
37 0.4115526831
37.2 0.4136466229
37.4 0.4157438431
37.6 0.4178362395
37.8 0.4199168284
38 0.421998886
38.2 0.4240878704
38.4 0.4261698696
38.6 0.4282451993
38.8 0.4303493409
39 0.4324462445
39.2 0.4345191459
39.4 0.4366083701
39.6 0.4386952405
39.8 0.4407785022
40 0.442850284
40.2 0.4449397264
40.4 0.4470250524
40.6 0.4491018281
40.8 0.4511738324
41 0.453243567
41.2 0.4553284376
41.4 0.4574159526
41.6 0.4594773231
41.8 0.4615359697
42 0.463593325
42.2 0.4656571243
42.4 0.4677244863
42.6 0.4697669283
42.8 0.4718112631
43 0.4738553591
43.2 0.4759021556
43.4 0.4779488236
43.6 0.4800093552
43.8 0.4820519817
44 0.4840815684
44.2 0.4861010627
44.4 0.488130742
44.6 0.4901938149
44.8 0.4922529004
45 0.4942725495
45.2 0.4962842357
45.4 0.4982892712
45.6 0.5002976124
45.8 0.5023118178
46 0.5043298484
46.2 0.5063438032
46.4 0.5083581634
46.6 0.5103866586
46.8 0.512389711
47 0.5143841928
47.2 0.5164012769
47.4 0.5184340901
47.6 0.5204777246
47.8 0.5225154231
48 0.5245494777
48.2 0.526573083
48.4 0.5286076748
48.6 0.5306569116
48.8 0.5327063486
49 0.5347542687
49.2 0.5368042484
49.4 0.538853309
49.6 0.5409069867
49.8 0.5429786088
50 0.54506248
50.2 0.5471372675
50.4 0.5492136587
50.6 0.5512903769
50.8 0.553375258
51 0.5554636498
51.2 0.5575548111
51.4 0.5596412877
51.6 0.5617365568
51.8 0.5638302741
52 0.5659189942
52.2 0.567992379
52.4 0.5700831823
52.6 0.5721736418
52.8 0.5742439749
53 0.5763060782
53.2 0.578388194
53.4 0.5804741009
53.6 0.5825471871
53.8 0.5846236458
54 0.5867006853
54.2 0.5887823246
54.4 0.5908813713
54.6 0.5929762995
54.8 0.5950767837
55 0.5971621601
55.2 0.5992796409
55.4 0.6013897591
55.6 0.6034968785
55.8 0.6056001471
56 0.6077255208
56.2 0.609850849
56.4 0.6119665643
56.6 0.6140689475
56.8 0.6161593265
57 0.6182599614
57.2 0.6203872069
57.4 0.6225202634
57.6 0.6246241565
57.8 0.6267377902
58 0.6288516191
58.2 0.6309882816
58.4 0.6331301471
58.6 0.6352590381
58.8 0.6373819184
59 0.6395211215
59.2 0.6416549131
59.4 0.6437771411
59.6 0.6459124096
59.8 0.648044903
60 0.6501729205
60.2 0.6522985485
60.4 0.6544301037
60.6 0.6565775552
60.8 0.6587096891
61 0.6608588654
61.2 0.6630212069
61.4 0.6651862354
61.6 0.667348617
61.8 0.6694976314
62 0.6716487883
62.2 0.6738106321
62.4 0.6759682353
62.6 0.6781033751
62.8 0.6802432877
63 0.6823849465
63.2 0.6845316308
63.4 0.6866728171
63.6 0.6888180279
63.8 0.6909680734
64 0.6931087825
64.2 0.6952451312
64.4 0.6973839925
64.6 0.6995352919
64.8 0.7016909146
65 0.7038413917
65.2 0.7059963879
65.4 0.7081317368
65.6 0.7102658625
65.8 0.712399857
66 0.7145235878
66.2 0.7166414421
66.4 0.7187645788
66.6 0.7208826713
66.8 0.7230180422
67 0.7251680901
67.2 0.7273138375
67.4 0.7294423222
67.6 0.7315643368
67.8 0.7336745655
68 0.7357740293
68.2 0.7379003753
68.4 0.7400260622
68.6 0.742163234
68.8 0.7443241613
69 0.7464676369
69.2 0.7485966971
69.4 0.7507341015
69.6 0.7528828495
69.8 0.7549915669
70 0.7570986203
70.2 0.7592243666
70.4 0.7613440736
70.6 0.7634634483
70.8 0.7655825387
71 0.7677088391
71.2 0.7698566855
71.4 0.7719894174
71.6 0.7741156487
71.8 0.7762330876
72 0.7783511211
72.2 0.7804836462
72.4 0.7826177629
72.6 0.7847538261
72.8 0.7868621522
73 0.7889605671
73.2 0.7910607822
73.4 0.7931700006
73.6 0.7952812583
73.8 0.7974052804
74 0.7995154519
74.2 0.8016123656
74.4 0.803704124
74.6 0.8058159203
74.8 0.8079332414
75 0.8100303814
75.2 0.8121400276
75.4 0.8142471391
75.6 0.8163306369
75.8 0.8184039436
76 0.8204702251
76.2 0.8225427015
76.4 0.8246392909
76.6 0.8267216063
76.8 0.8288037448
77 0.8308778424
77.2 0.8329633746
77.4 0.8350562659
77.6 0.8371536191
77.8 0.8392294339
78 0.8413116131
78.2 0.8433891915
78.4 0.8454786972
78.6 0.8475659785
78.8 0.8496519337
79 0.8517354886
79.2 0.8538198354
79.4 0.8558826799
79.6 0.8579413684
79.8 0.8600201298
80 0.8620889943
80.2 0.8641547361
80.4 0.8662231051
80.6 0.8682914641
80.8 0.8703304729
81 0.8724031968
81.2 0.874451283
81.4 0.8764899937
81.6 0.8785330827
81.8 0.8805686352
82 0.8826032604
82.2 0.8846256127
82.4 0.8866484398
82.6 0.8886602648
82.8 0.8906655214
83 0.8926752698
83.2 0.8947070962
83.4 0.8967509113
83.6 0.8987834876
83.8 0.9008096277
84 0.9028521312
84.2 0.904907495
84.4 0.9069520166
84.6 0.9089661648
84.8 0.9110011554
85 0.9130395562
85.2 0.9150917306
85.4 0.9171513308
85.6 0.9192091624
85.8 0.9212721494
86 0.9233309405
86.2 0.9253899103
86.4 0.9274421421
86.6 0.9294865741
86.8 0.9315235797
87 0.9335575654
87.2 0.9356179969
87.4 0.9376866879
87.6 0.9397561943
87.8 0.9418251635
88 0.9438937457
88.2 0.9459840785
88.4 0.9480534974
88.6 0.9501149391
88.8 0.9521761802
89 0.9542426368
89.2 0.9563058397
89.4 0.9583724275
89.6 0.9604531931
89.8 0.9625148836
90 0.9645858276
90.2 0.9666661308
90.4 0.9687233843
90.6 0.970773176
90.8 0.9728262139
91 0.9748907074
91.2 0.9769638856
91.4 0.9790539006
91.6 0.9811448262
91.8 0.9832393105
92 0.9853330932
92.2 0.9874095936
92.4 0.9895022641
92.6 0.9915902271
92.8 0.9936842922
93 0.9957645126
93.2 0.9978614035
93.4 0.9999414216
93.6 1.002034484
93.8 1.004119937
94 1.006233998
94.2 1.008333638
94.4 1.010436232
94.6 1.012529061
94.8 1.014625142
95 1.016695646
95.2 1.01877335
95.4 1.020852648
95.6 1.022922537
95.8 1.024985416
96 1.027078128
96.2 1.029187553
96.4 1.031289941
96.6 1.033383649
96.8 1.035451425
97 1.037525561
97.2 1.039610338
97.4 1.041694711
97.6 1.043784846
97.8 1.045865413
98 1.047947156
98.2 1.050025768
98.4 1.052079968
98.6 1.054130159
98.8 1.056173729
99 1.058210797
99.2 1.060249485
99.4 1.062311993
99.6 1.064365241
99.8 1.066421104
100 1.068480033
100.2 1.070566884
100.4 1.072652485
100.6 1.074744394
100.8 1.076821465
101 1.07889685
101.2 1.080945672
101.4 1.082996473
101.6 1.085055671
101.8 1.08711059
102 1.089159995
102.2 1.091208279
102.4 1.093274104
102.6 1.095323348
102.8 1.097362894
103 1.099424762
103.2 1.101468114
103.4 1.103500178
103.6 1.105536537
103.8 1.107573733
104 1.109634175
104.2 1.111684312
104.4 1.113729785
104.6 1.115756472
104.8 1.117782785
105 1.119823393
105.2 1.121862449
105.4 1.123904229
105.6 1.125934859
105.8 1.127965746
106 1.130008648
106.2 1.132046425
106.4 1.134078131
106.6 1.136108975
106.8 1.138158825
107 1.140202311
107.2 1.142235755
107.4 1.144285352
107.6 1.146338784
107.8 1.148390136
108 1.150439179
108.2 1.152494202
108.4 1.154555493
108.6 1.156613795
108.8 1.158677113
109 1.160728658
109.2 1.162829295
109.4 1.164920114
109.6 1.167023827
109.8 1.16912917
110 1.171219455
110.2 1.173310664
110.4 1.175405392
110.6 1.177492265
110.8 1.17959077
111 1.181692382
111.2 1.183799899
111.4 1.18591746
111.6 1.188008515
111.8 1.190105605
112 1.192174983
112.2 1.194253876
112.4 1.196351732
112.6 1.198457505
112.8 1.200594436
113 1.202744722
113.2 1.204883815
113.4 1.207013958
113.6 1.209155698
113.8 1.211307747
114 1.213463746
114.2 1.215619526
114.4 1.217771191
114.6 1.219944939
114.8 1.222112833
115 1.224276945
115.2 1.226441623
115.4 1.228588462
115.6 1.230745522
115.8 1.23291381
116 1.235061366
116.2 1.23724527
116.4 1.239436118
116.6 1.241618583
116.8 1.243789961
117 1.245967353
117.2 1.248145071
117.4 1.250312873
117.6 1.252493654
117.8 1.254673702
118 1.256873778
118.2 1.25906386
118.4 1.261265231
118.6 1.263479626
118.8 1.265697708
119 1.267890685
119.2 1.270083826
119.4 1.272285244
119.6 1.274483356
119.8 1.276664605
120 1.278843474
120.2 1.281013908
120.4 1.283176286
120.6 1.285356377
120.8 1.287545669
121 1.289741354
121.2 1.291918871
121.4 1.294101084
121.6 1.29626481
121.8 1.298460279
122 1.300650358
122.2 1.302831892
122.4 1.304996454
122.6 1.307174362
122.8 1.309359562
123 1.311540688
123.2 1.313703514
123.4 1.315851896
123.6 1.318003179
123.8 1.320185953
124 1.322382138
124.2 1.324596746
124.4 1.326817446
124.6 1.329032344
124.8 1.331266898
125 1.33350887
125.2 1.335757212
125.4 1.337997015
125.6 1.340249333
125.8 1.342494039
126 1.344722642
126.2 1.346950571
126.4 1.34917934
126.6 1.351417481
126.8 1.353646391
127 1.355877975
127.2 1.358122932
127.4 1.360347154
127.6 1.362576802
127.8 1.364758806
128 1.366948827
128.2 1.369135961
128.4 1.371331912
128.6 1.373526854
128.8 1.375707284
129 1.377896217
129.2 1.380077128
129.4 1.382244873
129.6 1.384408217
129.8 1.386580615
130 1.388762382
130.2 1.390954329
130.4 1.393153999
130.6 1.395341161
130.8 1.397521323
131 1.399717918
131.2 1.401915099
131.4 1.404090745
131.6 1.406274773
131.8 1.408455889
132 1.41067201
132.2 1.412888428
132.4 1.415083369
132.6 1.417273036
132.8 1.419495202
133 1.421718652
133.2 1.423959259
133.4 1.42619175
133.6 1.428417496
133.8 1.430639975
134 1.432871099
134.2 1.435087865
134.4 1.437311793
134.6 1.439561798
134.8 1.441799866
135 1.444016015
135.2 1.446221851
135.4 1.448452674
135.6 1.450708076
135.8 1.452955386
136 1.455169254
136.2 1.457377192
136.4 1.459586923
136.6 1.461808885
136.8 1.464013952
137 1.466220751
137.2 1.468429531
137.4 1.470628059
137.6 1.472837525
137.8 1.475060879
138 1.47728236
138.2 1.479500287
138.4 1.481697047
138.6 1.483887133
138.8 1.486081804
139 1.488286665
139.2 1.490496978
139.4 1.492708513
139.6 1.494908546
139.8 1.497097674
140 1.499275016
140.2 1.501468341
140.4 1.5036544
140.6 1.505845096
140.8 1.508004396
141 1.51016235
141.2 1.512375663
141.4 1.514584854
141.6 1.516768919
141.8 1.518941223
142 1.521145458
142.2 1.523335249
142.4 1.525526127
142.6 1.527701376
142.8 1.529870054
143 1.532044837
143.2 1.534203257
143.4 1.536355466
143.6 1.538492465
143.8 1.540623524
144 1.542769675
144.2 1.544926535
144.4 1.547083672
144.6 1.549251061
144.8 1.551421572
145 1.55359913
145.2 1.555778236
145.4 1.55794567
145.6 1.56012245
145.8 1.562280542
146 1.564427811
146.2 1.566576893
146.4 1.568705621
146.6 1.570858505
146.8 1.573005993
147 1.575129083
147.2 1.577246791
147.4 1.579375579
147.6 1.581490929
147.8 1.583600572
148 1.585730425
148.2 1.587861063
148.4 1.589999003
148.6 1.592117415
148.8 1.594225086
149 1.596349814
149.2 1.598471756
149.4 1.600610831
149.6 1.602755663
149.8 1.604897734
150 1.607021109
150.2 1.609143684
150.4 1.611274431
150.6 1.613400904
150.8 1.615527045
151 1.617649844
151.2 1.619769371
151.4 1.621883901
151.6 1.624007918
151.8 1.626141832
152 1.628265934
152.2 1.630402734
152.4 1.632555926
152.6 1.634690392
152.8 1.636813821
153 1.638919516
153.2 1.641016263
153.4 1.643149064
153.6 1.645277092
153.8 1.647407452
154 1.649560579
154.2 1.65170459
154.4 1.653827736
154.6 1.655964376
154.8 1.658101833
155 1.660225942
155.2 1.662363173
155.4 1.664530521
155.6 1.666725844
155.8 1.668910503
156 1.671096053
156.2 1.673267366
156.4 1.67546051
156.6 1.677667788
156.8 1.67987275
157 1.682072775
157.2 1.684272575
157.4 1.686464425
157.6 1.688641691
157.8 1.690846396
158 1.693057225
158.2 1.695265022
158.4 1.697457223
158.6 1.699632552
158.8 1.701835268
159 1.704038885
159.2 1.706242509
159.4 1.708444144
159.6 1.71062854
159.8 1.712811135
160 1.715004483
160.2 1.717176615
160.4 1.719344417
160.6 1.721508518
160.8 1.723682167
161 1.725842218
161.2 1.728008984
161.4 1.730162049
161.6 1.732317377
161.8 1.734459848
162 1.73657295
162.2 1.738665206
162.4 1.740754236
162.6 1.742860697
162.8 1.744958483
163 1.747071109
163.2 1.749191716
163.4 1.751306744
163.6 1.753424892
163.8 1.755541543
164 1.757677291
164.2 1.759822823
164.4 1.761969806
164.6 1.76409599
164.8 1.766197652
165 1.768322087
165.2 1.77042008
165.4 1.772507668
165.6 1.774627576
165.8 1.77674775
166 1.778853556
166.2 1.780967666
166.4 1.783089627
166.6 1.785211736
166.8 1.787336828
167 1.78947546
167.2 1.791603709
167.4 1.793730458
167.6 1.795864994
167.8 1.79799661
168 1.800140363
168.2 1.802287606
168.4 1.804453571
168.6 1.806596479
168.8 1.808725514
169 1.810874493
169.2 1.813012936
169.4 1.815143361
169.6 1.81727817
169.8 1.819403194
170 1.821520787
170.2 1.823648885
170.4 1.82578021
170.6 1.827900953
170.8 1.830023617
171 1.832155391
171.2 1.83429627
171.4 1.836441177
171.6 1.838568938
171.8 1.840676896
172 1.842773737
172.2 1.844885593
172.4 1.847006856
172.6 1.849108009
172.8 1.851200753
173 1.853304515
173.2 1.855402222
173.4 1.857533318
173.6 1.859668313
173.8 1.861780751
174 1.863916167
174.2 1.866046827
174.4 1.868155777
174.6 1.870262792
174.8 1.872377354
175 1.874474131
175.2 1.876561053
175.4 1.8786594
175.6 1.880757656
175.8 1.882863007
176 1.884974685
176.2 1.887084947
176.4 1.889204471
176.6 1.891318886
176.8 1.893430352
177 1.895534686
177.2 1.897655844
177.4 1.899779393
177.6 1.901899967
177.8 1.904020494
178 1.906132643
178.2 1.908242957
178.4 1.910359512
178.6 1.912489119
178.8 1.914611821
179 1.916737215
179.2 1.918862381
179.4 1.921008786
179.6 1.923195483
179.8 1.925364805
180 1.927537717
180.2 1.929703655
180.4 1.931873754
180.6 1.934037722
180.8 1.936171448
181 1.93832434
181.2 1.940516043
181.4 1.942704779
181.6 1.944873577
181.8 1.947041535
182 1.949201711
182.2 1.951360921
182.4 1.953533248
182.6 1.95568275
182.8 1.95784888
183 1.959982087
183.2 1.962125092
183.4 1.964282938
183.6 1.966459721
183.8 1.968645131
184 1.970813208
184.2 1.972980454
184.4 1.975149898
184.6 1.977327308
184.8 1.97951167
185 1.981693553
185.2 1.983876755
185.4 1.986059704
185.6 1.988245619
185.8 1.990418931
186 1.992595473
186.2 1.994777542
186.4 1.996961683
186.6 1.999154308
186.8 2.001341982
187 2.003510002
187.2 2.005668613
187.4 2.007823212
187.6 2.010004144
187.8 2.012200833
188 2.014370375
188.2 2.016532258
188.4 2.018682481
188.6 2.020824785
188.8 2.022972703
189 2.0251463
189.2 2.02732302
189.4 2.029472143
189.6 2.031647696
189.8 2.033834949
190 2.036033462
190.2 2.038214132
190.4 2.040403552
190.6 2.042572755
190.8 2.044759616
191 2.04694517
191.2 2.049141016
191.4 2.051342088
191.6 2.053556296
191.8 2.055775633
192 2.057982445
192.2 2.060188371
192.4 2.062392115
192.6 2.064609631
192.8 2.066787932
193 2.068975034
193.2 2.071164767
193.4 2.073374297
193.6 2.075582717
193.8 2.077774896
194 2.079946226
194.2 2.082148161
194.4 2.08434298
194.6 2.08655215
194.8 2.08873007
195 2.090927724
195.2 2.09317301
195.4 2.095411963
195.6 2.097607788
195.8 2.099803744
196 2.102000965
196.2 2.10416288
196.4 2.10632675
196.6 2.108506205
196.8 2.110674638
197 2.112821552
197.2 2.114961023
197.4 2.117072703
197.6 2.119150753
197.8 2.121240363
198 2.123331846
198.2 2.125418843
198.4 2.127526394
198.6 2.129644917
198.8 2.131743675
199 2.133808749
199.2 2.135859248
199.4 2.137942721
199.6 2.1400257
199.8 2.142105215
200 2.144164479
200.2 2.146216324
200.4 2.148289471
200.6 2.1503589
200.8 2.152421938
201 2.154480833
201.2 2.156568021
201.4 2.158650197
201.6 2.160742232
201.8 2.162843542
202 2.164932226
202.2 2.167029244
202.4 2.169128937
202.6 2.171239232
202.8 2.173363581
203 2.175488862
203.2 2.177641462
203.4 2.179751584
203.6 2.181855531
203.8 2.183986153
204 2.186119506
204.2 2.188250231
204.4 2.19037821
204.6 2.192500005
204.8 2.194629233
205 2.196761981
205.2 2.198907437
205.4 2.201048702
205.6 2.203172054
205.8 2.205313273
206 2.207450471
206.2 2.209554767
206.4 2.211652193
206.6 2.213742204
206.8 2.215816654
207 2.21790567
207.2 2.220046837
207.4 2.222177336
207.6 2.224288048
207.8 2.226383445
208 2.228471953
208.2 2.23055324
208.4 2.23263448
208.6 2.234711774
208.8 2.23678672
209 2.238878454
209.2 2.240971443
209.4 2.243073282
209.6 2.245159111
209.8 2.247236808
210 2.249308956
210.2 2.251399425
210.4 2.25351084
210.6 2.255602736
210.8 2.257704722
211 2.259800937
211.2 2.261918331
211.4 2.264045453
211.6 2.26617689
211.8 2.268314963
212 2.270448406
212.2 2.272560368
212.4 2.274669171
212.6 2.276798776
212.8 2.278935999
213 2.281036565
213.2 2.283136818
213.4 2.285264144
213.6 2.287376708
213.8 2.289467358
214 2.291556936
214.2 2.293642959
214.4 2.295721054
214.6 2.297818565
214.8 2.299919246
215 2.302002801
215.2 2.304044159
215.4 2.306103037
215.6 2.30819078
215.8 2.310302065
216 2.31238564
216.2 2.31446816
216.4 2.316543709
216.6 2.318641335
216.8 2.320755
217 2.322854438
217.2 2.324948676
217.4 2.327044843
217.6 2.329136768
217.8 2.331234882
218 2.33335018
218.2 2.335494914
218.4 2.337619347
218.6 2.339762422
218.8 2.34187177
219 2.343960131
219.2 2.34607121
219.4 2.348187535
219.6 2.350295839
219.8 2.352386589
220 2.354478873
220.2 2.356570912
220.4 2.358668386
220.6 2.360772276
220.8 2.36288312
221 2.365003447
221.2 2.367119887
221.4 2.369217977
221.6 2.371321332
221.8 2.37343385
222 2.375538368
222.2 2.37766651
222.4 2.379790885
222.6 2.381910793
222.8 2.384010967
223 2.386123703
223.2 2.388231073
223.4 2.390343621
223.6 2.392461336
223.8 2.394593532
224 2.3966873
224.2 2.398780294
224.4 2.400909317
224.6 2.403035879
224.8 2.405165236
225 2.407296335
225.2 2.409399194
225.4 2.411480821
225.6 2.413575908
225.8 2.415685606
226 2.417793421
226.2 2.419911006
226.4 2.422029662
226.6 2.424160823
226.8 2.426311202
227 2.428477027
227.2 2.430632518
227.4 2.432755036
227.6 2.434907632
227.8 2.437080395
228 2.439237829
228.2 2.441389133
228.4 2.443548126
228.6 2.445675941
228.8 2.447805706
229 2.449935263
229.2 2.452086753
229.4 2.454216994
229.6 2.456374284
229.8 2.458532235
230 2.460717224
230.2 2.462922129
230.4 2.465119247
230.6 2.467290282
230.8 2.469482225
231 2.47165215
231.2 2.473789996
231.4 2.475966227
231.6 2.47815897
231.8 2.480327432
232 2.482466001
232.2 2.484598028
232.4 2.486764549
232.6 2.488944905
232.8 2.491106968
233 2.493266536
233.2 2.495441755
233.4 2.497653772
233.6 2.499817864
233.8 2.501972981
234 2.504109984
234.2 2.506247044
234.4 2.508390973
234.6 2.510574282
234.8 2.512728099
235 2.514874475
235.2 2.517001161
235.4 2.519145133
235.6 2.521303616
235.8 2.523451776
236 2.525612111
236.2 2.527780731
236.4 2.529963524
236.6 2.532141588
236.8 2.534285543
237 2.536437112
237.2 2.538564854
237.4 2.540717857
237.6 2.542867384
237.8 2.544995736
238 2.547134174
238.2 2.549272966
238.4 2.551382305
238.6 2.553481507
238.8 2.555591261
239 2.557711278
239.2 2.55979781
239.4 2.561899987
239.6 2.564025144
239.8 2.566185722
240 2.568306118
240.2 2.570418221
240.4 2.572543211
240.6 2.574653762
240.8 2.576808829
241 2.578999689
241.2 2.581193033
241.4 2.583363145
241.6 2.585525523
241.8 2.587647841
242 2.589786573
242.2 2.591933099
242.4 2.594125109
242.6 2.596316847
242.8 2.598497294
243 2.600673927
243.2 2.602879454
243.4 2.605057114
243.6 2.607233456
243.8 2.609385315
244 2.611533567
244.2 2.613683965
244.4 2.615817179
244.6 2.617958063
244.8 2.62006921
245 2.622190225
245.2 2.624324398
245.4 2.626446864
245.6 2.628557972
245.8 2.630712163
246 2.63288968
246.2 2.635064171
246.4 2.637258626
246.6 2.63942534
246.8 2.641615372
247 2.643845797
247.2 2.646023904
247.4 2.648208757
247.6 2.650440478
247.8 2.65267474
248 2.654868338
248.2 2.657066024
248.4 2.659269537
248.6 2.661473293
248.8 2.663686612
249 2.665869815
249.2 2.668038335
249.4 2.670241452
249.6 2.672443062
249.8 2.674628133
250 2.676785146
250.2 2.678912337
250.4 2.681028089
250.6 2.683177637
250.8 2.685369673
251 2.687579656
251.2 2.689762045
251.4 2.691919058
251.6 2.694071965
251.8 2.696235934
252 2.698414313
252.2 2.70060993
252.4 2.702804968
252.6 2.704990012
252.8 2.707156719
253 2.709312424
253.2 2.71145591
253.4 2.713610377
253.6 2.715771851
253.8 2.717946951
254 2.720102631
254.2 2.722304928
254.4 2.724505509
254.6 2.72671549
254.8 2.728916439
255 2.731090458
255.2 2.733279809
255.4 2.735471927
255.6 2.737663721
255.8 2.739874469
256 2.742098169
256.2 2.744325243
256.4 2.746564568
256.6 2.748833688
256.8 2.751128156
257 2.753425607
257.2 2.75571986
257.4 2.757997222
257.6 2.760221493
257.8 2.762428799
258 2.764684989
258.2 2.766936852
258.4 2.769212368
258.6 2.771489787
258.8 2.773779022
259 2.776077072
259.2 2.77836941
259.4 2.780595398
259.6 2.782844636
259.8 2.78513621
260 2.787422197
260.2 2.789679362
260.4 2.791964819
260.6 2.794234059
260.8 2.796483577
261 2.798741816
261.2 2.800999965
261.4 2.803283969
261.6 2.805562041
261.8 2.807855169
262 2.81014445
262.2 2.812454635
262.4 2.814742815
262.6 2.816994142
262.8 2.819269045
263 2.821525967
263.2 2.823778088
263.4 2.826005748
263.6 2.828262084
263.8 2.830508175
264 2.832713041
264.2 2.834938634
264.4 2.837164943
264.6 2.839364064
264.8 2.841576919
265 2.843802896
265.2 2.84606663
265.4 2.848315908
265.6 2.850548505
265.8 2.852809521
266 2.855043373
266.2 2.857257805
266.4 2.859466389
266.6 2.861717768
266.8 2.863952402
267 2.866158629
267.2 2.868418281
267.4 2.870653178
267.6 2.872861318
267.8 2.875046977
268 2.877237499
268.2 2.879438536
268.4 2.881659259
268.6 2.883881705
268.8 2.886084741
269 2.888274554
269.2 2.890476492
269.4 2.89272161
269.6 2.894959635
269.8 2.897188495
270 2.89942979
270.2 2.901675735
270.4 2.903908562
270.6 2.906111021
270.8 2.908298765
271 2.910545839
271.2 2.912802138
271.4 2.915036484
271.6 2.917235998
271.8 2.91946557
272 2.921688306
272.2 2.923873519
272.4 2.926050936
272.6 2.928246944
272.8 2.930438478
273 2.932662066
273.2 2.934904521
273.4 2.937141972
273.6 2.939385531
273.8 2.941619072
274 2.943844022
274.2 2.946076899
274.4 2.948281631
274.6 2.950458147
274.8 2.952649315
275 2.954883002
275.2 2.957076191
275.4 2.959273788
275.6 2.961482271
275.8 2.963700482
276 2.965917459
276.2 2.968139342
276.4 2.970363935
276.6 2.972570838
276.8 2.974758589
277 2.976952237
277.2 2.979120719
277.4 2.981298727
277.6 2.983447532
277.8 2.985601964
278 2.9877412
278.2 2.989897818
278.4 2.9920742
278.6 2.99421805
278.8 2.996361848
279 2.998530296
279.2 3.000714064
279.4 3.002899453
279.6 3.005070803
279.8 3.007246018
280 3.009436423
280.2 3.011635153
280.4 3.013844461
280.6 3.016060266
280.8 3.018273507
281 3.020462909
281.2 3.022617408
281.4 3.024742609
281.6 3.026878872
281.8 3.029028092
282 3.031197654
282.2 3.033356944
282.4 3.035507176
282.6 3.037650419
282.8 3.039763656
283 3.041925771
283.2 3.044104931
283.4 3.04627658
283.6 3.048440401
283.8 3.050599447
284 3.052775598
284.2 3.054920232
284.4 3.057041926
284.6 3.059152429
284.8 3.061290207
285 3.063384313
285.2 3.065507521
285.4 3.067692588
285.6 3.069891436
285.8 3.072081608
286 3.074300383
286.2 3.076570841
286.4 3.078840063
286.6 3.081143792
286.8 3.08344453
287 3.085747433
287.2 3.088051102
287.4 3.090326246
287.6 3.092537429
287.8 3.094742244
288 3.096995451
288.2 3.099248131
288.4 3.101512277
288.6 3.103794416
288.8 3.106069142
289 3.108332948
289.2 3.110593806
289.4 3.112869227
289.6 3.115157365
289.8 3.11739284
290 3.119612218
290.2 3.121882233
290.4 3.12416324
290.6 3.126447968
290.8 3.128689967
291 3.130961396
291.2 3.133208292
291.4 3.135456441
291.6 3.137723406
291.8 3.139974921
292 3.142224271
292.2 3.144470776
292.4 3.146702483
292.6 3.148908769
292.8 3.151078398
293 3.153240468
293.2 3.155429409
293.4 3.157615233
293.6 3.159800196
293.8 3.161983497
294 3.164060643
294.2 3.166160233
294.4 3.168270048
294.6 3.170397872
294.8 3.172496079
295 3.17456676
295.2 3.176667344
295.4 3.178752275
295.6 3.180810232
295.8 3.182890516
296 3.184970437
296.2 3.187024409
296.4 3.18909964
296.6 3.191188249
296.8 3.193260584
297 3.195356673
297.2 3.197438599
297.4 3.19952169
297.6 3.201568633
297.8 3.203630681
298 3.205713146
298.2 3.207793682
298.4 3.209898224
298.6 3.212037816
298.8 3.214131613
299 3.216201628
299.2 3.218288654
299.4 3.220372168
299.6 3.222438704
299.8 3.224514742
300 3.22663699
300.2 3.228757384
300.4 3.230843853
300.6 3.232975047
300.8 3.235089534
301 3.237209557
301.2 3.239332484
301.4 3.241492686
301.6 3.243615817
301.8 3.245703521
302 3.247792663
302.2 3.249908062
302.4 3.252029778
302.6 3.254137699
302.8 3.256262209
303 3.258398384
303.2 3.260503183
303.4 3.262621943
303.6 3.264744854
303.8 3.266889828
304 3.269064223
304.2 3.271209652
304.4 3.273338793
304.6 3.275497305
304.8 3.277654868
305 3.279814758
305.2 3.282038832
305.4 3.28425471
305.6 3.286513927
305.8 3.288806096
306 3.291074131
306.2 3.29335004
306.4 3.295597216
306.6 3.297833705
306.8 3.300088382
307 3.302387669
307.2 3.304659057
307.4 3.306901792
307.6 3.309157749
307.8 3.311451598
308 3.313732806
308.2 3.316008175
308.4 3.318232679
308.6 3.320421873
308.8 3.322642248
309 3.324857832
309.2 3.327096155
309.4 3.329369125
309.6 3.331712658
309.8 3.334044373
310 3.336357284
310.2 3.338660531
310.4 3.340978076
310.6 3.343318373
310.8 3.345617853
311 3.347917658
311.2 3.350248077
311.4 3.352609522
311.6 3.354980267
311.8 3.357324004
312 3.359666713
312.2 3.362004529
312.4 3.364311033
312.6 3.366639498
312.8 3.369007287
313 3.371347796
313.2 3.373641913
313.4 3.375943728
313.6 3.378227389
313.8 3.380485734
314 3.382760295
314.2 3.38503451
314.4 3.387316998
314.6 3.389627512
314.8 3.391980399
315 3.394349111
315.2 3.396705477
315.4 3.399079722
315.6 3.401442717
315.8 3.403813673
316 3.406125855
316.2 3.408387729
316.4 3.41068603
316.6 3.412995012
316.8 3.415327505
317 3.417680329
317.2 3.419983628
317.4 3.42227417
317.6 3.424575705
317.8 3.426867257
318 3.429206213
318.2 3.431545195
318.4 3.433892693
318.6 3.436247316
318.8 3.438577363
319 3.440948357
319.2 3.443325731
319.4 3.445711189
319.6 3.448080602
319.8 3.450451391
320 3.452834419
320.2 3.455268127
320.4 3.457684657
320.6 3.460092546
320.8 3.462468211
321 3.464859594
321.2 3.46726457
321.4 3.4696597
321.6 3.472060436
321.8 3.4744409
322 3.476851054
322.2 3.479200002
322.4 3.481488938
322.6 3.483798647
322.8 3.486118374
323 3.488427779
323.2 3.490758328
323.4 3.493154781
323.6 3.495548011
323.8 3.497949144
324 3.500337683
324.2 3.502713943
324.4 3.50503218
324.6 3.507361726
324.8 3.509690985
325 3.511992337
325.2 3.514305376
325.4 3.516681177
325.6 3.519020271
325.8 3.521370783
326 3.523726419
326.2 3.526085734
326.4 3.52841819
326.6 3.530785682
326.8 3.533172747
327 3.535551547
327.2 3.53790727
327.4 3.540244771
327.6 3.542582651
327.8 3.544904103
328 3.547189777
328.2 3.549496488
328.4 3.551839058
328.6 3.554178758
328.8 3.556487941
329 3.558747014
329.2 3.561013946
329.4 3.563322863
329.6 3.565580779
329.8 3.567846687
330 3.570061465
330.2 3.572291606
330.4 3.574566243
330.6 3.57684319
330.8 3.579150762
331 3.581408181
331.2 3.583703244
331.4 3.58598952
331.6 3.588274627
331.8 3.590603894
332 3.592920788
332.2 3.595226464
332.4 3.597564836
332.6 3.599829115
332.8 3.602144329
333 3.60447302
333.2 3.606799638
333.4 3.609157771
333.6 3.611449099
333.8 3.613722445
334 3.616014458
334.2 3.61834333
334.4 3.620652754
334.6 3.622923805
334.8 3.625222075
335 3.627514981
335.2 3.629858303
335.4 3.632213116
335.6 3.634602116
335.8 3.636941848
336 3.639312378
336.2 3.64166971
336.4 3.644038762
336.6 3.646445403
336.8 3.6488492
337 3.651224274
337.2 3.65357344
337.4 3.655925325
337.6 3.658257744
337.8 3.660589517
338 3.66293523
338.2 3.66531108
338.4 3.667698062
338.6 3.670061823
338.8 3.672450949
339 3.674860736
339.2 3.677262892
339.4 3.679675661
339.6 3.682081211
339.8 3.684515903
340 3.686943628
340.2 3.689326164
340.4 3.691698149
340.6 3.694040419
340.8 3.696427924
341 3.698844755
341.2 3.701228708
341.4 3.703619891
341.6 3.705987519
341.8 3.708337726
342 3.710692787
342.2 3.713067603
342.4 3.715476592
342.6 3.717888779
342.8 3.72033797
343 3.722849844
343.2 3.725382273
343.4 3.727878246
343.6 3.730358516
343.8 3.732793244
344 3.735265351
344.2 3.737782875
344.4 3.740273662
344.6 3.742774231
344.8 3.745255035
345 3.747724617
345.2 3.750229241
345.4 3.752739872
345.6 3.755255398
345.8 3.757732883
346 3.760193263
346.2 3.762673852
346.4 3.765198035
346.6 3.767722933
346.8 3.770227952
347 3.772737074
347.2 3.775297705
347.4 3.777815266
347.6 3.780299441
347.8 3.782716171
348 3.785173213
348.2 3.787661183
348.4 3.790125197
348.6 3.792574627
348.8 3.795032163
349 3.797504332
349.2 3.799952809
349.4 3.802417274
349.6 3.804906083
349.8 3.807447427
350 3.809965312
350.2 3.812447147
350.4 3.814909695
350.6 3.817408093
350.8 3.819898738
351 3.822399795
351.2 3.824935972
351.4 3.827436033
351.6 3.829939795
351.8 3.832402495
352 3.834870817
352.2 3.837366103
352.4 3.839880365
352.6 3.84236222
352.8 3.844823047
353 3.847266473
353.2 3.849762796
353.4 3.852228591
353.6 3.854763688
353.8 3.857332492
354 3.859866905
354.2 3.862361499
354.4 3.864891767
354.6 3.867417421
354.8 3.869908748
355 3.87240259
355.2 3.874896335
355.4 3.877416226
355.6 3.879900645
355.8 3.882325598
356 3.884745568
356.2 3.887192788
356.4 3.889652915
356.6 3.892125676
356.8 3.894580854
357 3.89703907
357.2 3.899456263
357.4 3.901862256
357.6 3.904332011
357.8 3.906783238
358 3.90922801
358.2 3.911694691
358.4 3.914196567
358.6 3.916749356
358.8 3.919279719
359 3.921778041
359.2 3.924291498
359.4 3.926811746
359.6 3.929261129
359.8 3.931742296
360 3.934246891
360.2 3.936729954
360.4 3.93922599
360.6 3.941764302
360.8 3.944263971
361 3.946723724
361.2 3.949194667
361.4 3.951697058
361.6 3.95416209
361.8 3.956618401
362 3.95904986
362.2 3.961523306
362.4 3.963970113
362.6 3.966445852
362.8 3.968973823
363 3.971451049
363.2 3.973928118
363.4 3.976417058
363.6 3.978949608
363.8 3.981443523
364 3.983955333
364.2 3.98647183
364.4 3.989051587
364.6 3.991651715
364.8 3.994188516
365 3.996759513
365.2 3.999335179
365.4 4.001862084
365.6 4.004361091
365.8 4.006908559
366 4.00951998
366.2 4.012144709
366.4 4.014788538
366.6 4.017406954
366.8 4.020014454
367 4.022638906
367.2 4.025279683
367.4 4.027933455
367.6 4.030635879
367.8 4.033324724
368 4.036022627
368.2 4.038632273
368.4 4.041273309
368.6 4.043946085
368.8 4.046640967
369 4.049306288
369.2 4.052016667
369.4 4.054682383
369.6 4.057302795
369.8 4.059960755
370 4.062627289
370.2 4.065322329
370.4 4.067984003
370.6 4.070693521
370.8 4.073357232
371 4.07605005
371.2 4.078705472
371.4 4.081353023
371.6 4.084047847
371.8 4.086746607
372 4.089476054
372.2 4.092248182
372.4 4.094946027
372.6 4.097662803
372.8 4.100424534
373 4.103110234
373.2 4.10578542
373.4 4.108578741
373.6 4.111330212
373.8 4.114100093
374 4.116932022
374.2 4.119737293
374.4 4.122553761
374.6 4.125371783
374.8 4.128220608
375 4.131025939
375.2 4.133861876
375.4 4.136681127
375.6 4.139492598
375.8 4.142256781
376 4.144982392
376.2 4.14776056
376.4 4.150576027
376.6 4.153416061
376.8 4.156223518
377 4.159002207
377.2 4.16178354
377.4 4.164550922
377.6 4.167300664
377.8 4.170066606
378 4.172816381
378.2 4.175548973
378.4 4.178273756
378.6 4.181014337
378.8 4.183732543
379 4.186503488
379.2 4.189361508
379.4 4.192137995
379.6 4.194877601
379.8 4.197606626
380 4.200417342
380.2 4.203265331
380.4 4.206084553
380.6 4.208936526
380.8 4.211795561
381 4.214752526
381.2 4.217684169
381.4 4.22059898
381.6 4.223573339
381.8 4.226476029
382 4.229391803
382.2 4.232248225
382.4 4.235066847
382.6 4.23792055
382.8 4.240773144
383 4.243641204
383.2 4.246491736
383.4 4.249304854
383.6 4.252105521
383.8 4.2548737
384 4.257621665
384.2 4.260373847
384.4 4.263152328
384.6 4.265961256
384.8 4.268815588
385 4.271680605
385.2 4.274515814
385.4 4.277362795
385.6 4.280236969
385.8 4.283080738
386 4.285906099
386.2 4.288755374
386.4 4.291573578
386.6 4.29445886
386.8 4.297314889
387 4.300231567
387.2 4.303178456
387.4 4.306120724
387.6 4.309085892
387.8 4.31200404
388 4.314872593
388.2 4.317669953
388.4 4.320474732
388.6 4.323382087
388.8 4.326224052
389 4.329042834
389.2 4.331925564
389.4 4.334740119
389.6 4.337446649
389.8 4.340111654
390 4.34282593
390.2 4.345599927
390.4 4.348328829
390.6 4.351035587
390.8 4.353816237
391 4.35658209
391.2 4.359304732
391.4 4.362039177
391.6 4.36480824
391.8 4.367488971
392 4.370123594
392.2 4.372767113
392.4 4.375361437
392.6 4.377912341
392.8 4.380514887
393 4.383175316
393.2 4.385793725
393.4 4.388303001
393.6 4.390820729
393.8 4.393327324
394 4.395879512
394.2 4.39844906
394.4 4.400989524
394.6 4.403577627
394.8 4.40607234
395 4.408602308
395.2 4.411132268
395.4 4.413604287
395.6 4.416100787
395.8 4.418535047
396 4.421028765
396.2 4.423558675
396.4 4.426076515
396.6 4.428619699
396.8 4.431179603
397 4.433722136
397.2 4.436252698
397.4 4.438779501
397.6 4.441216626
397.8 4.443646043
398 4.446107877
398.2 4.448580527
398.4 4.450976684
398.6 4.453437937
398.8 4.455930876
399 4.458425994
399.2 4.460860546
399.4 4.463370683
399.6 4.465840566
399.8 4.468280196
400 4.470664325
400.2 4.473072047
400.4 4.475513395
400.6 4.477913707
400.8 4.48041686
401 4.482923379
401.2 4.485447153
401.4 4.487909043
401.6 4.490466232
401.8 4.493008465
402 4.495615428
402.2 4.498201942
402.4 4.500706967
402.6 4.503158704
402.8 4.505670968
403 4.508184152
403.2 4.510731189
403.4 4.513301846
403.6 4.515874596
403.8 4.518481263
404 4.521070974
404.2 4.523715139
404.4 4.52632167
404.6 4.528882856
404.8 4.531408695
405 4.533958516
405.2 4.536542588
405.4 4.539140265
405.6 4.541692557
405.8 4.544235574
406 4.54683879
406.2 4.549388086
406.4 4.551887896
406.6 4.554304535
406.8 4.556745893
407 4.559165441
407.2 4.561481183
407.4 4.563864298
407.6 4.56623176
407.8 4.568586085
408 4.57087051
408.2 4.573143133
408.4 4.57539403
408.6 4.57761234
408.8 4.579774063
409 4.581993713
409.2 4.584167833
409.4 4.586300526
409.6 4.588474639
409.8 4.590664907
410 4.592806447
410.2 4.594946189
410.4 4.597077765
410.6 4.599149601
410.8 4.601223777
411 4.603325322
411.2 4.605449648
411.4 4.607600595
411.6 4.609763499
411.8 4.611938397
412 4.614044844
412.2 4.616191168
412.4 4.618328773
412.6 4.620495401
412.8 4.622685765
413 4.624795092
413.2 4.626870841
413.4 4.628997336
413.6 4.631132971
413.8 4.633290515
414 4.635562118
414.2 4.637842064
414.4 4.640101626
414.6 4.642254853
414.8 4.644457918
415 4.646721005
415.2 4.64902869
415.4 4.651379891
415.6 4.65363459
415.8 4.655953269
416 4.658304368
416.2 4.660657252
416.4 4.662969299
416.6 4.665214303
416.8 4.667447527
417 4.669754399
417.2 4.672026843
417.4 4.674236407
417.6 4.676428177
417.8 4.678667433
418 4.680991299
418.2 4.683355933
418.4 4.685638043
418.6 4.687897982
418.8 4.690156081
419 4.692416778
419.2 4.694696783
419.4 4.697014121
419.6 4.699267213
419.8 4.701593686
420 4.703913676
420.2 4.706234229
420.4 4.708534254
420.6 4.710665717
420.8 4.712934783
421 4.71525295
421.2 4.717504996
421.4 4.719762857
421.6 4.721999879
421.8 4.724230065
422 4.726433494
422.2 4.728602264
422.4 4.730937609
422.6 4.733416391
422.8 4.735836518
423 4.738192581
423.2 4.740631827
423.4 4.743008523
423.6 4.745242626
423.8 4.747461651
424 4.749813724
424.2 4.752054591
424.4 4.754344303
424.6 4.75668264
424.8 4.759064075
425 4.761350607
425.2 4.763534437
425.4 4.765911487
425.6 4.768332789
425.8 4.770891966
426 4.773544175
426.2 4.776184496
426.4 4.778777985
426.6 4.781254816
426.8 4.783799757
427 4.786313329
427.2 4.788838038
427.4 4.791338298
427.6 4.79373556
427.8 4.796175651
428 4.798681175
428.2 4.801089472
428.4 4.803530133
428.6 4.805955514
428.8 4.808374228
429 4.810784539
429.2 4.813153418
429.4 4.815485014
429.6 4.817877466
429.8 4.820248509
430 4.822651164
430.2 4.824950939
430.4 4.827205392
430.6 4.82953353
430.8 4.831694773
431 4.833904636
431.2 4.836140477
431.4 4.838384202
431.6 4.840486114
431.8 4.84250116
432 4.844549695
432.2 4.846688059
432.4 4.848771572
432.6 4.850994411
432.8 4.85336203
433 4.855598347
433.2 4.857880101
433.4 4.860217538
433.6 4.86276256
433.8 4.865440162
434 4.868031649
434.2 4.870537
434.4 4.872991795
434.6 4.875511821
434.8 4.878108829
435 4.880712696
435.2 4.883164191
435.4 4.885438702
435.6 4.887829216
435.8 4.890192533
436 4.892487885
436.2 4.894839302
436.4 4.897239702
436.6 4.899529156
436.8 4.901919985
437 4.904317356
437.2 4.906690301
437.4 4.909081778
437.6 4.911420033
437.8 4.913790784
438 4.916259656
438.2 4.918696141
438.4 4.921145954
438.6 4.923722322
438.8 4.926258693
439 4.928923348
439.2 4.931599419
439.4 4.93415969
439.6 4.936612544
439.8 4.938992781
440 4.941406323
440.2 4.943977724
440.4 4.946447247
440.6 4.948945711
440.8 4.951441861
441 4.953904283
441.2 4.956198597
441.4 4.958623881
441.6 4.961123753
441.8 4.963576423
442 4.966083907
442.2 4.968395765
442.4 4.970592575
442.6 4.97280657
442.8 4.974945036
443 4.977159289
443.2 4.979552976
443.4 4.982055984
443.6 4.98453712
443.8 4.987040432
444 4.989614022
444.2 4.992157919
444.4 4.994609981
444.6 4.99724535
444.8 4.999864766
445 5.002514738
445.2 5.005135275
445.4 5.00774571
445.6 5.010404501
445.8 5.012917792
446 5.015391076
446.2 5.017707811
446.4 5.020088525
446.6 5.02252528
446.8 5.024970936
447 5.027447762
447.2 5.029972012
447.4 5.032517283
447.6 5.034991729
447.8 5.037485796
448 5.039989412
448.2 5.042484945
448.4 5.044827763
448.6 5.0471069
448.8 5.049455481
449 5.051624897
449.2 5.053764235
449.4 5.055966805
449.6 5.058039802
449.8 5.060075979
450 5.062223554
450.2 5.064452788
450.4 5.066848043
450.6 5.069067033
450.8 5.071261833
451 5.073599831
451.2 5.076034596
451.4 5.078463433
451.6 5.080987207
451.8 5.083657251
452 5.086287065
452.2 5.088927403
452.4 5.091442755
452.6 5.094043806
452.8 5.096828294
453 5.099517298
453.2 5.102194947
453.4 5.104917482
453.6 5.107727338
453.8 5.110503495
454 5.113453086
454.2 5.116361732
454.4 5.119137712
454.6 5.121984383
454.8 5.124904842
455 5.127706937
455.2 5.130566089
455.4 5.133462413
455.6 5.136549475
455.8 5.139654386
456 5.142580118
456.2 5.145457511
456.4 5.148407883
456.6 5.151242099
456.8 5.154094051
457 5.156901457
457.2 5.15960665
457.4 5.162544142
457.6 5.165513846
457.8 5.168384242
458 5.171341119
458.2 5.174397436
458.4 5.177465173
458.6 5.180421748
458.8 5.18350999
459 5.186609381
459.2 5.189802915
459.4 5.192937236
459.6 5.195961858
459.8 5.198731847
460 5.201664298
460.2 5.204701294
460.4 5.207735991
460.6 5.210691495
460.8 5.213769317
461 5.216761758
461.2 5.219913313
461.4 5.222928613
461.6 5.225715058
461.8 5.228658895
462 5.231474688
462.2 5.234323451
462.4 5.237023287
462.6 5.239636025
462.8 5.242421881
463 5.245211612
463.2 5.24788656
463.4 5.250605229
463.6 5.2532803
463.8 5.256214245
464 5.259119829
464.2 5.262028408
464.4 5.264861093
464.6 5.267641924
464.8 5.270275425
465 5.272943111
465.2 5.27566785
465.4 5.27828521
465.6 5.280865654
465.8 5.28344191
466 5.285917744
466.2 5.288131746
466.4 5.29051181
466.6 5.293047763
466.8 5.295454938
467 5.297828226
467.2 5.300148274
467.4 5.30239495
467.6 5.304517345
467.8 5.306590671
468 5.30859425
468.2 5.310510792
468.4 5.312268119
468.6 5.313902822
468.8 5.315665737
469 5.317630754
469.2 5.319557873
469.4 5.321361079
469.6 5.323182313
469.8 5.324978247
470 5.326846471
470.2 5.328805229
470.4 5.330683566
470.6 5.332624766
470.8 5.334771533
471 5.336962286
471.2 5.339111172
471.4 5.341117999
471.6 5.343256282
471.8 5.345337804
472 5.34757483
472.2 5.349698323
472.4 5.351527718
472.6 5.353443538
472.8 5.355369256
473 5.357265459
473.2 5.359077835
473.4 5.360450948
473.6 5.361935415
473.8 5.363382179
474 5.364986215
474.2 5.366620467
474.4 5.367920776
474.6 5.36946179
474.8 5.370946859
475 5.372497324
475.2 5.374238308
475.4 5.375506147
475.6 5.377207247
475.8 5.379196665
476 5.381174155
476.2 5.383305993
476.4 5.385475856
476.6 5.387464716
476.8 5.389520027
477 5.391435158
477.2 5.393581205
477.4 5.395295456
477.6 5.396853003
477.8 5.398426451
478 5.40002432
478.2 5.401610747
478.4 5.403092375
478.6 5.404895692
478.8 5.407034364
479 5.409562984
479.2 5.411846105
479.4 5.414095082
479.6 5.416530587
479.8 5.418864986
480 5.421573861
480.2 5.424271854
480.4 5.427629103
480.6 5.430459933
480.8 5.4332566
481 5.436091866
481.2 5.439035308
481.4 5.442382601
481.6 5.445691578
481.8 5.448823418
482 5.451920073
482.2 5.454719703
482.4 5.457074968
482.6 5.459570124
482.8 5.462227644
483 5.464801092
483.2 5.467442296
483.4 5.470299387
483.6 5.47340858
483.8 5.476766001
484 5.479822425
484.2 5.482801695
484.4 5.486045078
484.6 5.488976708
484.8 5.49186632
485 5.49456168
485.2 5.496722055
485.4 5.499114089
485.6 5.501456793
485.8 5.504074496
486 5.506615511
486.2 5.508973321
486.4 5.511595948
486.6 5.514029274
486.8 5.516067563
487 5.518269095
487.2 5.519925945
487.4 5.521565515
487.6 5.523377355
487.8 5.525376794
488 5.527383596
488.2 5.529636193
488.4 5.531423489
488.6 5.532748236
488.8 5.534077428
489 5.535280047
489.2 5.536207103
489.4 5.537359896
489.6 5.539191345
489.8 5.540667687
490 5.542712708
490.2 5.544696672
490.4 5.546130783
490.6 5.547204955
490.8 5.548497044
491 5.549767619
491.2 5.550968485
491.4 5.552011571
491.6 5.553359849
491.8 5.554686336
492 5.555865731
492.2 5.556536178
492.4 5.557395812
492.6 5.558301182
492.8 5.558111131
493 5.558652662
493.2 5.559338384
493.4 5.559699593
493.6 5.559899389
493.8 5.559880346
494 5.560204005
494.2 5.559556446
494.4 5.557282341
494.6 5.555205348
494.8 5.552718251
495 5.55056916
495.2 5.549671464
495.4 5.549705893
495.6 5.550362539
495.8 5.550345646
496 5.548378677
496.2 5.545674382
496.4 5.543940964
496.6 5.541732904
496.8 5.537663711
497 5.537460429
497.2 5.5355582
497.4 5.531535907
497.6 5.528428677
497.8 5.527138704
498 5.525537235
498.2 5.523828418
498.4 5.525862542
498.6 5.525923123
498.8 5.525120982
499 5.529296848
499.2 5.531196607
499.4 5.527736474
499.6 5.529261881
499.8 5.53415426
500 5.527596564
