0 0.007347061176 -0.00018742503
0.2 0.006484375 0.001421875
0.4 0.006143082233 0.0003907813125
0.6 0.005835918735 0.0003831189952
0.8 0.005566054265 0.0002424784742
1 0.005346053686 0.0001643254207
1.2 0.005132139279 0.0001487349699
1.4 0.004952511026 7.831295108E-05
1.6 0.004775872443 0.0001410198556
1.8 0.004602227127 0.0001254012841
2 0.004447260136 0.0001254516259
2.2 0.004273343373 0.0001490336345
2.4 0.004102425673 0.0001569405384
2.6 0.003943930868 0.0001648537982
2.8 0.003797873945 7.068003619E-05
3 0.00366741251 2.356948914E-05
3.2 0.003549421529 4.715794769E-05
3.4 0.003456496578 7.862822061E-06
3.6 0.00337608236 1.573197745E-05
3.8 0.003267274376 6.29532635E-05
4 0.003174123337 0.0001180849456
4.2 0.003084047379 9.450604839E-05
4.4 0.003000201694 -7.87868092E-06
4.6 0.002913135593 -1.576372074E-05
4.8 0.002835461243 2.310412289E-20
5 0.00275141357 -7.888226979E-05
5.2 0.002686237374 -6.313131313E-05
5.4 0.002617850647 -2.368381164E-05
5.6 0.00255572685 7.897796199E-06
5.8 0.00246826962 4.74059466E-05
6 0.002383903278 -4.742513153E-05
6.2 0.002324772267 6.325910931E-05
6.4 0.002237115229 6.328473066E-05
6.6 0.002155718193 -7.913796596E-05
6.8 0.002086922375 -3.166801784E-05
7 0.002002230333 -7.920214923E-06
7.2 0.001926977688 -3.169371197E-05
7.4 0.001861175933 -7.926643669E-06
7.6 0.001798492692 1.585972391E-05
7.8 0.00172623883 1.375791218E-20
8 0.001650751727 -2.380891914E-05
8.2 0.001584730691 -3.96976626E-05
8.4 0.001525010167 -7.942761285E-06
8.6 0.001458884255 -7.945992677E-06
8.8 0.00140224359 -8.744149369E-05
9 0.001339194829 -0.000111334487
9.2 0.001282459267 -7.955702648E-06
9.4 0.001232044621 -7.95894458E-06
9.6 0.001178403995 -3.184875662E-05
9.8 0.001121533442 7.965436378E-06
10 0.001074178907 5.578080375E-05
10.2 0.001020408163 3.985969388E-05
10.4 0.0009761637403 -7.975193957E-06
10.6 0.0009350745507 9.615333125E-21
10.8 0.0008875664078 7.981712301E-06
11 0.0008527953802 2.091432649E-20
11.2 0.0008275817996 -1.597648262E-05
11.4 0.0008023475859 3.196603928E-05
11.6 0.0007674989767 -9.806813394E-22
11.8 0.0007422194922 -1.436270922E-21
12 0.0007201198279 4.000665711E-05
12.2 0.0006851946721 -2.843808977E-21
12.4 0.0006726629766 -8.007892579E-05
12.6 0.0006537120591 -9.613412633E-05
12.8 0.0006283340172 -1.602892901E-05
13 0.0006093493432 8.017754516E-06
13.2 0.0005935574949 -4.010523614E-05
13.4 0.0005938013558 -5.617039852E-05
13.6 0.000571568023 -2.408292232E-05
13.8 0.0005525287829 -7.227847451E-05
14 0.000530260181 -0.0001124794323
14.2 0.0005208333333 -7.233796296E-05
14.4 0.0005049660354 -0.0001125720461
14.6 0.0005051740115 -0.0001287067545
14.8 0.0004925061805 -7.242737948E-05
15 0.0004830482275 -2.415241138E-05
15.2 0.0004703608247 -3.221649485E-05
15.4 0.0004544399752 -7.251701733E-05
15.6 0.0004449546017 -0.0001289723483
15.8 0.0004354613955 -0.0001693460983
16 0.0004291873193 -0.0001129440314
16.2 0.0004164514463 -9.684917355E-05
16.4 0.0004166236048 -6.459280695E-05
16.6 0.0004071029777 -7.26969603E-05
16.8 0.0003975744725 -5.656547373E-05
17 0.0003912717301 -8.084126656E-06
17.2 0.0003849637681 8.08747412E-06
17.4 0.0003721779205 -8.090824358E-06
17.6 0.0003690944882 -3.237670949E-05
17.8 0.0003562914594 -4.8585199E-05
18 0.0003467181667 -3.240356698E-05
18.2 0.000330653527 -1.684337317E-20
18.4 0.00031457555 -1.621523454E-05
18.6 0.0002984842193 8.110984219E-06
18.8 0.0002791337765 1.622870794E-05
19 0.0002597672485 2.435317955E-05
19.2 0.0002436330561 -2.436330561E-05
19.4 0.000233985025 -6.499584027E-05
19.6 0.0002210778194 -4.876716604E-05
19.8 0.0002081598668 -2.439373439E-05
20 0.0001952311537 8.134631404E-06
20.2 0.0001822916667 3.930867365E-21
20.4 0.000166084827 2.539904137E-21
20.6 0.0001498644704 1.628961635E-05
20.8 0.0001401491448 2.444461827E-05
21 0.0001304257095 2.115726567E-21
21.2 0.0001206941545 2.446503132E-05
21.4 0.0001109544695 3.26336675E-05
21.6 0.0001077361053 -6.529460928E-05
21.8 0.0001045150502 -9.798285953E-05
22 0.0001012913007 -7.351787955E-05
22.2 9.806485356E-05 -8.989278243E-05
22.4 9.156550858E-05 -5.722844286E-05
22.6 7.851758794E-05 -3.271566164E-05
22.8 7.200460829E-05 1.63646837E-05
23 6.548616932E-05 -2.292001575E-20
23.2 6.223794549E-05 -1.119205765E-20
23.4 5.243288591E-05 4.915583054E-05
23.6 4.917645825E-05 8.196076374E-06
23.8 4.591729639E-05 -1.639903442E-05
24 4.265539689E-05 -4.10148047E-05
24.2 4.595588235E-05 2.461922269E-05
24.4 3.9407314E-05 4.92591425E-05
24.6 3.942388562E-05 2.463992851E-05
24.8 3.944047118E-05 1.643352966E-05
25 4.274515993E-05 8.220223064E-06
25.2 4.276315789E-05 8.223684211E-06
25.4 3.949031171E-05 2.468144482E-05
25.6 3.950695322E-05 5.761430678E-05
25.8 4.281724283E-05 2.470225548E-05
26 4.942534795E-05 2.471267398E-05
26.2 4.944620253E-05 4.944620253E-05
26.4 4.616926973E-05 9.893414943E-05
26.6 4.288956926E-05 0.0001072239231
26.8 4.290768906E-05 9.901774398E-05
27 3.96238377E-05 9.905959425E-05
27.2 4.294397463E-05 3.303382664E-05
27.4 4.296214044E-05 8.261950085E-06
27.6 4.298032163E-05 -1.653089293E-05
27.8 3.969093988E-05 2.480683743E-05
28 3.970775095E-05 0.0001158142736
28.2 3.972457627E-05 0.0001075873941
28.4 3.974141585E-05 9.935353964E-05
28.6 3.975826972E-05 8.282972858E-05
28.8 3.977513789E-05 8.28648706E-06
29 3.979202037E-05 -4.974002547E-05
29.2 3.98089172E-05 8.293524416E-06
29.4 3.650700935E-05 1.315294044E-20
29.6 3.984275393E-05 -5.810401615E-05
29.8 3.653805272E-05 -8.304102891E-06
30 3.987664823E-05 2.492290515E-05
30.2 3.656914894E-05 4.155585106E-05
30.4 3.65847169E-05 4.157354193E-05
30.6 3.992759796E-05 3.32729983E-05
30.8 3.328717512E-05 2.496538134E-05
31 2.997122762E-05 1.295571952E-21
31.2 2.332089552E-05 -1.665778252E-05
31.4 2.333084471E-05 -3.332977816E-05
31.6 2.000640205E-05 -2.500800256E-05
31.8 2.001494449E-05 -1.667912041E-05
32 1.668624519E-05 -3.337249039E-05
32.2 1.669337607E-05 -2.50400641E-05
32.4 1.336041043E-05 -8.35025652E-06
32.6 1.002459367E-05 -8.353828058E-06
32.8 6.685922122E-06 -3.4887464E-21
33 6.688784247E-06 -1.052966139E-20
33.2 6.691648822E-06 -8.364561028E-06
33.4 6.694515853E-06 3.347257926E-05
33.6 1.004607801E-05 6.697385341E-05
33.8 1.340051458E-05 4.187660806E-05
34 1.675782926E-05 -8.378914629E-06
34.2 2.011802575E-05 -1.741568228E-21
34.4 2.348110777E-05 4.193054959E-05
34.6 2.349119416E-05 3.35588488E-05
34.8 2.350128921E-05 -1.678663515E-05
35 2.351139295E-05 -2.519077816E-05
35.2 2.352150538E-05 -6.703216553E-21
35.4 2.016996558E-05 -1.680830465E-05
35.6 2.354175635E-05 8.407770125E-06
35.8 2.355189492E-05 -3.364556417E-05
36 3.029405429E-05 -8.41501508E-05
36.2 2.693965517E-05 -5.893049569E-05
36.4 2.358236309E-05 -4.211136266E-05
36.6 2.359253667E-05 -1.685181191E-05
36.8 2.360271903E-05 -8.429542512E-05
37 2.698618307E-05 -5.903227547E-05
37.2 3.037257019E-05 -2.531047516E-05
37.4 3.038569576E-05 -5.064282627E-05
37.6 2.702118461E-05 -2.533236057E-05
37.8 2.703287197E-05 -2.534331747E-05
38 2.704456945E-05 1.690285591E-05
38.2 2.705627706E-05 8.45508658E-06
38.4 2.70679948E-05 -3.38349935E-05
38.6 2.369475737E-05 -3.384965338E-05
38.8 2.031859558E-05 8.466081491E-06
39 2.032740676E-05 4.234876409E-05
39.2 1.694685466E-05 1.694685466E-05
39.4 1.695421007E-05 9.714428046E-21
39.6 1.696157186E-05 -4.240392966E-05
39.8 2.036272806E-05 -1.696894005E-05
40 1.697631465E-05 2.546447197E-05
40.2 1.698369565E-05 -3.39673913E-05
40.4 1.699108308E-05 -3.398216616E-05
40.6 1.699847694E-05 -8.499238468E-06
40.8 1.700587723E-05 -8.502938616E-06
41 1.701328397E-05 -8.506641986E-06
41.2 1.702069717E-05 -5.10620915E-05
41.4 1.702811683E-05 -1.702811683E-05
41.6 1.022132577E-05 -3.407108591E-05
41.8 1.022578534E-05 -8.521487784E-05
42 6.820165866E-06 8.371476091E-21
42.2 3.411572052E-06 -5.970251092E-05
42.4 6.826124945E-06 -0.0001023918742
42.6 1.024366259E-05 -2.560915647E-05
42.8 1.024814167E-05 -8.540118059E-06
43 3.417541557E-06 -5.238133281E-21
43.2 6.838074398E-06 -8.547592998E-06
43.4 6.841068301E-06 -2.565400613E-05
43.6 6.844064827E-06 -3.422032413E-05
43.8 6.847063979E-06 -5.135297984E-05
44 6.850065761E-06 -4.2812911E-05
44.2 6.853070175E-06 -2.569901316E-05
44.4 6.856077227E-06 -2.57102896E-05
44.6 6.859086918E-06 -8.573858648E-06
44.8 6.862099253E-06 -6.004336847E-05
45 6.865114236E-06 -7.723253515E-05
45.2 6.868131868E-06 -6.009615385E-05
45.4 6.871152155E-06 -5.153364116E-05
45.6 6.874175099E-06 -2.577815662E-05
45.8 6.877200704E-06 8.59650088E-06
46 3.440114487E-06 8.600286218E-06
46.2 0 -5.162444934E-05
46.4 0 -1.72157338E-05
46.6 0 1.722332451E-05
46.8 0 2.584638288E-05
47 0 4.309631509E-05
47.2 0 1.724613687E-05
47.4 0 -2.588063163E-05
47.6 0 -2.589206805E-05
47.8 3.453801945E-06 -1.726900973E-05
48 6.910659E-06 -2.591497125E-05
48.2 3.456858407E-06 -1.224536806E-20
48.4 0 -8.645971669E-06
48.6 0 -2.168723616E-20
48.8 0 5.192179885E-05
49 0 6.06022828E-05
49.2 0 6.929046563E-05
49.4 0 8.665150843E-05
49.6 0 3.467598757E-05
49.8 0 1.734569272E-05
50 0 1.735339849E-05
50.2 0 -8.680555556E-06
50.4 0 8.684415296E-06
50.6 0 1.737655694E-05
50.8 0 3.476858033E-05
51 0 2.608804541E-05
51.2 0 8.699888641E-06
51.4 0 2.611129679E-05
51.6 0 1.643879078E-20
51.8 0 3.484611954E-05
52 0 4.357708612E-05
52.2 0 6.103515625E-05
52.4 0 0.0001046784279
52.6 0 5.236260054E-05
52.8 0 1.746200268E-05
53 0 -1.208960883E-20
53.2 3.495525727E-06 3.495525727E-05
53.4 6.994180842E-06 3.497090421E-05
53.6 1.049596955E-05 -8.74664129E-06
53.8 1.050067204E-05 -2.625168011E-05
54 1.400717167E-05 8.754482295E-06
54.2 2.102017937E-05 2.627522422E-05
54.4 3.154441454E-05 -7.43199375E-21
54.6 3.857158887E-05 2.629881059E-05
54.8 4.209699147E-05 3.508082622E-05
55 4.562556155E-05 -2.632243935E-05
55.2 5.266853933E-05 -3.429368424E-21
55.4 5.269222122E-05 2.634611061E-05
55.6 5.271592443E-05 -8.785987404E-06
55.8 5.273964896E-05 8.789941494E-06
56 5.276339487E-05 1.758779829E-05
56.2 5.630630631E-05 2.639358108E-05
56.4 5.281095088E-05 2.640547544E-05
56.6 4.931244364E-05 1.384643688E-20
56.8 4.581078033E-05 6.377328428E-21
57 4.230595668E-05 -8.813740975E-06
57.2 4.585214447E-05 7.054176072E-05
57.4 4.587285456E-05 6.17519196E-05
57.6 4.589358337E-05 -2.647706733E-05
57.8 4.591433092E-05 4.938682736E-21
58 4.593509724E-05 2.650101764E-05
58.2 4.595588235E-05 3.535067873E-05
58.4 4.597668628E-05 8.841670439E-06
58.6 4.599750906E-05 -2.336515477E-20
58.8 4.60183507E-05 -8.849682827E-06
59 4.603921124E-05 -3.059647806E-20
59.2 4.25170068E-05 8.857709751E-06
59.4 4.253629764E-05 -2.658518603E-05
59.6 4.255560599E-05 -7.979176123E-05
59.8 4.257493188E-05 -4.434888738E-05
60 4.614379827E-05 -8.87380736E-06
60.2 4.971590909E-05 -4.438920455E-05
60.4 5.329126876E-05 -1.776375625E-05
60.6 5.33155141E-05 -1.777183803E-05
60.8 5.333978152E-05 -3.555985435E-05
61 5.336407104E-05 -8.89401184E-06
61.2 5.338838269E-05 -3.559225513E-05
61.4 4.985186873E-05 -0.0001246296718
61.6 4.9874601E-05 -6.234325125E-05
61.8 4.989735401E-05 -8.910241788E-06
62 4.99201278E-05 -6.240015974E-05
62.2 4.637557078E-05 3.960555881E-21
62.4 4.639675651E-05 1.784490635E-05
62.6 4.998857404E-05 -3.570612431E-05
62.8 5.001143118E-05 -5.358367627E-05
63 4.646043001E-05 -2.680409424E-05
63.2 4.290617849E-05 -1.787757437E-05
63.4 3.934867216E-05 -2.682864011E-05
63.6 3.578790655E-05 -5.368185983E-05
63.8 3.222387718E-05 -8.055969294E-05
64 2.865657955E-05 -7.164144888E-05
64.2 2.508600917E-05 -8.063360092E-05
64.4 2.151216154E-05 -0.0001165242084
64.6 2.5109045E-05 -0.0001076101928
64.8 2.153192467E-05 -6.280144695E-05
65 1.795151654E-05 -5.385454963E-05
65.2 1.436781609E-05 -6.28591954E-05
65.4 1.437442502E-05 -0.0001078081877
65.6 1.438104004E-05 -8.988150023E-05
65.8 1.438766114E-05 -8.093059392E-05
66 1.439428835E-05 -0.0001079571626
66.2 1.440092166E-05 -5.400345622E-05
66.4 1.440756109E-05 -7.203780544E-05
66.6 1.80177583E-05 -5.405327491E-05
66.8 1.802607291E-05 -4.506518228E-05
67 2.524815328E-05 -8.115477839E-05
67.2 3.247690531E-05 -5.412817552E-05
67.4 4.332255083E-05 -7.220425139E-05
67.6 5.056634304E-05 -6.32079288E-05
67.8 5.4203284E-05 -1.806776133E-05
68 5.42283665E-05 9.038061083E-06
68.2 5.063657407E-05 -2.712673611E-05
68.4 4.704145438E-05 -4.523216767E-05
68.6 4.706325301E-05 -4.52531279E-05
68.8 5.070700046E-05 -2.716446453E-05
69 5.435412801E-05 -9.059021336E-06
69.2 6.162993039E-05 -3.625290023E-05
69.4 6.165854225E-05 -9.067432683E-06
69.6 6.531583837E-05 -4.535822109E-05
69.8 6.534618959E-05 -9.983445632E-05
70 6.537656904E-05 -5.44804742E-05
70.2 6.540697674E-05 -3.63372093E-05
70.4 6.180200093E-05 -3.635411819E-05
70.6 6.183077281E-05 -4.546380354E-05
70.8 6.18595715E-05 -7.277596646E-05
71 6.552889096E-05 -5.460740913E-05
71.2 6.92016317E-05 -1.821095571E-05
71.4 6.923390858E-05 -9.109724813E-06
71.6 6.926621559E-05 -2.73419272E-05
71.8 6.929855275E-05 -9.118230626E-06
72 6.568192433E-05 -1.824497898E-05
72.2 6.206191589E-05 -5.476051402E-05
72.4 6.209093034E-05 -3.652407667E-05
72.6 6.211997194E-05 3.654115996E-05
72.8 6.580486664E-05 4.569782405E-05
73 6.949321161E-05 2.058790619E-20
73.2 7.318501171E-05 -9.148126464E-06
73.4 7.688027179E-05 1.113052507E-20
73.6 7.691631505E-05 2.747011252E-05
73.8 7.695239212E-05 -9.160999062E-06
74 7.698850305E-05 -4.582648991E-05
74.2 7.702464789E-05 -2.750880282E-05
74.4 8.073038985E-05 6.932940208E-21
74.6 7.709703947E-05 9.178218985E-06
74.8 7.346027268E-05 4.416180493E-21
75 7.716956726E-05 -9.186853246E-06
75.2 8.088235294E-05 -9.191176471E-06
75.4 8.092043315E-05 1.142648389E-20
75.6 8.095854922E-05 -2.759950542E-05
75.8 8.099670123E-05 -9.204170594E-06
76 7.366808109E-05 9.208510137E-06
76.2 7.73879717E-05 -1.842570755E-05
76.4 8.111137329E-05 1.843440302E-05
76.6 8.11496695E-05 -8.37536903E-21
76.8 8.856872933E-05 -9.225909306E-06
77 8.491847826E-05 3.69210775E-05
77.2 8.865248227E-05 2.770390071E-05
77.4 8.869441816E-05 9.239001892E-06
77.6 9.243374349E-05 -9.243374349E-06
77.8 9.617660985E-05 -9.247750947E-06
78 9.622216959E-05 -1.850426338E-05
78.2 0.0001036729858 -9.256516588E-06
78.4 0.0001074265055 1.852181128E-05
78.6 0.0001111835863 -9.265298861E-06
78.8 0.0001149442335 9.269696251E-06
79 0.000118708452 -1.405336827E-20
79.2 0.000122476247 -9.278503563E-06
79.4 0.0001262476236 1.693143822E-20
79.6 0.0001300225868 -1.857465525E-05
79.8 0.0001338011418 1.858349191E-05
80 0.0001375832937 9.296168491E-06
80.2 0.0001450892857 1.765477278E-20
80.4 0.0001451584088 2.791507861E-05
80.6 0.0001489513823 2.792838418E-05
80.8 0.0001527479733 2.794170243E-05
81 0.000156548187 9.318344466E-06
81.2 0.0001603520286 -7.589271526E-21
81.4 0.0001604286055 4.663622254E-05
81.6 0.0001605052556 2.799510272E-05
81.8 0.000160581979 1.867232314E-05
82 0.0001606587757 1.868125299E-05
82.2 0.0001607356459 3.738038278E-05
82.4 0.0001608125898 3.739827669E-05
82.6 0.0001608896073 -2.301012467E-20
82.8 0.0001609666986 2.807558697E-05
83 0.0001572986577 9.36301534E-06
83.2 0.0001573741007 9.367505995E-06
83.4 0.0001574496161 3.748800384E-05
83.6 0.000157525204 2.548867788E-20
83.8 0.0001613532661 -1.876200768E-05
84 0.0001576765978 -1.152452024E-20
84.2 0.0001577524038 1.878004808E-05
84.4 0.0001578282828 4.697270322E-05
84.6 0.0001616638595 -2.788642857E-20
84.8 0.0001655031295 -9.403586904E-06
85 0.000161819605 9.40811657E-06
85.2 0.0001618975904 -1.88253012E-05
85.4 0.0001619756509 -9.417189007E-06
85.6 0.0001620537868 2.826519537E-05
85.8 0.0001621319981 3.770511583E-05
86 0.0001659826171 9.430830517E-06
86.2 0.0001660628019 2.830615942E-05
86.4 0.000169919043 1.887989367E-05
86.6 0.0001700012089 9.276315925E-21
86.8 0.000166303822 1.889816159E-05
87 0.0001663843175 9.453654405E-06
87.2 0.000170248184 9.458232446E-06
87.4 0.0001703306686 2.838844477E-05
87.6 0.0001742001939 -1.893480368E-05
87.8 0.0001780734724 -9.47199321E-06
88 0.0001819505095 3.790635614E-05
88.2 0.0001858313107 -1.549723424E-20
88.4 0.0001859215639 -9.485794075E-06
88.6 0.0001860119048 -2.574342085E-20
88.8 0.0001861023335 9.495017015E-06
89 0.0001861928502 9.499635214E-06
89.2 0.0001900851582 -9.504257908E-06
89.4 0.0001939812561 1.90177702E-05
89.6 0.0001978811495 3.805406722E-05
89.8 0.0001979775828 2.490281455E-21
90 0.0001980741102 -3.809117504E-05
90.2 0.0001981707317 -1.7227721E-20
90.4 0.0001982674475 2.859626647E-05
90.6 0.0001945495605 -3.814697266E-05
90.8 0.000190828041 -9.541402052E-06
91 0.0001871028837 -9.739965104E-21
91.2 0.0001833740831 -3.820293399E-05
91.4 0.0001796416341 -1.911081213E-05
91.6 0.0001797295644 -9.560083211E-06
91.8 0.0001798175808 9.564764936E-06
92 0.000176077903 -9.569451249E-06
92.2 0.0001723345588 -9.574142157E-06
92.4 0.0001685875429 1.915767533E-05
92.6 0.0001610034347 -1.663810219E-20
92.8 0.0001572471772 -9.588242514E-06
93 0.0001534872299 1.058145082E-20
93.2 0.0001535626536 -1.91953317E-05
93.4 0.0001536381514 -1.920476893E-05
93.6 0.0001537137236 -2.882132317E-05
93.8 0.0001537893701 -3.844734252E-05
94 0.0001500184638 -9.706452551E-21
94.2 0.0001462438424 -3.086630748E-21
94.4 0.0001424655002 9.626047314E-06
94.6 0.000138683432 -3.852317554E-05
94.8 0.00013875185 -6.744881598E-05
95 0.0001349642152 -1.928060217E-05
95.2 0.0001311728395 -9.92007435E-21
95.4 0.0001273777174 -1.831476022E-20
95.6 0.0001235788433 -9.654597133E-06
95.8 0.0001236399604 -2.006331372E-20
96 0.0001198354775 2.899245423E-05
96.2 0.0001160272277 1.933787129E-05
96.4 0.0001122152055 9.673724616E-06
96.6 0.0001083994054 9.678518335E-06
96.8 0.0001045798215 -1.936663361E-05
97 0.0001007564484 1.937624008E-05
97.2 9.69292804E-05 1.938585608E-05
97.4 9.697740814E-05 -9.697740814E-06
97.6 9.314456036E-05 1.940511674E-05
97.8 8.930790258E-05 2.912214215E-05
98 8.935231228E-05 -1.585031427E-21
98.2 8.550995025E-05 9.717039801E-06
98.4 8.555251369E-05 1.944375311E-05
98.6 8.170443227E-05 -9.726718127E-06
98.8 7.785251619E-05 -2.919469357E-05
99 7.399675972E-05 -1.947283151E-05
99.2 6.624064838E-05 -9.74127182E-06
99.4 6.627370259E-05 -1.949226547E-05
99.6 6.240639041E-05 -5.173030039E-21
99.8 5.853521479E-05 1.170143281E-21
100 5.466016992E-05 -4.880372314E-05
100.2 5.078125E-05 -1.953125E-05
100.4 4.299024512E-05 9.770510255E-06
100.6 4.301176176E-05 -2.035006865E-20
100.8 3.52090636E-05 9.780295443E-06
101 3.522670341E-05 2.935558617E-05
101.2 3.13283208E-05 2.937030075E-05
101.4 2.742602808E-05 1.004657643E-20
101.6 1.959984947E-05 -3.919969895E-05
101.8 1.960968876E-05 -9.804844378E-06
102 1.569563034E-05 3.923907584E-05
102.2 1.177763819E-05 9.814698492E-06
102.4 3.927853193E-06 -9.819632981E-06
102.6 7.859657948E-06 -1.00653195E-20
102.8 1.179542023E-05 9.82951686E-06
103 1.573514602E-05 9.834466264E-06
103.2 2.361460957E-05 1.967884131E-05
103.4 2.756426411E-05 9.84438004E-06
103.6 3.151790217E-05 6.534210974E-21
103.8 3.94172553E-05 -3.97381513E-21
104 4.338086825E-05 9.859288238E-06
104.2 4.734848485E-05 1.972853535E-05
104.4 5.132011117E-05 9.869252148E-06
104.6 5.529575329E-05 -9.874241658E-06
104.8 5.92754173E-05 -2.963770865E-05
105 5.930541498E-05 -2.965270749E-05
105.2 6.329113924E-05 -9.889240506E-06
105.4 6.728090172E-05 -9.894250253E-06
105.6 6.33552965E-05 -2.969779524E-05
105.8 6.338742394E-05 -3.961713996E-05
106 5.945585997E-05 -4.954654997E-05
106.2 5.948604061E-05 -5.948604061E-05
106.4 5.95162519E-05 -4.959687659E-05
106.6 5.95464939E-05 -3.96976626E-05
106.8 5.957676665E-05 -5.957676665E-05
107 5.960707019E-05 -5.960707019E-05
107.2 5.963740458E-05 -4.969783715E-05
107.4 5.966776986E-05 -6.961239817E-05
107.6 5.969816607E-05 -6.964786042E-05
107.8 5.972859327E-05 -1.990953109E-05
108 5.577511474E-05 3.82960308E-21
108.2 5.181760204E-05 -4.982461735E-05
108.4 4.7856049E-05 -3.988004084E-05
108.6 4.389044944E-05 1.995020429E-05
108.8 4.391287685E-05 1.996039857E-05
109 3.594708589E-05 9.985301636E-06
109.2 3.196930946E-05 1.998081841E-05
109.4 2.798746162E-05 9.995522006E-06
109.6 2.40015361E-05 -2.000128008E-05
109.8 2.001152664E-05 -1.000576332E-05
110 1.601742696E-05 -1.001089185E-05
110.2 1.201923077E-05 -4.006410256E-05
110.4 8.01693176E-06 1.00211647E-05
110.6 4.010523614E-06 2.005261807E-05
110.8 0 -2.006291731E-05
111 0 1.003661357E-05
111.2 0 1.004177378E-05
111.4 0 -5.02346965E-05
111.6 0 -6.031266083E-05
111.8 0 -3.017185891E-05
112 0 -1.00624678E-05
112.2 4.027061856E-06 -3.020296392E-05
112.4 4.029138731E-06 -1.007284683E-05
112.6 8.062435501E-06 -1.007804438E-05
112.8 8.066597832E-06 -2.016649458E-05
113 4.035382231E-06 -1.008845558E-05
113.2 4.0374677E-06 -5.046834625E-05
113.4 0 -4.039555326E-05
113.6 0 -1.010411278E-05
113.8 0 -8.954057613E-21
114 0 -1.011457794E-05
114.2 0 -3.035945596E-05
114.4 0 -1.01250648E-05
114.6 0 2.408618743E-21
114.8 0 1.013557343E-05
115 0 1.014083593E-05
115.2 0 6.66215723E-21
115.4 0 2.030275468E-05
115.6 0 -2.506819386E-21
115.8 0 -1.016194069E-05
116 4.066892244E-06 1.016723061E-05
116.2 4.069010417E-06 1.017252604E-05
116.4 4.071130797E-06 2.035565399E-05
116.6 4.073253389E-06 5.091566736E-05
116.8 0 6.113067293E-05
117 0 5.096881524E-05
117.2 0 2.039817232E-05
117.4 0 1.020441484E-05
117.6 0 2.041949817E-05
117.8 0 8.286102056E-21
118 0 1.031641658E-20
118.2 0 2.045157068E-05
118.4 0 2.063559203E-20
118.6 0 1.094363772E-20
118.8 0 4.09674882E-05
119 0 4.098898216E-05
119.2 0 -3.075787402E-05
119.4 0 -5.129004727E-05
119.6 0 4.105359958E-05
119.8 0 7.188157203E-05
120 0 -1.027419779E-05
120.2 0 -6.167763158E-05
120.4 0 -4.114007372E-05
120.6 0 1.497088391E-20
120.8 0 4.118344755E-05
121 0 2.060258439E-05
121.2 0 -8.453784068E-22
121.4 0 1.610682802E-20
121.6 0 3.095285261E-05
121.8 0 3.096921247E-05
122 0 -2.065705976E-05
122.2 0 -1.033399471E-05
122.4 0 1.033946533E-05
122.6 4.137976695E-06 2.068988347E-05
122.8 8.280339163E-06 2.070084791E-05
123 1.242709438E-05 3.106773595E-05
123.2 1.657824934E-05 3.108421751E-05
123.4 2.073381104E-05 1.036690552E-05
123.6 2.489378651E-05 1.037241105E-05
123.8 2.905818278E-05 3.113376727E-05
124 3.322700691E-05 5.19171983E-05
124.2 3.740026596E-05 5.194481383E-05
124.4 4.57357637E-05 2.07889835E-05
124.6 4.99201278E-05 -2.080005325E-05
124.8 5.410895045E-05 1.040556739E-05
125 5.413779318E-05 7.287779851E-05
125.2 5.833333333E-05 5.208333333E-05
125.4 6.253335112E-05 1.042222519E-05
125.6 6.673785371E-05 -3.128336893E-05
125.8 7.094684829E-05 1.043336004E-05
126 7.516034206E-05 3.131680919E-05
126.2 8.355614973E-05 -3.133355615E-05
126.4 9.196094168E-05 -3.135032103E-05
126.6 0.0001003747323 -5.091698278E-21
126.8 0.0001087975362 -1.487944874E-20
127 0.0001172293676 -2.093381565E-05
127.2 0.0001256702413 -1.047252011E-05
127.4 0.0001341201717 1.047813841E-05
127.6 0.0001425791734 1.048376275E-05
127.8 0.000151047261 2.097878625E-05
128 0.0001553264374 3.148508866E-05
128.2 0.0001638104839 3.81089166E-21
128.4 0.0001638986014 -1.860872737E-20
128.6 0.0001639868138 -1.051197524E-05
128.8 0.0001682821756 -1.051763597E-05
129 0.0001725821659 -1.05233028E-05
129.2 0.0001726752022 -2.105795148E-05
129.4 0.0001769822006 -1.05346548E-05
129.6 0.0001728615758 -3.162101997E-05
129.8 0.0001729549136 -2.109206263E-05
130 0.0001730483522 3.165518639E-05
130.2 0.0001773648649 -1.055743243E-05
130.4 0.0001816860465 -3.168942672E-05
130.6 0.0001860119048 1.056885823E-05
130.8 0.0001861126151 -1.2339919E-20
131 0.0001862134345 -1.058030878E-05
131.2 0.0001863143631 -1.058604336E-05
131.4 0.000177941974 1.059178416E-05
131.6 0.0001737995117 1.05975312E-05
131.8 0.0001654112378 -8.983520807E-21
132 0.0001570138512 1.0609044E-05
132.2 0.0001570991848 2.122961957E-05
132.4 0.0001529363785 -2.124116368E-05
132.6 0.0001530195865 -1.062636017E-05
132.8 0.0001445971693 -1.06321448E-05
133 0.0001404207516 -3.191380719E-05
133.2 0.0001319822888 1.064373297E-05
133.4 0.0001235346238 1.064953653E-05
133.6 0.0001150777414 4.262138571E-05
133.8 0.0001066116266 2.132232533E-05
134 0.0001024030584 1.066698525E-05
134.2 9.392076503E-05 3.201844262E-05
134.4 8.97006561E-05 -3.203594861E-05
134.6 8.547592998E-05 -3.205347374E-05
134.8 8.124657909E-05 2.138067871E-05
135 8.129107338E-05 4.278477547E-05
135.2 6.849315068E-05 1.070205479E-05
135.4 6.424753289E-05 1.070792215E-05
135.6 5.571173889E-05 2.142759188E-05
135.8 5.574231614E-05 1.071967618E-05
136 5.577292696E-05 1.022289112E-20
136.2 5.151098901E-05 1.073145604E-05
136.4 5.153930731E-05 3.221206707E-05
136.6 4.727035204E-05 4.29730473E-05
136.8 4.729636764E-05 3.224752339E-05
137 4.732241189E-05 3.226528084E-05
137.2 4.734848485E-05 4.304407713E-05
137.4 4.737458655E-05 6.460170893E-05
137.6 4.740071704E-05 6.463734142E-05
137.8 3.880380795E-05 2.155767108E-05
138 3.019740475E-05 3.235436223E-05
138.2 3.02140884E-05 1.079074586E-05
138.4 2.159342178E-05 -1.079671089E-05
138.6 1.296321903E-05 3.87282897E-20
138.8 8.646928611E-06 1.903254164E-20
139 8.651716501E-06 -1.081464563E-05
139.2 8.656509695E-06 -2.164127424E-05
139.4 8.661308204E-06 -4.019311051E-21
139.6 8.666112035E-06 -1.083264004E-05
139.8 8.670921199E-06 -3.25159545E-05
140 8.675735702E-06 1.084466963E-05
140.2 4.340277778E-06 3.255208333E-05
140.4 4.342690384E-06 3.257017788E-05
140.6 4.345105673E-06 -1.086276418E-05
140.8 4.347523651E-06 -2.173761825E-05
141 8.699888641E-06 3.262458241E-05
141.2 8.704735376E-06 2.176183844E-05
141.4 8.709587514E-06 3.266095318E-05
141.6 1.30716676E-05 2.178611266E-05
141.8 2.179827009E-05 2.179827009E-05
142 2.617252931E-05 4.362088219E-05
142.2 3.491620112E-05 1.091131285E-05
142.4 3.056875349E-05 1.091741196E-05
142.6 3.058585011E-05 3.277055369E-05
142.8 3.060296586E-05 7.650741466E-05
143 2.624580067E-05 7.655025196E-05
143.2 2.62605042E-05 1.094187675E-05
143.4 3.065442825E-05 -1.094801009E-05
143.6 3.505328099E-05 -2.523453575E-21
143.8 3.945707071E-05 -2.891729747E-20
144 4.386580573E-05 2.193290286E-05
144.2 4.827949438E-05 2.194522472E-05
144.4 5.269814503E-05 1.097878021E-05
144.6 5.712176603E-05 3.295486502E-05
144.8 5.275745639E-05 -7.876163023E-21
145 5.278716216E-05 -6.59839527E-05
145.2 5.281690141E-05 -7.702464789E-05
145.4 5.284667418E-05 -5.504861894E-05
145.6 6.16892273E-05 -2.203186689E-05
145.8 6.613290068E-05 -1.259131974E-20
146 6.61702428E-05 -2.54674254E-20
146.2 7.062146893E-05 -1.103460452E-05
146.4 7.507772753E-05 3.312252685E-05
146.6 7.512019231E-05 6.628252262E-05
146.8 7.516270515E-05 -1.105333899E-05
147 7.520526614E-05 -2.211919592E-05
147.2 7.524787535E-05 3.319759207E-05
147.4 7.971938776E-05 2.214427438E-05
147.6 8.419597277E-05 1.168640439E-20
147.8 8.424375709E-05 1.108470488E-05
148 8.872799546E-05 1.109099943E-05
148.2 9.321732955E-05 8.724181758E-21
148.4 9.327032405E-05 1.110361001E-05
148.6 9.332337884E-05 2.22198521E-05
148.8 9.782299374E-05 3.334874787E-05
149 9.787870159E-05 1.112257973E-05
149.2 0.0001068376068 1.112891738E-05
149.4 0.0001202608324 4.454104903E-05
149.6 0.000124786081 4.45664575E-05
149.8 0.0001293164954 2.229594749E-05
150 0.0001338520845 -1.50270004E-22
150.2 0.0001383928571 2.232142857E-05
150.4 0.000138471984 2.233419097E-05
150.6 0.0001474899886 3.352045195E-05
150.8 0.0001386305094 3.353963938E-05
151 0.0001431844215 3.35588488E-05
151.2 0.000147743553 5.596346705E-05
151.4 0.0001523079128 2.239822248E-05
151.6 0.0001434308663 -5.602768216E-05
151.8 0.0001524827784 -4.4847876E-05
152 0.0001480829983 6.731045376E-05
152.2 0.0001436781609 7.857399425E-05
152.4 0.0001437607821 2.24626222E-05
152.6 0.0001438434983 -1.12377733E-05
152.8 0.0001439263097 -3.373272884E-05
153 0.0001440092166 -4.500288018E-05
153.2 0.000144092219 -4.502881844E-05
153.4 0.0001396698385 -3.379108997E-05
153.6 0.0001352423543 -1.710324462E-20
153.8 0.0001308097575 -1.127670323E-05
154 0.0001263720393 -1.128321779E-05
154.2 0.0001174132948 1.467882998E-20
154.4 0.0001084441874 -2.259253904E-05
154.6 0.0001039858218 -2.260561343E-05
154.8 9.49985524E-05 -2.261870295E-05
155 9.052723059E-05 -2.716165503E-21
155.2 8.605072464E-05 -2.264492754E-05
155.4 8.610063805E-05 -7.930321926E-05
155.6 8.61506094E-05 -5.66780325E-05
155.8 8.620063879E-05 -2.268437863E-05
156 9.079023823E-05 -1.075228876E-20
156.2 9.084302326E-05 -1.135537791E-05
156.4 9.089586969E-05 -1.136198371E-05
156.6 9.094877765E-05 -1.136859721E-05
156.8 9.100174723E-05 -4.550087362E-05
157 9.105477855E-05 -2.276369464E-05
157.2 9.110787172E-05 -4.555393586E-05
157.4 9.116102684E-05 -3.418538506E-05
157.6 9.121424402E-05 -2.2803561E-05
157.8 8.67041472E-05 -4.563376168E-05
158 9.132086499E-05 -1.141510812E-05
158.2 8.680555556E-05 1.142178363E-05
158.4 8.228496197E-05 -1.218062125E-20
158.6 8.233313817E-05 1.143515808E-05
158.8 7.7804628E-05 1.144185706E-05
159 7.327080891E-05 -2.289712778E-05
159.2 6.873167155E-05 -2.291055718E-05
159.4 6.418720657E-05 1.146200117E-05
159.6 5.963740458E-05 -2.29374633E-05
159.8 5.508225617E-05 -5.737735018E-05
160 5.052175191E-05 1.148221634E-05
160.2 4.595588235E-05 2.297794118E-05
160.4 4.138463802E-05 -2.299146557E-05
160.6 3.680800942E-05 -4.601001178E-05
160.8 3.222598704E-05 -2.301856217E-05
161 2.763856132E-05 -2.717232676E-20
161.2 2.304572271E-05 -3.456858407E-05
161.4 1.844746163E-05 -5.764831759E-05
161.6 1.384376846E-05 2.307294743E-05
161.8 9.23463357E-06 3.462987589E-05
162 4.620047309E-06 -4.620047309E-05
162.2 4.622781065E-06 -6.934171598E-05
162.4 4.625518058E-06 -4.625518058E-05
162.6 4.628258294E-06 -2.314129147E-05
162.8 4.631001778E-06 -3.473251334E-05
163 4.633748517E-06 -1.158437129E-05
163.2 4.636498516E-06 -1.159124629E-05
163.4 4.639251781E-06 -2.319625891E-05
163.6 4.642008318E-06 -1.16050208E-05
163.8 4.644768133E-06 -2.322384067E-05
164 4.647531231E-06 -2.323765616E-05
164.2 4.650297619E-06 -4.650297619E-05
164.4 4.653067302E-06 -5.816334127E-05
164.6 4.655840286E-06 -2.327920143E-05
164.8 4.658616577E-06 4.658616577E-05
165 4.661396181E-06 5.826745227E-05
165.2 9.328358209E-06 -1.166044776E-05
165.4 9.333930705E-06 -2.333482676E-05
165.6 9.339509863E-06 1.167438733E-05
165.8 9.345095694E-06 -3.330153272E-21
166 9.350688211E-06 1.168836026E-05
166.2 9.356287425E-06 2.339071856E-05
166.4 9.361893349E-06 1.088169603E-21
166.6 1.873501199E-05 2.341876499E-05
166.8 1.874625075E-05 3.514922016E-05
167 1.8757503E-05 -1.172343938E-05
167.2 2.346096096E-05 -2.346096096E-05
167.4 1.878004808E-05 -3.521259014E-05
167.6 2.348917619E-05 -3.523376428E-05
167.8 2.820397112E-05 4.700661853E-05
168 2.351745936E-05 3.527618904E-05
168.2 2.353162651E-05 -1.176581325E-05
168.4 1.883664858E-05 4.182576193E-21
168.6 1.884800965E-05 -8.370197713E-21
168.8 1.885938443E-05 -1.178711527E-05
169 1.887077295E-05 -3.538269928E-05
169.2 2.360271903E-05 -5.900679758E-05
169.4 2.361698912E-05 -7.085096735E-05
169.6 2.363127647E-05 -3.54469147E-05
169.8 2.364558111E-05 1.182279056E-05
170 2.365990309E-05 2.004067946E-21
170.2 2.367424242E-05 -1.183712121E-05
170.4 2.368859915E-05 -4.73771983E-05
170.6 1.896237864E-05 -5.925743325E-05
170.8 1.423041894E-05 -1.185868245E-05
171 9.492709599E-06 1.1865887E-05
171.2 4.749240122E-06 -1.18731003E-05
171.4 9.504257908E-06 -3.564096715E-05
171.6 1.426506391E-05 -5.943776628E-05
171.8 1.90316687E-05 -7.136875761E-05
172 1.90432663E-05 -2.380408288E-05
172.2 1.429115854E-05 -1.190929878E-05
172.4 9.533251983E-06 -3.574969494E-05
172.6 9.539072039E-06 -3.577152015E-05
172.8 9.544899206E-06 1.193112401E-05
173 4.775366748E-06 -2.387683374E-05
173.2 4.778287462E-06 -7.167431193E-05
173.4 4.78121175E-06 -4.78121175E-05
173.6 4.78413962E-06 -3.588104715E-05
173.8 4.787071078E-06 -9.809236406E-22
174 4.790006131E-06 -8.248191155E-21
174.2 4.792944785E-06 1.198236196E-05
174.4 4.795887047E-06 2.397943524E-05
174.6 4.798832924E-06 2.399416462E-05
174.8 4.801782422E-06 -3.601336816E-05
175 9.609471095E-06 -8.408287208E-05
175.2 9.615384615E-06 -2.403846154E-05
175.4 9.621305419E-06 -1.027658409E-21
175.6 9.627233518E-06 -1.20340419E-05
175.8 4.816584464E-06 -2.408292232E-05
176 4.81955583E-06 -1.204888957E-05
176.2 4.822530864E-06 -1.205632716E-05
176.4 4.825509574E-06 -2.412754787E-05
176.6 0 -4.828491965E-05
176.8 4.831478046E-06 -7.247217069E-05
177 4.834467822E-06 -2.417233911E-05
177.2 4.8374613E-06 2.41873065E-05
177.4 4.840458488E-06 3.630343866E-05
177.6 4.843459392E-06 -1.210864848E-05
177.8 4.84646402E-06 -1.211616005E-05
178 4.849472377E-06 3.637104283E-05
178.2 4.852484472E-06 -4.30987199E-21
178.4 0 1.213875078E-05
178.6 4.8585199E-06 1.214629975E-05
178.8 4.861543248E-06 -1.215385812E-05
179 4.864570361E-06 2.877024553E-20
179.2 4.867601246E-06 2.433800623E-05
179.4 9.74127182E-06 1.217658978E-05
179.6 9.747348721E-06 -3.65525577E-05
179.8 9.753433208E-06 -2.438358302E-05
180 9.759525297E-06 1.219940662E-05
180.2 9.765625E-06 4.8828125E-05
180.4 4.885866166E-06 4.885866166E-05
180.6 9.777847309E-06 1.222230914E-05
180.8 9.783969944E-06 -1.955229967E-20
181 9.790100251E-06 8.695355769E-21
181.2 9.796238245E-06 1.224529781E-05
181.4 9.80238394E-06 1.225297992E-05
181.6 9.808537351E-06 -1.226067169E-05
181.8 9.814698492E-06 -3.680511935E-05
182 1.473130107E-05 -2.455216845E-05
182.2 1.965408805E-05 -1.527429476E-20
182.4 1.966645689E-05 -1.229153556E-05
182.6 2.459855164E-05 -2.459855164E-05
182.8 2.461405167E-05 -1.230702583E-05
183 1.9703657E-05 -1.231478562E-05
183.2 1.971608833E-05 6.542765209E-21
183.4 9.864267677E-06 -2.685126155E-20
183.6 1.480574858E-05 1.023940211E-21
183.8 9.876738306E-06 2.469184576E-05
184 9.882985452E-06 -2.734879872E-20
184.2 9.889240506E-06 -4.541436007E-21
184.4 4.947751742E-06 2.473875871E-05
184.6 0 -1.2377218E-05
184.8 0 -4.954026633E-05
185 0 -3.717877538E-05
185.2 0 -2.48015873E-05
185.4 0 -9.257736466E-21
185.6 0 1.241656071E-05
185.8 0 1.173336312E-21
186 0 -1.899395393E-20
186.2 0 3.189815639E-21
186.4 0 7.100344049E-21
186.6 0 -3.583401864E-20
186.8 0 2.492820676E-05
187 0 -1.302277172E-20
187.2 0 -1.11701449E-20
187.4 0 9.90686212E-21
187.6 4.998400512E-06 -2.499200256E-05
187.8 5.001600512E-06 -4.373234414E-21
188 5.004804612E-06 -2.66383283E-20
188.2 5.008012821E-06 -1.252003205E-05
188.4 5.011225144E-06 2.505612572E-05
188.6 0 3.760831194E-05
188.8 0 3.763246628E-05
189 0 2.510443445E-05
189.2 0 -1.256028939E-05
189.4 0 -1.256837194E-05
189.6 0 -1.257646491E-05
189.8 0 9.9600476E-21
190 0 2.518536428E-05
190.2 0 2.52016129E-05
190.4 0 1.260894125E-05
190.6 0 3.785125969E-05
190.8 0 3.787572721E-05
191 0 3.790022639E-05
191.2 0 2.528317152E-05
191.4 0 -1.264977332E-05
191.6 0 1.506305555E-20
191.8 0 2.533236057E-05
192 0 2.534879948E-05
192.2 0 2.041691591E-20
192.4 0 2.538174139E-05
192.6 0 2.539824447E-05
192.8 0 4.714927606E-21
193 0 1.271565755E-05
193.2 0 9.153692791E-21
193.4 0 -1.273223598E-05
193.6 0 -1.274054142E-05
193.8 0 -1.27488577E-05
194 0 -1.275718485E-05
194.2 0 -1.276552288E-05
194.4 0 -3.832161543E-05
194.6 0 -5.11289267E-05
194.8 0 -5.116240995E-05
195 0 -2.559796855E-05
195.2 0 -2.56147541E-05
195.4 0 -3.844734252E-05
195.6 0 -2.564839133E-05
195.8 0 -2.56652431E-05
196 0 -1.284105851E-05
196.2 0 7.272225672E-21
196.4 0 1.285796577E-05
196.6 0 8.536921186E-21
196.8 0 -2.57498352E-05
197 0 3.974682487E-21
197.2 0 2.368925804E-20
197.4 0 5.623814454E-21
197.6 0 1.290895572E-05
197.8 0 -9.829103891E-21
198 0 -1.292604236E-05
198.2 0 -1.293460265E-05
198.4 0 -1.934477011E-20
198.6 0 -8.073450864E-21
198.8 0 2.57081352E-20
199 0 1.29689575E-05
199.2 0 1.757073051E-20
199.4 0 -7.186827637E-21
199.6 0 9.665966406E-22
199.8 0 -1.300349534E-05
200 0 -3.903647568E-05
200.2 0 -5.208333333E-05
200.4 0 -2.605903936E-05
200.6 0 -1.303821762E-05
200.8 0 1.304692719E-05
201 0 3.916694519E-05
201.2 0 3.919314381E-05
201.4 0 5.229250335E-05
201.6 0 5.232752847E-05
201.8 0 2.618130027E-05
202 0 1.309942991E-05
202.2 0 -1.310822148E-05
202.4 0 -1.491233075E-20
202.6 0 -1.696055059E-20
202.8 0 -8.399468075E-21
203 0 1.314350606E-05
203.2 0 1.31523569E-05
203.4 0 3.948365903E-05
203.6 0 5.268037761E-05
203.8 0 5.271592443E-05
204 0 2.637575962E-05
204.2 0 -4.969748337E-20
204.4 0 -1.320571332E-05
204.6 0 -2.642929635E-05
204.8 0 1.322359513E-05
205 0 2.64651084E-05
205.2 0 6.84202617E-21
205.4 0 -1.325050882E-05
205.6 0 -2.651900883E-05
205.8 0 1.326851223E-05
206 0 2.655506458E-05
206.2 0 -7.106488592E-20
206.4 0 2.659121852E-05
206.6 0 2.660933243E-05
206.8 0 1.331373551E-05
207 0 -1.714491713E-20
207.2 0 -2.178765321E-20
207.4 0 1.334101776E-05
207.6 0 -2.670027341E-05
207.8 0 -3.717648422E-20
208 0 2.673682409E-05
208.2 0 2.675513699E-05
208.4 0 -2.853554724E-21
208.6 0 1.316251411E-21
208.8 0 9.383579272E-05
209 0 6.707160027E-05
209.2 0 2.684707904E-05
209.4 0 4.029831499E-05
209.6 0 2.688403304E-05
209.8 0 4.035382231E-05
210 0 5.384217781E-05
210.2 0 5.387931034E-05
210.4 0 1.347912353E-05
210.6 5.395372928E-06 2.697686464E-05
210.8 1.079820318E-05 4.049326192E-05
211 1.620850622E-05 1.350708852E-05
211.2 2.162629758E-05 2.703287197E-05
211.4 2.164127424E-05 1.35257964E-05
211.6 2.165627166E-05 -2.707033957E-05
211.8 2.167128988E-05 -2.708911234E-05
212 2.168632894E-05 1.355395559E-05
212.2 2.170138889E-05 -6.295877831E-20
212.4 2.171646977E-05 -5.429117443E-05
212.6 2.173157163E-05 -6.791116134E-05
212.8 2.17466945E-05 -1.359168406E-05
213 2.176183844E-05 2.720229805E-05
213.2 2.177700348E-05 -3.164357193E-20
213.4 2.179218968E-05 -1.362011855E-05
213.6 2.180739707E-05 -1.362962317E-05
213.8 2.18226257E-05 -1.460767078E-20
214 1.637840671E-05 4.094601677E-05
214.2 1.638986014E-05 4.097465035E-05
214.4 1.64013296E-05 4.1003324E-05
214.6 1.641281513E-05 1.367734594E-05
214.8 2.1899089E-05 2.737386125E-05
215 2.1914446E-05 8.217917251E-05
215.2 1.644736842E-05 4.111842105E-05
215.4 1.645891854E-05 4.114729635E-05
215.6 1.647048489E-05 2.745080815E-05
215.8 1.648206751E-05 -2.747011252E-05
216 1.649366643E-05 -2.748944405E-05
216.2 1.100352113E-05 -4.126320423E-05
216.4 1.101127555E-05 1.376409443E-05
216.6 0 2.754760226E-05
216.8 0 -2.756704305E-05
217 0 -2.75865113E-05
217.2 0 1.380300353E-05
217.4 0 2.762553041E-05
217.6 0 -2.764508139E-05
217.8 0 -4.149699008E-05
218 5.536853296E-06 -5.536853296E-05
218.2 1.108156028E-05 -6.925975177E-05
218.4 1.663413769E-05 -2.772356281E-05
218.6 2.219460227E-05 2.10115606E-20
218.8 2.776297086E-05 -1.388148543E-05
219 3.333926031E-05 1.389135846E-05
219.2 3.336298932E-05 2.78024911E-05
219.4 3.338675214E-05 -2.072755078E-20
219.6 3.341054882E-05 8.270387797E-21
219.8 3.343437946E-05 2.786198288E-05
220 3.345824411E-05 4.182280514E-05
220.2 3.348214286E-05 -2.790178571E-05
220.4 3.350607577E-05 -6.980432452E-05
220.6 3.353004292E-05 -4.191255365E-05
220.8 3.355404438E-05 -4.194255548E-05
221 2.798173352E-05 -5.596346705E-05
221.2 2.240143369E-05 -2.800179211E-05
221.4 1.681312769E-05 1.530655524E-20
221.6 1.121679828E-05 -1.402099785E-05
221.8 5.612428161E-06 -2.190433955E-20
222 0 4.212347232E-05
222.2 0 4.215377698E-05
222.4 0 2.812275018E-05
222.6 0 5.628602305E-05
222.8 0 2.816330209E-05
223 0 -1.409181097E-05
223.2 0 2.820397112E-05
223.4 0 2.822434971E-05
223.6 0 2.797948478E-20
223.8 0 2.82211039E-20
224 0 4.242849385E-05
224.2 0 4.245923913E-05
224.4 0 -5.665337201E-05
224.6 0 5.035481788E-21
224.8 0 0.0001276552288
225 0 9.935955669E-05
225.2 0 2.840909091E-05
225.4 0 1.421488355E-05
225.6 0 2.845047342E-05
225.8 0 -2.847120991E-05
226 0 -8.547592998E-05
226.2 0 -8.553832117E-05
226.4 0 -8.560080351E-05
226.6 0 -7.138614766E-05
226.8 0 -5.715069495E-05
227 0 1.429813324E-05
227.2 5.723443223E-06 4.292582418E-05
227.4 1.145527859E-05 -1.22023499E-20
227.6 1.719552458E-05 1.432960382E-05
227.8 2.294419971E-05 1.434012482E-05
228 2.296105805E-05 -7.548562522E-21
228.2 2.297794118E-05 2.872242647E-05
228.4 2.299484915E-05 5.748712288E-05
228.6 2.301178203E-05 4.314709131E-05
228.8 2.302873987E-05 -2.867943209E-20
229 2.304572271E-05 -1.44035767E-05
229.2 2.306273063E-05 -8.908357641E-21
229.4 2.307976366E-05 2.884970458E-05
229.6 2.309682188E-05 7.217756837E-05
229.8 2.311390533E-05 7.223095414E-05
230 2.891376758E-05 7.228441895E-05
230.2 3.472222222E-05 2.893518519E-05
230.4 4.633061527E-05 -1.447831727E-05
230.6 5.795623145E-05 1.448905786E-05
230.8 6.379918337E-05 -1.44998144E-05
231 6.965081724E-05 1.97958757E-20
231.2 6.970260223E-05 2.904275093E-05
231.4 6.975446429E-05 -1.453218006E-05
231.6 6.980640357E-05 1.454300074E-05
231.8 6.985842027E-05 -1.516036791E-20
232 7.573639075E-05 -4.369407159E-05
232.2 8.162313433E-05 -2.91511194E-05
232.4 8.751867065E-05 -1.458644511E-05
232.6 8.758408072E-05 -6.785602377E-22
232.8 8.764958863E-05 -2.921652954E-05
233 8.771519461E-05 -2.92383982E-05
233.2 8.778089888E-05 1.463014981E-05
233.4 8.784670165E-05 2.142362694E-20
233.6 8.791260315E-05 -4.395630158E-05
233.8 8.79786036E-05 -1.46631006E-05
234 8.804470323E-05 2.934823441E-05
234.2 8.811090226E-05 -1.468515038E-05
234.4 8.81772009E-05 -2.93924003E-05
234.6 8.82435994E-05 1.470726657E-05
234.8 8.831009797E-05 1.471834966E-05
235 8.837669683E-05 1.472944947E-05
235.2 9.433962264E-05 1.474056604E-05
235.4 9.441087613E-05 -3.668599496E-20
235.6 9.448223734E-05 -2.952569917E-05
235.8 9.455370651E-05 -1.477401664E-05
236 9.462528388E-05 2.957040121E-05
236.2 9.46969697E-05 2.959280303E-05
236.4 8.292266869E-05 -2.367325441E-20
236.6 8.891312595E-05 -4.445656297E-05
236.8 8.898063781E-05 -5.932042521E-05
237 8.904825228E-05 -5.936550152E-05
237.2 8.911596958E-05 -8.911596958E-05
237.4 8.918378995E-05 -4.459189498E-05
237.6 8.925171363E-05 -2.642381532E-21
237.8 8.931974085E-05 -2.977324695E-05
238 8.938787185E-05 -1.079360006E-20
238.2 8.945610687E-05 1.490935115E-05
238.4 8.952444614E-05 -5.300912073E-21
238.6 8.362003058E-05 -1.493214832E-05
238.8 8.966143841E-05 -7.471786534E-05
239 8.374808576E-05 -8.973009188E-05
239.2 7.78256705E-05 -8.979885057E-05
239.4 7.788535276E-05 5.321237656E-21
239.6 7.194934766E-05 4.496834229E-05
239.8 6.600422427E-05 -3.000192012E-05
240 6.004996157E-05 -6.004996157E-05
240.2 6.610576923E-05 -0.0001201923077
240.4 6.615665897E-05 -9.021362587E-05
240.6 6.620762712E-05 -3.009437596E-05
240.8 6.023515806E-05 -1.505878951E-05
241 6.02816358E-05 -3.01408179E-05
241.2 5.42953668E-05 -6.032818533E-05
241.4 4.829984544E-05 -3.01874034E-05
241.6 4.229505027E-05 3.021075019E-05
241.8 3.628095975E-05 -4.337312146E-21
242 3.025755229E-05 -6.051510457E-05
242.2 3.028100775E-05 -1.514050388E-05
242.4 3.030449961E-05 -2.599877403E-20
242.6 3.032802795E-05 -1.516401398E-05
242.8 3.035159285E-05 -1.996994228E-20
243 3.03751944E-05 1.51875972E-05
243.2 2.431906615E-05 1.519941634E-05
243.4 1.825350467E-05 3.720461275E-20
243.6 1.217848792E-05 -1.52231099E-05
243.8 6.09399376E-06 2.677060859E-20
244 0 -3.049375488E-05
244.2 0 -4.577636719E-05
244.4 0 3.054143862E-05
244.6 0 3.056533646E-05
244.8 0 3.058927173E-05
245 0 3.061324451E-05
245.2 0 3.287238634E-20
245.4 0 1.533065149E-05
245.6 0 3.068538885E-05
245.8 0 1.535475629E-05
246 0 1.536683714E-05
246.2 0 -5.482929148E-20
246.4 0 1.539105595E-05
246.6 6.161277603E-06 6.161277603E-05
246.8 6.166140489E-06 3.083070245E-05
247 6.171011058E-06 -1.542752765E-05
247.2 1.235177866E-05 -1.543972332E-05
247.4 1.236155063E-05 1.980351729E-20
247.6 6.185669042E-06 2.899578969E-20
247.8 6.190570523E-06 -7.860831216E-21
248 1.239095956E-05 -1.548869944E-05
248.2 1.240079365E-05 -3.608535722E-21
248.4 6.205321684E-06 1.551330421E-05
248.6 0 -1.944008444E-20
248.8 0 -1.553798727E-05
249 0 -4.665107484E-05
249.2 0 1.311572905E-20
249.4 0 4.672547847E-05
249.6 0 1.558758978E-05
249.8 0 3.120007987E-05
250 0 -1.561250999E-05
250.2 0 -7.8125E-05
250.4 0 -6.255004003E-05
250.6 0 -3.130008013E-05
250.8 0 1.566259022E-05
251 0 -1.567516051E-05
251.2 0 -3.137550201E-05
251.4 0 4.194844949E-21
251.6 0 1.571299276E-05
251.8 0 4.717693237E-05
252 0 -1.667974605E-20
252.2 0 -6.300403226E-05
252.4 0 -3.152744149E-05
252.6 0 2.922364615E-20
252.8 0 2.264469139E-20
253 0 -1.58019822E-05
253.2 0 -1.581477733E-05
253.4 0 -1.582759319E-05
253.6 0 -1.584042985E-05
253.8 0 1.585328734E-05
254 0 2.82426423E-20
254.2 0 -3.175813008E-05
254.4 0 -1.930225138E-21
254.6 0 1.590492671E-05
254.8 0 1.591788916E-05
255 0 1.593087276E-05
255.2 0 -1.594387755E-05
255.4 0 1.595690359E-05
255.6 0 3.193990188E-05
255.8 0 -1.544460102E-20
256 0 -1.260445657E-20
256.2 0 2.435824243E-20
256.4 0 -1.602235439E-05
256.6 0 -3.207101806E-05
256.8 0 1.604868529E-05
257 0 1.606188322E-05
257.2 0 -1.607510288E-05
257.4 0 8.741706705E-21
257.6 0 -1.474241036E-20
257.8 0 -8.072959775E-21
258 0 1.612819983E-05
258.2 0 -1.334854687E-20
258.4 0 -1.615488007E-05
258.6 0 4.308638827E-20
258.8 0 -1.618164872E-05
259 0 -3.664440876E-20
259.2 0 1.620850622E-05
259.4 6.488787375E-06 -1.539872053E-20
259.6 6.494181214E-06 -2.362306175E-20
259.8 0 1.624896007E-05
260 0 4.878746878E-05
260.2 0 3.255208333E-05
260.4 0 1.628961635E-05
260.6 0 1.630321369E-05
260.8 0 -1.631683375E-05
261 0 -3.266095318E-05
261.2 0 -4.903242678E-05
261.4 0 -3.271566164E-05
261.6 0 3.274308466E-05
261.8 0 3.277055369E-05
262 0 -1.639903442E-05
262.2 6.56512605E-06 -3.282563025E-05
262.4 1.314129521E-05 -3.285323802E-05
262.6 1.972853535E-05 1.644044613E-05
262.8 2.632687447E-05 6.581718618E-05
263 2.634907251E-05 1.646817032E-05
263.2 3.296413502E-05 7.132473654E-21
263.4 3.299197635E-05 -1.649598818E-05
263.6 3.96238377E-05 -4.952979713E-05
263.8 4.626692047E-05 -1.652390017E-05
264 5.292125318E-05 1.903772974E-20
264.2 5.958686441E-05 4.965572034E-05
264.4 6.626378287E-05 4.969783715E-05
264.6 7.295203735E-05 -1.658000849E-05
264.8 7.965165675E-05 -4.978228547E-05
265 8.636267007E-05 -6.643282313E-05
265.2 9.308510638E-05 -1.662234043E-05
265.4 0.0001064735945 1.663649915E-05
265.6 0.0001198849105 -1.151508587E-20
265.8 0.0001333191126 -1.666488908E-05
266 0.0001401046114 -5.003736123E-05
266.2 0.0001469017094 -5.008012821E-05
266.4 0.0001537104363 4.496860442E-21
266.6 0.0001538420377 -1.84867995E-21
266.8 0.0001673628963 -1.673628963E-05
267 0.0001742066895 -7.818833097E-22
267.2 0.0001810622318 -1.676502146E-05
267.4 0.000194641323 1.67794244E-05
267.6 0.0001880911436 1.679385211E-05
267.8 0.000188253012 1.61018734E-21
268 0.0001749569337 3.364556417E-05
268.2 0.0001683728448 1.683728448E-05
268.4 0.0001685181191 -1.685181191E-05
268.6 0.0001686636442 -3.373272884E-05
268.8 0.0001755617978 -1.688094209E-05
269 0.0001757136678 -3.355439442E-20
269.2 0.0001691017316 -1.466860048E-20
269.4 0.0001692482669 3.384965338E-05
269.6 0.0001626192541 -3.834720649E-20
269.8 0.0001627604167 -3.390842014E-05
270 0.0001629018245 1.696894005E-05
270.2 0.0001630434783 3.39673913E-05
270.4 0.0001631853786 1.699847694E-05
270.6 0.0001633275261 -9.699638517E-21
270.8 0.0001634699215 1.465603808E-20
271 0.0001636125654 1.576744778E-20
271.2 0.0001637554585 -2.386129804E-20
271.4 0.0001638986014 1.707277098E-05
271.6 0.0001640419948 3.417541557E-05
271.8 0.0001641856392 3.420534151E-05
272 0.0001643295355 1.711765995E-05
272.2 0.0001644736842 1.713267544E-05
272.4 0.000164618086 1.71477173E-05
272.6 0.0001647627417 -1.791590573E-21
272.8 0.0001649076517 2.25193435E-21
273 0.0001650528169 2.776589978E-21
273.2 0.0001651982379 -1.720814978E-05
273.4 0.0001653439153 -3.444664903E-05
273.6 0.0001723852604 2.432081787E-20
273.8 0.0001656360424 -3.450750883E-05
274 0.0001726900973 -1.726900973E-05
274.2 0.0001659292035 3.456858407E-05
274.4 0.0001660761736 1.714172611E-20
274.6 0.0001800753546 1.731493794E-05
274.8 0.0001871672582 4.59444709E-21
275 0.0002012100355 1.734569272E-05
275.2 0.0002083333333 5.208333333E-05
275.4 0.000215469306 3.475311388E-05
275.6 0.0002226179875 3.478406055E-05
275.8 0.0002297794118 1.740753119E-05
276 0.0002369536128 3.484611954E-05
276.2 0.0002371651786 5.231584821E-05
276.4 0.0002373771224 -2.821444796E-20
276.6 0.0002375894454 1.746981216E-05
276.8 0.0002378021486 8.742726052E-05
277 0.000238015233 5.250336022E-05
277.2 0.0002382286996 1.751681614E-05
277.4 0.0002384425494 1.753254039E-05
277.6 0.0002386567835 5.264487871E-05
277.8 0.0002318457734 8.782036871E-05
278 0.0002250225023 3.515976598E-05
278.2 0.0002181869369 1.759572072E-05
278.4 0.0002113390442 1.761158702E-05
278.6 0.0002044787906 1.127988462E-20
278.8 0.0001976061427 1.76434056E-05
279 0.0001907210669 -3.323758473E-21
279.2 0.0001838235294 -5.30260181E-05
279.4 0.0001769134964 -1.769134964E-05
279.6 0.0001699909338 1.770738894E-05
279.8 0.0001630558076 -2.014060994E-20
280 0.0001490122616 -2.156054473E-20
280.2 0.0001349431818 4.979359588E-20
280.4 0.0001208484986 6.59174391E-21
280.6 0.000120958561 4.392540758E-21
280.8 0.0001139471285 3.562086527E-20
281 9.979470803E-05 2.328671664E-20
281.2 9.275114155E-05 1.655267448E-20
281.4 8.569469835E-05 -1.785306216E-05
281.6 8.577310156E-05 -8.934698079E-05
281.8 8.585164835E-05 -7.154304029E-05
282 8.593033914E-05 -3.580430797E-05
282.2 8.600917431E-05 -3.583715596E-05
282.4 8.608815427E-05 -1.793503214E-05
282.6 8.616727941E-05 -7.919675591E-21
282.8 8.624655014E-05 1.796803128E-05
283 8.632596685E-05 -8.688407675E-21
283.2 9.360599078E-05 9.227563823E-21
283.4 0.0001008994465 -1.80177583E-05
283.6 0.0001154201293 -3.60687904E-05
283.8 0.0001299676525 -1.805106285E-05
284 0.0001445420907 7.227104533E-05
284.2 0.0001591435185 5.425347222E-05
284.4 0.0001737720111 -3.620250232E-05
284.6 0.0001739332096 7.247217069E-05
284.8 0.0001740947075 0.0001088091922
285 0.0001815171933 5.445515799E-05
285.2 0.0001889534884 5.450581395E-05
285.4 0.0001964036313 -1.818552142E-05
285.6 0.0002038676608 -3.640493942E-05
285.8 0.0002113456157 1.821944963E-05
286 0.0002115429505 3.64729225E-05
286.2 0.0002044392523 1.825350467E-05
286.4 0.0002046304958 1.58955449E-20
286.6 0.0001975070225 3.657537453E-05
286.8 0.0001903701968 3.660965323E-05
287 0.000175891182 -3.664399625E-05
287.2 0.000176056338 -1.833920188E-05
287.4 0.0001762218045 5.506931391E-05
287.6 0.0001690380997 5.512111947E-05
287.8 0.0001618408663 5.51730226E-05
288 0.000154630066 7.363336475E-05
288.2 0.0001474056604 7.370283019E-05
288.4 0.000140167611 5.532932011E-05
288.6 0.000132915879 7.384215501E-05
288.8 0.0001256504257 5.543401135E-05
289 0.0001183712121 3.699100379E-05
289.2 0.0001110781991 -1.851303318E-05
289.4 0.0001037713472 -5.559179317E-05
289.6 0.0001038698955 2.989808656E-20
289.8 9.654230038E-05 1.8565827E-05
290 9.663415794E-05 5.575047574E-05
290.2 9.672619048E-05 1.860119048E-05
290.4 9.681839847E-05 -3.723784557E-05
290.6 9.691078244E-05 -3.727337786E-05
290.8 9.700334288E-05 1.865448902E-05
291 9.709608031E-05 3.734464627E-05
291.2 9.718899522E-05 -3.738038278E-05
291.4 9.728208812E-05 -3.741618774E-05
291.6 9.737535954E-05 1.872603068E-05
291.8 9.746880998E-05 -1.874400192E-05
292 9.756243996E-05 -2.650482968E-21
292.2 9.765625E-05 5.634014423E-05
292.4 9.023099134E-05 3.280237458E-20
292.6 9.031791908E-05 2.538310874E-20
292.8 9.040501446E-05 -1.883437801E-05
293 9.049227799E-05 1.885255792E-05
293.2 8.303140097E-05 1.887077295E-05
293.4 7.555609284E-05 -1.888902321E-05
293.6 6.806631171E-05 3.781461762E-05
293.8 6.05620155E-05 3.09133585E-20
294 5.304316198E-05 -1.894398642E-05
294.2 4.550970874E-05 -3.792475728E-05
294.4 3.796161322E-05 -7.592322643E-05
294.6 3.039883268E-05 -3.799854086E-05
294.8 2.282132425E-05 -5.705331061E-05
295 2.284356725E-05 -5.710891813E-05
295.2 1.524390244E-05 -3.81097561E-05
295.4 7.629394531E-06 -3.814697266E-05
295.6 0 -7.636852395E-05
295.8 0 -9.555406067E-05
296 0 -7.651811949E-05
296.2 0 -9.574142157E-05
296.4 0 -5.750122669E-05
296.6 0 -5.75577112E-05
296.8 0 -5.761430678E-05
297 0 -7.030676663E-21
297.2 0 -1.721299794E-20
297.4 0 -3.852317554E-05
297.6 0 -3.856120434E-05
297.8 0 -3.85993083E-05
298 0 -1.931874382E-05
298.2 0 -1.933787129E-05
298.4 0 -1.935703667E-05
298.6 0 1.937624008E-05
298.8 0 -1.939548163E-05
299 0 -1.941476143E-05
299.2 0 5.447725946E-20
299.4 0 -1.945343625E-05
299.6 0 8.207375896E-21
299.8 7.796906188E-06 -1.949226547E-05
300 7.804695305E-06 -1.951173826E-05
300.2 0 -1.953125E-05
300.4 0 5.904417222E-20
300.6 0 3.914078156E-05
300.8 0 3.918004012E-05
301 0 3.921937751E-05
301.2 0 1.962939698E-05
301.4 0 5.435493393E-20
301.6 0 -1.966893253E-05
301.8 0 -1.968876008E-05
302 0 1.030293658E-20
302.2 0 1.205157113E-20
302.4 0 1.974848332E-05
302.6 0 -1.976847166E-05
302.8 0 -3.957700101E-05
303 0 4.079244977E-21
303.2 0 8.005821785E-22
303.4 0 -1.98488313E-05
303.6 0 -1.98690234E-05
303.8 0 1.441642219E-20
304 0 2.22754127E-20
304.2 0 -1.992984694E-05
304.4 0 -1.995020429E-05
304.6 0 4.176224642E-20
304.8 0 3.774171529E-20
305 8.004610656E-06 2.827812461E-20
305.2 8.012820513E-06 -6.009615385E-05
305.4 8.021047228E-06 -4.010523614E-05
305.6 8.029290853E-06 6.02196814E-05
305.8 8.03755144E-06 2.00938786E-05
306 8.045829042E-06 3.327878183E-20
306.2 8.054123711E-06 6.040592784E-05
306.4 8.062435501E-06 2.015608875E-05
306.6 8.070764463E-06 -8.070764463E-05
306.8 8.079110651E-06 -2.019777663E-05
307 8.08747412E-06 2.02186853E-05
307.2 8.095854922E-06 -2.023963731E-05
307.4 8.104253112E-06 -2.026063278E-05
307.6 8.112668744E-06 2.028167186E-05
307.8 8.121101871E-06 6.090826403E-05
308 8.129552549E-06 2.05054898E-20
308.2 8.138020833E-06 -7.058103662E-21
308.4 8.146506778E-06 2.036626694E-05
308.6 8.155010438E-06 -2.03875261E-05
308.8 8.16353187E-06 -6.122648903E-05
309 8.17207113E-06 -2.043017782E-05
309.2 8.180628272E-06 2.045157068E-05
309.4 0 -2.047300839E-05
309.6 8.197796432E-06 1.172325068E-20
309.8 8.206407563E-06 4.103203782E-05
310 8.215036803E-06 1.919187537E-20
310.2 8.223684211E-06 -2.055921053E-05
310.4 0 -2.05808746E-05
310.6 0 2.060258439E-05
310.8 0 0.0001237460401
311 0 0.0001032307082
311.2 0 8.267195767E-05
311.4 0 6.206965042E-05
311.6 0 4.142364793E-05
311.8 0 0.0001244028662
312 0 8.302337938E-05
312.2 0 -2.077792553E-05
312.4 0 7.939581476E-21
312.6 0 4.164445629E-05
312.8 0 2.084445037E-05
313 0 3.271008282E-22
313.2 0 6.26671123E-05
313.4 0 8.364561028E-05
313.6 0 4.18676313E-05
313.8 0 4.191255365E-05
314 0 2.097878625E-05
314.2 0 2.100134409E-05
314.4 0 1.669609804E-20
314.6 0 -3.501557245E-20
314.8 0 -1.653169393E-20
315 0 -1.67444571E-20
315.2 0 6.334459459E-05
315.4 0 8.45508658E-05
315.6 0 4.23212351E-05
315.8 0 -4.236713666E-05
316 0 -2.120656895E-05
316.2 0 2.122961957E-05
316.4 0 -4.697420777E-20
316.6 0 -3.494921899E-20
316.8 0 -2.129907306E-05
317 0 -4.264465066E-05
317.2 0 -6.403688525E-05
317.4 0 -2.136898249E-05
317.6 0 2.139238773E-05
317.8 0 -2.14158443E-05
318 0 -4.287870472E-05
318.2 0 -2.146291209E-05
318.4 0 -2.148652365E-05
318.6 0 -4.302037445E-05
318.8 0 -2.153390298E-05
319 0 4.311534216E-05
319.2 0 4.316298343E-05
319.4 0 2.160536504E-05
319.6 0 4.32585825E-05
319.8 0 6.495981153E-05
320 0 8.670921199E-05
320.2 0 4.340277778E-05
320.4 0 4.345105673E-05
320.6 0 -4.684036221E-20
320.8 0 -6.532190635E-05
321 0 -2.179827009E-05
321.2 0 -1.707528591E-20
321.4 0 -6.992707801E-21
321.6 0 -2.459141997E-21
321.8 0 4.267592444E-21
322 0 -3.212742286E-21
322.2 0 -6.583567416E-05
322.4 0 -6.590973003E-05
322.6 0 -2.19946509E-05
322.8 0 -4.403889515E-05
323 0 -2.204430023E-05
323.2 0 -4.413841808E-05
323.4 0 -8.837669683E-05
323.6 0 -0.0001105959796
323.8 0 -8.857709751E-05
324 0 -6.650822928E-05
324.2 0 -8.877840909E-05
324.4 0 -0.0001110992605
324.6 0 -2.224515945E-05
324.8 0 6.681157355E-05
325 0 4.459189498E-05
325.2 0 4.464285714E-05
325.4 0 2.234696796E-05
325.6 0 4.474513173E-05
325.8 0 8.959288991E-05
326 0 4.4847876E-05
326.2 0 2.244971264E-05
326.4 0 2.247554661E-05
326.6 0 6.750432028E-05
326.8 0 0.0001126369666
327 0 4.510681293E-05
327.2 0 6.773843931E-05
327.4 0 0.0001130280671
327.6 0 2.263180765E-05
327.8 0 -1.744319269E-20
328 0 4.536875726E-05
328.2 0 2.271075581E-05
328.4 0 -2.273719441E-05
328.6 0 -6.829108392E-05
328.8 0 -4.558051342E-05
329 0 -2.281688084E-05
329.2 0 -2.284356725E-05
329.4 0 -2.287031616E-05
329.6 0 -4.579425557E-05
329.8 0 -2.292400235E-05
330 0 -4.590188014E-05
330.2 0 -9.191176471E-05
330.4 0 -6.901501767E-05
330.6 0 -6.90964033E-05
330.8 0 -6.917798111E-05
331 0 -4.617316785E-05
331.2 0 -4.270088556E-20
331.4 0 2.314129147E-05
331.6 0 -2.316874259E-05
331.8 9.278503563E-06 -1.479796892E-20
332 0 4.644768133E-05
332.2 0 -2.32514881E-05
332.4 9.311680572E-06 -4.655840286E-05
332.6 9.322792363E-06 2.330698091E-05
332.8 9.333930705E-06 2.333482676E-05
333 9.345095694E-06 4.672547847E-05
333.2 9.356287425E-06 2.339071856E-05
333.4 9.367505995E-06 -4.683752998E-05
333.6 9.378751501E-06 -1.667013227E-20
333.8 9.390024038E-06 7.042518029E-05
334 9.401323706E-06 7.05099278E-05
334.2 9.412650602E-06 -2.512972083E-20
334.4 9.424004825E-06 4.268556427E-20
334.6 9.435386473E-06 4.717693237E-05
334.8 9.446795647E-06 4.723397823E-05
335 9.458232446E-06 2.364558111E-05
335.2 9.46969697E-06 -1.158349236E-20
335.4 9.48118932E-06 2.37029733E-05
335.6 9.492709599E-06 4.7463548E-05
335.8 9.504257908E-06 4.752128954E-05
336 9.515834348E-06 7.136875761E-05
336.2 9.527439024E-06 2.381859756E-05
336.4 9.539072039E-06 -2.636432561E-21
336.6 9.550733496E-06 4.775366748E-05
336.8 9.562423501E-06 1.674890592E-20
337 9.574142157E-06 -2.393535539E-05
337.2 9.585889571E-06 2.396472393E-05
337.4 9.597665848E-06 2.399416462E-05
337.6 0 1.868869554E-20
337.8 0 -2.405326355E-05
338 0 -3.372040349E-21
338.2 0 2.411265432E-05
338.4 0 -2.414245983E-05
338.6 9.668935644E-06 -2.417233911E-05
338.8 9.680916976E-06 4.840458488E-05
339 9.69292804E-06 1.133948502E-20
339.2 9.704968944E-06 -4.852484472E-05
339.4 9.717039801E-06 2.42925995E-05
339.6 0 2.432285181E-05
339.8 0 -4.87063591E-05
340 0 -6.516449914E-21
340.2 0 2.44140625E-05
340.4 0 -4.888923655E-05
340.6 0 -2.447525063E-05
340.8 0 2.037679001E-20
341 9.814698492E-06 -2.453674623E-05
341.2 1.965408805E-05 -4.913522013E-05
341.4 2.951826196E-05 -4.919710327E-05
341.6 3.9407314E-05 -2.462957125E-05
341.8 3.945707071E-05 -2.466066919E-05
342 3.950695322E-05 -2.469184576E-05
342.2 3.955696203E-05 -2.472310127E-05
342.4 3.960709759E-05 -4.950887199E-05
342.6 3.965736041E-05 -4.957170051E-05
342.8 3.970775095E-05 -4.963468869E-05
343 3.975826972E-05 -4.969783715E-05
343.2 3.98089172E-05 -4.97611465E-05
343.4 3.985969388E-05 -7.473692602E-05
343.6 3.991060026E-05 -9.977650064E-05
343.8 3.996163683E-05 -7.492806905E-05
344 4.00128041E-05 -5.001600512E-05
344.2 4.006410256E-05 -2.50400641E-05
344.4 4.011553273E-05 -1.070730806E-20
344.6 3.012532134E-05 2.510443445E-05
344.8 2.010939511E-05 5.027348777E-05
345 1.006765464E-05 2.51691366E-05
345.2 0 4.474018024E-20
345.4 0 1.148020675E-20
345.6 0 2.526681759E-05
345.8 0 2.529954663E-05
346 0 -5.066472114E-05
346.2 1.01461039E-05 -2.536525974E-05
346.4 2.031859558E-05 2.539824447E-05
346.6 3.051757812E-05 2.54313151E-05
346.8 4.074315515E-05 -4.338383944E-21
347 5.099543081E-05 -2.54977154E-05
347.2 6.12745098E-05 2.745697549E-20
347.4 7.158049738E-05 -2.556446335E-05
347.6 8.191349934E-05 -2.559796855E-05
347.8 9.227362205E-05 2.144599434E-21
348 0.0001026609724 2.56652431E-05
348.2 0.0001130756579 2.569901316E-05
348.4 0.0001235177866 2.57328722E-05
348.6 0.0001236807388 5.153364116E-05
348.8 0.0001135237781 2.580085865E-05
349 0.0001033399471 2.583498677E-05
349.2 9.312913907E-05 2.58692053E-05
349.4 8.289124668E-05 3.644658702E-20
349.6 7.262616202E-05 -1.150824092E-20
349.8 6.23337766E-05 3.125027176E-20
350 5.201398136E-05 5.987737733E-21
350.2 4.166666667E-05 1.51388479E-20
350.4 3.12917223E-05 -2.607643525E-05
350.6 2.088903743E-05 -5.222259358E-05
350.8 1.045850067E-05 -5.229250335E-05
351 0 -7.85439008E-05
351.2 0 -7.864932886E-05
351.4 0 -5.250336022E-05
351.6 0 -5.257402423E-05
351.8 0 -5.264487871E-05
352 0 -2.635796221E-05
352.2 0 4.92928596E-21
352.4 0 2.827387192E-20
352.6 0 3.38441826E-20
352.8 0 -7.436723366E-21
353 0 2.653702446E-05
353.2 0 2.657312925E-05
353.4 0 1.75631509E-20
353.6 0 2.664563438E-05
353.8 0 2.668203552E-05
354 0 -8.095323335E-21
354.2 0 5.07161174E-20
354.4 0 5.358367627E-05
354.6 0 5.365728022E-05
354.8 0 -2.686554333E-05
355 0 -2.690254821E-05
355.2 0 4.319749379E-20
355.4 0 5.046744305E-20
355.6 0 -8.536045439E-21
355.8 0 2.70515928E-05
356 0 5.417822469E-05
356.2 0 2.712673611E-05
356.4 0 6.014849448E-20
356.6 0 2.720229805E-05
356.8 0 8.17207113E-05
357 0 2.727828212E-05
357.2 0 -2.169583121E-20
357.4 0 5.470938375E-05
357.6 0 2.73930575E-05
357.8 0 -5.48630618E-05
358 0 -5.494022504E-05
358.2 0 -2.750880282E-05
358.4 0 -2.754760226E-05
358.6 0 -2.75865113E-05
358.8 0 2.762553041E-05
359 0 5.532932011E-05
359.2 0 -2.770390071E-05
359.4 0 -8.322975852E-05
359.6 0 -5.556543385E-05
359.8 0 -2.782229345E-05
360 0 -5.572396576E-05
360.2 0 -5.580357143E-05
360.4 0 5.588340486E-05
360.6 0 0.0001119269341
360.8 0 1.959229393E-20
361 0 -5.612428161E-05
361.2 0 2.810251799E-05
361.4 0 0.0001125720461
361.6 0 5.636724387E-05
361.8 0 2.822434971E-05
362 0 -2.858163705E-20
362.2 0 -2.830615942E-05
362.4 0 -6.39401915E-21
362.6 0 2.838844477E-05
362.8 0 5.685953421E-05
363 0 2.870473366E-20
363.2 0 -5.702554745E-05
363.4 0 -2.855445906E-05
363.6 0 2.859626647E-05
363.8 0 -2.863819648E-05
364 0 -0.0001434012482
364.2 0 -8.616727941E-05
364.4 0 4.282275514E-21
364.6 0 2.880715339E-05
364.8 0 2.884970458E-05
365 0 -1.867398645E-21
365.2 0 -2.893518519E-05
365.4 1.159124629E-05 -5.795623145E-05
365.6 1.160846954E-05 2.055705339E-20
365.8 1.162574405E-05 5.812872024E-05
366 1.164307004E-05 3.926497962E-20
366.2 2.332089552E-05 -5.830223881E-05
366.4 3.503363229E-05 -8.758408072E-05
366.6 3.508607784E-05 -5.847679641E-05
366.8 3.513868066E-05 -2.928223388E-05
367 3.519144144E-05 -2.93262012E-05
367.2 3.52443609E-05 -2.937030075E-05
367.4 3.529743976E-05 -2.941453313E-05
367.6 3.535067873E-05 6.548177158E-20
367.8 3.540407855E-05 -3.023721149E-21
368 3.545763994E-05 8.862747816E-21
368.2 3.551136364E-05 5.938837268E-20
368.4 3.556525038E-05 -8.927693082E-20
368.6 3.561930091E-05 -2.968275076E-05
368.8 3.567351598E-05 -2.972792998E-05
369 2.381859756E-05 -8.098337758E-21
369.2 2.385496183E-05 4.277859921E-20
369.4 2.389143731E-05 2.319138635E-20
369.6 2.39280245E-05 2.991003063E-05
369.8 1.198236196E-05 2.995590491E-05
370 0 6.000384025E-05
370.2 0 9.014423077E-05
370.4 0 3.009437596E-05
370.6 0 -8.725956766E-21
370.8 0 -3.01874034E-05
371 0 -6.046826625E-05
371.2 0 -3.028100775E-05
371.4 0 -3.032802795E-05
371.6 0 -3.03751944E-05
371.8 0 1.51080672E-20
372 0 3.04699688E-05
372.2 0 3.051757813E-05
372.4 0 8.421604021E-20
372.6 0 8.393363317E-20
372.8 0 4.301787171E-20
373 0 4.94376169E-20
373.2 0 2.512318011E-20
373.4 0 3.778838052E-20
373.6 0 4.556365621E-20
373.8 0 1.229603022E-21
374 0 4.112899789E-20
374.2 0 6.400270575E-20
374.4 0 -2.550272361E-21
374.6 0 1.747258408E-20
374.8 0 -3.115031898E-05
375 0 -3.120007987E-05
375.2 0 3.125E-05
375.4 0 9.390024038E-05
375.6 0 3.135032103E-05
375.8 0 -3.140072347E-05
376 0 3.145128824E-05
376.2 0 3.150201613E-05
376.4 0 4.703177937E-20
376.6 0 4.244003977E-20
376.8 0 3.571275772E-20
377 0 3.534921226E-20
377.2 0 -3.175813008E-05
377.4 0 -3.180985342E-05
377.6 0 -3.186174551E-05
377.8 1.276552288E-05 -3.191380719E-05
378 1.278641571E-05 3.196603928E-05
378.2 1.280737705E-05 3.201844262E-05
378.4 3.848522167E-05 9.610363561E-21
378.6 3.854851974E-05 4.079289187E-20
378.8 3.861202636E-05 3.666345562E-20
379 5.156765677E-05 6.59207654E-20
379.2 5.165289256E-05 -3.228305785E-05
379.4 5.17384106E-05 -6.467301325E-05
379.6 5.182421227E-05 -3.239013267E-05
379.8 5.1910299E-05 -5.212061251E-20
380 5.199667221E-05 3.249792013E-05
380.2 5.208333333E-05 6.510416667E-05
380.4 5.217028381E-05 6.521285476E-05
380.6 5.225752508E-05 3.266095318E-05
380.8 5.234505863E-05 6.543132328E-05
381 5.243288591E-05 3.277055369E-05
381.2 5.25210084E-05 -3.282563025E-05
381.4 5.260942761E-05 9.864267677E-05
381.6 3.952360877E-05 0.0001646817032
381.8 3.959037162E-05 6.59839527E-05
382 5.287648054E-05 6.609560068E-05
382.2 3.972457627E-05 3.310381356E-05
382.4 5.305602716E-05 -9.948005093E-05
382.6 7.971938776E-05 -6.643282313E-05
382.8 9.316439523E-05 -3.32729983E-05
383 0.0001199872014 -3.332977816E-05
383.2 0.0001335470085 -3.338675214E-05
383.4 0.0001471532534 -6.688784247E-05
383.6 0.000160806175 -6.70025729E-05
383.8 0.0001610824742 -3.35588488E-05
384 0.0001748063683 -3.361660929E-05
384.2 0.0001885775862 -3.367456897E-05
384.4 0.0002023963731 3.373272884E-05
384.6 0.0002162629758 -5.389985517E-20
384.8 0.000230177643 -3.384965338E-05
385 0.000244140625 -3.390842014E-05
385.2 0.0002581521739 -3.39673913E-05
385.4 0.0002586019164 -5.921521284E-20
385.6 0.0002454188482 3.408595113E-05
385.8 0.0002321896853 6.829108392E-05
386 0.0002189141856 6.841068301E-05
386.2 0.0002055921053 0.0001027960526
386.4 0.0001922231986 0.0001029767135
386.6 0.0001788072183 3.438600352E-05
386.8 0.0001653439153 6.889329806E-05
387 0.0001518330389 0.000207045053
387.2 0.0001382743363 0.0001382743363
387.4 0.0001246675532 0.0001385195035
387.6 0.0001110124334 0.000242839698
387.8 9.730871886E-05 0.0001737655694
388 6.963012478E-05 0.0001392602496
388.2 4.185267857E-05 0.0001395089286
388.4 4.192754919E-05 6.987924866E-05
388.6 4.200268817E-05 -9.033767674E-20
388.8 4.207809695E-05 -1.345115715E-21
389 5.620503597E-05 3.512814748E-05
389.2 5.630630631E-05 2.487938203E-20
389.4 8.461191336E-05 -3.52549639E-05
389.6 9.889240506E-05 -7.063743219E-05
389.8 9.907155797E-05 -7.076539855E-05
390 0.000113430127 -3.54469147E-05
390.2 0.0001278409091 -7.102272727E-05
390.4 0.0001423041894 -7.115209472E-05
390.6 0.0001568202555 3.564096715E-05
390.8 0.0001713893967 3.570612431E-05
391 0.0001860119048 -3.577152015E-05
391.2 0.0002006880734 3.583715596E-05
391.4 0.0002010569853 -3.590303309E-05
391.6 0.000201427256 -0.0001438766114
391.8 0.0002162130996 -3.603551661E-05
392 0.0002166127542 3.610212569E-05
392.2 0.0002170138889 7.233796296E-05
392.4 0.0002029220779 0.000108708256
392.6 0.000188777881 7.260687732E-05
392.8 0.0001745810056 7.274208566E-05
393 0.0001603311567 3.643889925E-05
393.2 0.0001460280374 1.708914181E-20
393.4 0.0001316713483 5.572888154E-20
393.6 0.000117260788 3.664399625E-05
393.8 0.0001027960526 7.342575188E-05
394 8.827683616E-05 2.204083417E-21
394.2 7.370283019E-05 -7.370283019E-05
394.4 7.384215501E-05 -3.69210775E-05
394.6 5.918560606E-05 -3.699100379E-05
394.8 5.929791271E-05 3.706119545E-05
395 5.941064639E-05 0.000111394962
395.2 5.952380952E-05 3.720238095E-05
395.4 7.454675573E-05 3.727337786E-05
395.6 7.468929254E-05 7.468929254E-05
395.8 8.979885057E-05 7.483237548E-05
396 8.997120921E-05 0.0001499520154
396.2 7.512019231E-05 0.0001502403846
396.4 7.526493256E-05 0.0001505298651
396.6 7.541023166E-05 0.0001885255792
396.8 7.555609284E-05 7.555609284E-05
397 9.084302326E-05 0.0001135537791
397.2 9.101941748E-05 7.584951456E-05
397.4 0.0001215953307 -3.799854086E-05
397.6 0.0001370614035 7.614522417E-05
397.8 0.0001525878906 0.000114440918
398 0.0001681751468 7.644324853E-05
398.2 0.0001838235294 7.659313725E-05
398.4 0.0001841846758 7.674361493E-05
398.6 0.0001845472441 0.0001922367126
398.8 0.0001695019724 0.0002311390533
399 0.0001698369565 7.71986166E-05
399.2 0.0001856435644 7.735148515E-05
399.4 0.0002015128968 7.750496032E-05
399.6 0.000217445328 3.882952286E-05
399.8 0.0002178784861 -1.618099283E-19
400 0.0002339071856 -3.898453094E-05
400.2 0.000234375 -4.770408635E-20
400.4 0.0002191883768 0.0001174223447
400.6 0.0002039407631 3.921937751E-05
400.8 0.0002043511066 -1.330762869E-21
401 0.0001890120968 3.937752016E-05
401.2 0.0001736111111 -2.609421042E-20
401.4 0.0001581477733 3.953694332E-05
401.6 0.0001584685598 3.961713996E-05
401.8 0.0001587906504 0.0001587906504
402 0.0001750254582 7.955702648E-05
402.2 0.0001594387755 -2.222894106E-20
402.4 0.0001437883436 0.0001997060327
402.6 0.0001280737705 0.000280161373
402.8 0.0001283367556 0.0002406314168
403 0.0001125257202 0.0001607510288
403.2 9.664948454E-05 0.0001610824742
403.4 8.070764463E-05 1.167424762E-20
403.6 6.469979296E-05 -8.08747412E-05
403.8 6.48340249E-05 4.052126556E-05
404 4.872661123E-05 4.060550936E-05
404.2 4.8828125E-05 2.309845306E-21
404.4 4.893006263E-05 -2.342956859E-20
404.6 3.268828452E-05 0.0001225810669
404.8 1.637840671E-05 4.094601677E-05
405 1.641281513E-05 4.103203782E-05
405.2 0 8.223684211E-05
405.4 1.648206751E-05 -4.120516878E-05
405.6 3.303382664E-05 4.12922833E-05
405.8 3.310381356E-05 -4.137976695E-05
406 3.317409766E-05 -0.0001658704883
406.2 3.324468085E-05 -0.0001246675532
406.4 3.331556503E-05 -0.0001665778252
406.6 1.669337607E-05 -0.0002086672009
406.8 1.672912206E-05 -0.0001672912206
407 1.676502146E-05 -8.38251073E-05
407.2 1.680107527E-05 -0.0001260080645
407.4 1.683728448E-05 -0.000210466056
407.6 1.687365011E-05 -0.0002531047516
407.8 1.691017316E-05 -0.0001691017316
408 1.694685466E-05 -0.0002118356833
408.2 0 -0.0002547554348
408.4 0 -0.0001702069717
408.6 0 -0.0002132232533
408.8 0 -0.00017095186
409 0 -8.566337719E-05
409.2 0 -0.0001717032967
409.4 0 -0.0002151018722
409.6 0 -0.0001293460265
409.8 0 -8.642146018E-05
410 0 -0.0001299196231
410.2 0 -0.0002170138889
410.4 0 -0.0001304983296
410.6 0 4.359654018E-05
410.8 0 4.369407159E-05
411 0 -2.946355076E-20
411.2 0 -0.0001316713483
411.4 0 -0.000219946509
411.6 0 -0.0001322658014
411.8 0 -8.837669683E-05
412 0 -8.857709751E-05
412.2 0 -0.0001331676136
412.4 0 -0.0001334709567
412.6 0 -0.0001337756849
412.8 0 -0.0001340818078
413 0 -8.959288991E-05
413.2 0 -8.979885057E-05
413.4 0 -9.000576037E-05
413.6 0 -9.021362587E-05
413.8 0 -9.04224537E-05
414 0 -9.063225058E-05
414.2 0 -9.084302326E-05
414.4 0 -9.105477855E-05
414.6 0 -9.126752336E-05
414.8 0 -4.574063232E-05
415 0 -4.584800469E-05
415.2 0 -0.0001378676471
415.4 0 -9.212853774E-05
415.6 0 -4.617316785E-05
415.8 0 -9.256516588E-05
416 0 -9.278503563E-05
416.2 0 -9.300595238E-05
416.4 0 -4.661396181E-05
416.6 0 -4.672547847E-05
416.8 0 -9.367505995E-05
417 0 -4.695012019E-05
417.2 0 -9.412650602E-05
417.4 0 -0.0001887077295
417.6 0 -9.458232446E-05
417.8 0 -4.74059466E-05
418 0 -0.0001425638686
418.2 0 -0.0001429115854
418.4 0 -3.200248362E-20
418.6 0 9.574142157E-05
418.8 0 4.798832924E-05
419 0 4.810652709E-05
419.2 0 9.645061728E-05
419.4 0 4.834467822E-05
419.6 0 -7.583342335E-20
419.8 0 -3.069643234E-20
420 0 4.87063591E-05
420.2 0 4.8828125E-05
420.4 0 4.935977529E-20
420.6 0 1.173664198E-19
420.8 0 -4.919710327E-05
421 0 -9.864267677E-05
421.2 0 -1.417123307E-20
421.4 0 9.292288018E-20
421.6 0 -9.93956743E-05
421.8 0 -1.333310663E-19
422 0 9.990409207E-05
422.2 0 5.008012821E-05
422.4 0 1.113215145E-19
422.6 0 -2.575539853E-20
422.8 0 6.55818953E-20
423 0 6.707107821E-20
423.2 0 1.295413609E-19
423.4 0 3.521546968E-20
423.6 0 4.081801355E-20
423.8 0 3.070321352E-20
424 0 1.556022603E-19
424.2 0 1.838628389E-20
424.4 0 4.462985707E-20
424.6 0 1.117647724E-19
424.8 0 9.028202884E-20
425 0 5.911530845E-20
425.2 0 6.406248329E-20
425.4 0 4.086852182E-20
425.6 0 -6.946087598E-21
425.8 0 2.239233916E-20
426 0 1.133153414E-19
426.2 0 8.791524373E-20
426.4 0 4.227646822E-20
426.6 0 1.269877468E-19
426.8 0 2.636808446E-20
427 0 3.898993431E-20
427.2 0 9.328636447E-20
427.4 0 4.621944082E-20
427.6 0 2.380224691E-20
427.8 0 6.634062865E-20
428 0 1.088118848E-19
428.2 0 -3.890654313E-20
428.4 0 -2.954451937E-20
428.6 0 9.974163127E-21
428.8 0 6.556771104E-20
429 0 -4.350236407E-20
429.2 0 7.089855471E-20
429.4 0 5.137348535E-20
429.6 0 4.611073476E-20
429.8 0 1.307535787E-19
430 0 -3.918032355E-20
430.2 0 3.966711579E-20
430.4 0 2.305733616E-20
430.6 0 -5.612428161E-05
430.8 0 1.701439029E-19
431 0 1.26119931E-19
431.2 0 -0.0001132246377
431.4 0 -5.677688953E-05
431.6 0 -5.694241983E-05
431.8 0 -5.710891813E-05
432 0 4.890535019E-20
432.2 0 -5.744485294E-05
432.4 0 5.761430678E-05
432.6 0 0.0001733542899
432.8 0 -5.795623145E-05
433 0 -0.0001162574405
433.2 0 5.830223881E-05
433.4 0 5.847679641E-05
433.6 0 1.784938434E-19
433.8 0 1.290523534E-19
434 0 3.687773277E-20
434.2 0 -5.51018129E-21
434.4 0 5.936550152E-05
434.6 0 5.95464939E-05
434.8 0 -5.972859327E-05
435 0 -3.398959887E-20
435.2 0 0.0001201923077
435.4 0 6.02816358E-05
435.6 0 6.046826625E-05
435.8 0 0.0001213121118
436 0 0.0001216900312
436.2 0 7.121448408E-20
436.4 0 6.122648903E-05
436.6 0 0.0001228380503
436.8 0 -6.161277603E-05
437 0 -2.051805549E-20
437.2 0 9.522099069E-20
437.4 0 1.983726482E-19
437.6 0 6.240015974E-05
437.8 0 -3.890205724E-20
438 0 6.280144695E-05
438.2 0 0.0001260080645
438.4 0 6.32079288E-05
438.6 0 6.341314935E-05
438.8 0 -6.361970684E-05
439 0 -6.382761438E-05
439.2 0 0.0001280737705
439.4 0 -2.572301339E-21
439.6 0 6.445957096E-05
439.8 0 0.0001293460265
440 0 -6.488787375E-05
440.2 0 -5.264352554E-20
440.4 0 -0.0001306438127
440.6 0 -0.0002621644295
440.8 0 4.444329538E-20
441 0 -6.59839527E-05
441.2 0 -6.620762712E-05
441.4 0 0.0001992984694
441.6 0 0.0001333191126
441.8 0 6.688784247E-05
442 0 0.0001342353952
442.2 0 -6.734913793E-05
442.4 0 -0.0001351643599
442.6 0 6.781684028E-05
442.8 0 0.0001361062718
443 0 6.829108392E-05
443.2 0 -1.063851905E-19
443.4 0 -4.723135491E-20
443.6 0 -6.901501767E-05
443.8 0 -0.0001385195035
444 0 -6.950622776E-05
444.2 0 6.975446429E-05
444.4 0 0.0001400089606
444.6 0 7.025629496E-05
444.8 0 5.173054639E-20
445 0 7.076539855E-05
445.2 0 2.802036184E-20
445.4 0 -0.0002138458029
445.6 0 -7.154304029E-05
445.8 0 -1.220076426E-19
446 0 4.104429967E-20
446.2 0 7.233796296E-05
446.4 0 4.044263308E-20
446.6 0 7.287779851E-05
446.8 0 -8.290712581E-20
447 0 -0.0002202772556
447.2 0 -7.370283019E-05
447.4 0 -8.004928794E-20
447.6 0 -7.426330798E-05
447.8 0 -2.555903748E-19
448 0 -7.483237548E-05
448.2 0 2.769444019E-19
448.4 0 0.000226230695
448.6 0 7.570251938E-05
448.8 0 -7.599708171E-05
449 0 2.428240929E-19
449.2 0 5.489802991E-20
449.4 0 -7.689468504E-05
449.6 0 -0.0001543972332
449.8 0 4.03208018E-20
450 0 5.580002239E-20
450.2 0 -0.000234375
450.4 0 -7.843875502E-05
450.6 0 6.324201264E-21
450.8 0 -0.0002372216599
451 0 -0.0001587906504
451.2 0 4.172231071E-20
451.4 0 -6.456356355E-20
451.6 0 -1.455739055E-19
451.8 0 -5.341575437E-20
452 0 -5.940165465E-20
452.2 0 -4.535667588E-20
452.4 0 1.34142711E-19
452.6 0 5.975349311E-20
452.8 0 -2.998052568E-20
453 0 -3.177303005E-21
453.2 0 -5.494320918E-20
453.4 0 -6.785533974E-20
453.6 0 8.38251073E-05
453.8 0 8.418642241E-05
454 0 8.45508658E-05
454.2 0 8.491847826E-05
454.4 0 8.528930131E-05
454.6 0 0.0001713267544
454.8 0 0.0001720814978
455 0 8.642146018E-05
455.2 0 8.680555556E-05
455.4 0 0.0001743861607
455.6 0 0.0001751681614
455.8 0 0.0001759572072
456 0 8.837669683E-05
456.2 0 3.655347639E-20
456.4 0 -5.694383339E-22
456.6 0 -2.017522209E-20
456.8 0 -9.000576037E-05
457 0 -3.333661186E-20
457.2 0 9.084302326E-05
457.4 3.650700935E-05 9.126752336E-05
457.6 3.667840376E-05 9.169600939E-05
457.8 3.685141509E-05 9.671483573E-20
458 3.702606635E-05 9.256516588E-05
458.2 3.720238095E-05 9.300595238E-05
458.4 3.738038278E-05 1.073339056E-19
458.6 3.756009615E-05 -1.908840463E-20
458.8 3.774154589E-05 -1.051586051E-19
459 3.792475728E-05 -9.48118932E-05
459.2 3.81097561E-05 -0.0001905487805
459.4 3.829656863E-05 1.163263827E-19
459.6 3.848522167E-05 -6.796399461E-20
459.8 3.867574257E-05 -9.668935644E-05
460 3.88681592E-05 -4.689145011E-20
460.2 3.90625E-05 9.765625E-05
460.4 3.925879397E-05 1.188694507E-19
460.6 3.945707071E-05 -9.864267677E-05
460.8 3.965736041E-05 -6.451629219E-20
461 3.985969388E-05 -2.803042433E-19
461.2 4.006410256E-05 -0.0001001602564
461.4 4.027061856E-05 -0.0001006765464
461.6 4.047927461E-05 -7.649729176E-20
461.8 4.069010417E-05 -2.462038372E-19
462 4.090314136E-05 1.902355041E-19
462.2 4.111842105E-05 -0.0001027960526
462.4 4.133597884E-05 -2.33565514E-19
462.6 4.155585106E-05 0.0002077792553
462.8 4.177807487E-05 2.875713658E-20
463 4.200268817E-05 -0.0002100134409
463.2 4.222972973E-05 -0.0001055743243
463.4 4.245923913E-05 2.845146743E-20
463.6 4.269125683E-05 2.321651675E-19
463.8 4.292582418E-05 0.0001073145604
464 4.316298343E-05 0.0002158149171
464.2 4.340277778E-05 0.0001085069444
464.4 4.36452514E-05 -6.121787579E-20
464.6 4.389044944E-05 -0.0001097261236
464.8 4.413841808E-05 -0.0001103460452
465 0 1.08488785E-19
465.2 0 1.33520625E-19
465.4 4.489942529E-05 0.0001122485632
465.6 4.515895954E-05 7.931858955E-20
465.8 0 -0.0001135537791
466 0 0.0001142178363
466.2 0 0.0001148897059
466.4 0 -9.336156089E-20
466.6 0 -1.287401314E-19
466.8 0 -7.349757188E-20
467 0 2.128833155E-19
467.2 0 -3.417728729E-20
467.4 0 -2.09790297E-19
467.6 0 -6.029202997E-20
467.8 0 -2.065464342E-19
468 0 -2.002830802E-19
468.2 0 1.474790739E-19
468.4 0 -9.349893649E-20
468.6 0 -2.379681694E-19
468.8 0 -8.39367419E-20
469 0 -7.000748801E-20
469.2 0 -1.744094967E-19
469.4 0 -3.11576242E-19
469.6 0 -1.637107779E-19
469.8 0 1.045384666E-19
470 0 1.713307449E-19
470.2 0 3.466830192E-20
470.4 0 3.314214636E-19
470.6 0 2.274650359E-19
470.8 0 1.31708747E-19
471 0 4.315022973E-19
471.2 0 -1.225651305E-19
471.4 0 -1.802964729E-19
471.6 0 1.839073935E-19
471.8 0 3.185974634E-19
472 0 2.621781862E-19
472.2 0 4.133907784E-20
472.4 0 -1.469954641E-19
472.6 0 1.265888309E-19
472.8 0 -5.740618109E-20
473 0 1.082635119E-19
473.2 0 1.87450973E-19
473.4 0 2.472487689E-20
473.6 0 1.653890001E-19
473.8 0 -7.411824047E-20
474 0 -2.872744781E-20
474.2 0 5.9992176E-20
474.4 0 -2.480596432E-19
474.6 0 -2.206041552E-19
474.8 0 4.376563614E-20
475 0 -4.315451111E-20
475.2 0 -2.316963382E-19
475.4 0 -1.179264522E-19
475.6 0 -1.736854419E-19
475.8 0 -1.512192321E-19
476 0 -3.070325997E-19
476.2 0 -2.141173735E-19
476.4 0 -2.533504115E-19
476.6 0 -4.904969775E-20
476.8 0 1.2750318E-19
477 0 -2.95461813E-19
477.2 0 -5.955632309E-19
477.4 0 -1.333645398E-19
477.6 0 5.728544213E-20
477.8 0 -4.165896142E-19
478 0 -6.452521043E-19
478.2 0 -3.018928496E-19
478.4 0 -3.998070393E-19
478.6 0 -2.766800396E-19
478.8 0 -3.060952188E-19
479 0 -4.677251709E-19
479.2 0 -9.757178197E-20
479.4 0 2.079148115E-19
479.6 0 -5.380714396E-20
479.8 0 6.445960273E-20
480 0 7.465562371E-23
480.2 0 2.189943912E-19
480.4 0 -3.443559661E-19
480.6 0 -4.677828373E-19
480.8 0 -2.331380576E-19
481 0 -1.493675651E-20
481.2 0 9.906030358E-20
481.4 0 2.121884845E-19
481.6 0 -9.023716325E-20
481.8 0 1.044883952E-19
482 0 -1.877918097E-20
482.2 0 -3.722891954E-20
482.4 0 -1.692423955E-19
482.6 0 1.649481975E-19
482.8 0 -2.048631945E-20
483 0 1.352203546E-19
483.2 0 2.998490788E-19
483.4 0 -3.556812276E-19
483.6 0 -3.064727926E-21
483.8 0 3.290965494E-19
484 0 2.23845569E-19
484.2 0 2.958400295E-19
484.4 0 -1.036371153E-19
484.6 0 -1.989350322E-19
484.8 0 -1.521800446E-19
485 0 1.49123661E-20
485.2 0 -2.30038727E-19
485.4 0 -3.638103818E-19
485.6 0 -6.320892472E-20
485.8 0 6.410510815E-20
486 0 1.51595563E-19
486.2 0 -2.0579731E-19
486.4 0 3.238454902E-19
486.6 0 4.833834139E-20
486.8 0 -1.199680111E-20
487 0 -5.849773344E-20
487.2 0 -3.742074443E-19
487.4 0 1.745021479E-19
487.6 0 -3.702881491E-19
487.8 0 -3.691059565E-19
488 0 -6.320687757E-19
488.2 0 -5.340065797E-19
488.4 0 -1.044010214E-19
488.6 0 1.408014049E-19
488.8 0 4.379176003E-19
489 0 -3.156565626E-19
489.2 0 -1.098949965E-19
489.4 0 6.057464734E-20
489.6 0 -3.332920166E-19
489.8 0 -3.103847617E-19
490 0 -1.09476661E-18
490.2 0 -5.020694111E-19
490.4 0 -1.773474423E-19
490.6 0 -2.976431714E-19
490.8 0 -1.747577525E-19
491 0 -2.065208775E-19
491.2 0 -1.124929058E-18
491.4 0 2.001888075E-19
491.6 0 -2.8672223E-19
491.8 0 -1.862515441E-18
492 0 -4.03678314E-19
492.2 0 9.157889446E-19
492.4 0 6.521279018E-19
492.6 0 6.914288947E-19
492.8 0 -1.016076418E-18
493 0 -1.181980893E-18
493.2 0 -2.074413825E-18
493.4 0 -6.296845495E-20
493.6 0 -1.171287647E-18
493.8 0 5.40324514E-19
494 0 1.256833642E-20
494.2 0 -5.089428529E-19
494.4 0 -1.376643376E-18
494.6 0 1.364541272E-19
494.8 0 1.949844501E-19
495 0 -7.539025148E-19
495.2 0 -1.459683043E-18
495.4 0 -3.506776077E-19
495.6 0 2.817693076E-19
495.8 0 -5.850191171E-19
496 0 -9.676842982E-19
496.2 0 -2.204113946E-18
496.4 0 2.219085119E-18
496.6 0 1.289099446E-18
496.8 0 -2.093157107E-18
497 0 -4.183051279E-18
497.2 0 -1.478471746E-18
497.4 0 -5.430085032E-18
497.6 0 -1.860906719E-18
497.8 0 -6.157470755E-19
498 0 7.72915401E-19
498.2 0 9.206115929E-19
498.4 0 -3.09420666E-18
498.6 0 -5.877644804E-18
498.8 0 -5.165853133E-19
499 0 -6.000892751E-18
499.2 0 -1.185370689E-17
499.4 0 -1.481484106E-17
499.6 0 -3.176872372E-18
499.8 0 -5.249744802E-18
500 0 -1.766041235E-18
