0 0.007328318673 -3.1237505E-05
0.2 0.006490625 0.0015625
0.4 0.006108693477 0.0005158313325
0.6 0.005823408727 0.0003987565052
0.8 0.005559796756 0.0002503003604
1 0.005317883614 0.000242575621
1.2 0.005091432866 0.0001957039078
1.4 0.004905523256 0.0002036136728
1.6 0.004719464501 0.0002193642198
1.8 0.004545796549 0.0001959395064
2 0.004378261742 0.0001881774388
2.2 0.004238830321 7.059487952E-05
2.4 0.004093009241 2.354108076E-05
2.6 0.003947070941 9.420217042E-05
2.8 0.003797873945 0.0001806267591
3 0.003686268101 7.85649638E-05
3.2 0.003590291751 -3.929828974E-05
3.4 0.00347851248 2.358846618E-05
3.6 0.003369789569 6.292790979E-05
3.8 0.003305046334 2.360747381E-05
4 0.003230804111 -7.872329706E-06
4.2 0.003134450605 -3.150201613E-05
4.4 0.00304747378 3.93934046E-05
4.6 0.002947815779 3.152744149E-05
4.8 0.002863847396 -4.731025434E-05
5 0.002782966478 1.525650087E-21
5.2 0.002705176768 -1.578282828E-05
5.4 0.002643113379 -2.368381164E-05
5.6 0.002552567732 -0.0001026713506
5.8 0.002499873584 -0.000158019822
6 0.002440813436 -3.161675435E-05
6.2 0.002375379555 -3.162955466E-05
6.4 0.002322549615 -0.00011865887
6.6 0.002250683752 -0.0001187069489
6.8 0.002178759627 -7.917004459E-05
7 0.002109945255 -9.311058832E-22
7.2 0.00203790568 1.584685598E-05
7.4 0.001975319602 -2.377993101E-05
7.6 0.001912682704 3.171944783E-05
7.8 0.001862687855 5.553158002E-05
8 0.001809477855 3.174522552E-05
8.2 0.00175304878 -5.557672764E-05
8.4 0.001712459333 -0.0001032558967
8.6 0.001662301668 -0.0001032979048
8.8 0.001615282865 -0.0001192384005
9 0.00157776873 -3.180985342E-05
9.2 0.00153385947 1.59114053E-05
9.4 0.001496281581 -4.775366748E-05
9.6 0.00146822768 -3.184875662E-05
9.8 0.001430592374 2.389630914E-05
10 0.001389738882 -9.774087823E-21
10.2 0.001352040816 3.985969388E-05
10.4 0.001317502042 3.190077583E-05
10.6 0.00128612643 -7.978451797E-06
10.8 0.001254725174 -2.39451369E-05
11 0.001216910262 -3.992487735E-05
11.2 0.001182259714 -2.396472393E-05
11.4 0.001150777414 8.039729194E-21
11.6 0.001119269341 -2.398434302E-05
11.8 0.001100532351 -3.199221949E-05
12 0.00107217841 2.400399426E-05
12.2 0.001037397541 7.109522443E-21
12.4 0.001012197622 -8.007892579E-05
12.6 0.0009997949139 -0.0001041453035
12.8 0.0009905878129 -2.847309768E-21
13 0.0009589234401 2.405326355E-05
13.2 0.0009368583162 -3.208418891E-05
13.4 0.0009211945357 -1.604868529E-05
13.6 0.0008990957665 -4.816584464E-05
13.8 0.0008834035773 -9.637129934E-05
14 0.0008741258741 -0.0001124794323
14.2 0.0008584104938 -0.0001848636831
14.4 0.0008426821737 -0.000128653767
14.6 0.0008172878913 -3.217668863E-05
14.8 0.0008047486609 -8.85223527E-05
15 0.0007857584501 -0.0001046604493
15.2 0.0007667525773 -8.054123711E-05
15.4 0.0007541769802 -8.05744637E-05
15.6 0.0007351423855 -1.612154354E-05
15.8 0.0007064151528 8.064099917E-06
16 0.000684118133 -2.420229244E-05
16.2 0.0006521177686 -3.228305785E-05
16.4 0.0006297798677 -3.229640347E-05
16.6 0.0006041925145 -8.077440033E-06
16.8 0.0005753516756 8.080781961E-06
17 0.0005529542632 8.084126656E-06
17.2 0.0005370082816 -2.426242236E-05
17.4 0.0005178127589 -8.090824358E-06
17.6 0.0005018389971 8.094177373E-06
17.8 0.0004826129768 -7.287779851E-05
18 0.0004795727914 -3.240356698E-05
18.2 0.0004700466805 4.862551867E-05
18.4 0.0004507835201 -1.125982027E-20
18.6 0.0004444819352 1.622196844E-05
18.8 0.0004349293727 8.925789364E-05
19 0.0004286159601 4.87063591E-05
19.2 0.0004190488565 1.624220374E-05
19.4 0.0004094737937 4.87468802E-05
19.6 0.0004096441948 4.876716604E-05
19.8 0.0004065622398 -1.626248959E-05
20 0.0004002238651 8.134631404E-06
20.2 0.0003971354167 3.255208333E-05
20.4 0.0003973009587 8.141413089E-06
20.6 0.0003909507923 6.515846539E-05
20.8 0.0003748174802 6.518564873E-05
21 0.0003717132721 7.33644616E-05
21.2 0.0003653444676 8.970511482E-05
21.4 0.0003687604428 4.895050125E-05
21.6 0.0003754440033 -2.448547848E-05
21.8 0.0003756009615 -2.449571488E-05
22 0.0003822929737 4.90119197E-05
22.2 0.0003824529289 6.537656904E-05
22.4 0.0003891534115 2.452647551E-05
22.6 0.0003925879397 3.20446999E-20
22.8 0.0003960253456 2.454702556E-05
23 0.0003994656329 4.911462699E-05
23.2 0.000402908805 -3.275681342E-05
23.4 0.0004129089765 1.638527685E-05
23.6 0.0003999685271 8.196076374E-05
23.8 0.00040013644 8.199517212E-06
24 0.0004035856783 8.202960941E-06
24.2 0.0004004726891 2.731658982E-20
24.4 0.0003973570828 3.283942833E-05
24.6 0.0003909535324 4.106654752E-05
24.8 0.000384544594 1.643352966E-05
25 0.0003814183502 4.932133838E-05
25.2 0.000375 9.046052632E-05
25.4 0.0003652853833 7.404433446E-05
25.6 0.000355562579 -4.115307627E-05
25.8 0.0003524188449 -1.646817032E-05
26 0.0003492724589 1.647511598E-05
26.2 0.0003428270042 -5.768723629E-05
26.4 0.000346269523 -5.771158717E-05
26.6 0.0003497149493 2.474398226E-05
26.8 0.0003465621039 1.650295733E-05
27 0.0003500105664 -5.778476331E-05
27.2 0.0003501585624 2.477536998E-05
27.4 0.0003503066836 5.783365059E-05
27.6 0.0003471487516 -2.47963394E-05
27.8 0.0003506033023 -1.653789162E-05
28 0.0003507518001 1.654489623E-05
28.2 0.0003542108051 4.965572034E-05
28.4 0.000364296312 4.139730818E-05
28.6 0.0003611376166 3.313189143E-05
28.8 0.0003612908358 6.629189648E-05
29 0.0003581281834 8.290004244E-05
29.2 0.000354962845 8.293524416E-05
29.4 0.0003517948173 7.467342821E-05
29.6 0.0003453038674 4.980344241E-05
29.8 0.0003454506803 1.660820578E-05
30 0.00033895151 1.66152701E-05
30.2 0.0003424202128 -8.311170213E-06
30.4 0.0003458918689 1.662941677E-05
30.6 0.0003427118825 4.159124787E-05
30.8 0.0003362004687 -3.328717512E-05
31 0.0003363437766 -8.325341006E-06
31.2 0.0003231609808 3.331556503E-05
31.4 0.0003232988481 8.332444539E-06
31.6 0.0003234368331 1.667200171E-05
31.8 0.000323574936 8.339560205E-06
32 0.0003237131568 1.668624519E-05
32.2 0.0003205128205 -4.173344017E-05
32.4 0.0003173097478 -9.185282172E-05
32.6 0.000314103935 -3.341531223E-05
32.8 0.0003108953787 8.357402653E-06
33 0.0003110284675 -1.672196062E-05
33.2 0.0003111616702 -8.364561028E-05
33.4 0.0003079477292 -7.531330334E-05
33.6 0.0003114284183 8.371731676E-06
33.8 0.0003082118353 -8.375321612E-06
34 0.00031504719 -2.513674389E-05
34.2 0.0003185354077 -8.38251073E-06
34.4 0.0003220266209 -3.354443967E-05
34.6 0.0003255208333 -4.1948561E-05
34.8 0.000325660722 -3.357327031E-05
35 0.0003224419604 -3.358770421E-05
35.2 0.0003259408602 -8.400537634E-06
35.4 0.0003227194492 4.202076162E-05
35.6 0.0003161321567 3.36310805E-05
35.8 0.0003162683032 5.525877652E-21
36 0.000313038561 -1.683003016E-05
36.2 0.0003030711207 -3.367456897E-05
36.4 0.0002964639931 -3.368909013E-05
36.6 0.0002898511648 -4.212952977E-05
36.8 0.0002832326284 -1.685908502E-05
37 0.0002766083765 7.206581648E-22
37.2 0.0002699784017 1.687365011E-05
37.4 0.0002565903198 3.376188418E-05
37.6 0.0002465683096 -3.169545035E-21
37.8 0.0002399167388 -2.534331747E-05
38 0.0002332594115 2.535428386E-05
38.2 0.0002265963203 1.691017316E-05
38.4 0.0002233109571 -6.766998701E-05
38.6 0.000220022747 -4.231206672E-05
38.8 0.0002167316862 -3.386432596E-05
39 0.000213437771 -6.775802255E-05
39.2 0.0002135303688 -5.084056399E-05
39.4 0.0002102322049 -4.830510294E-21
39.6 0.0002035388624 -3.392314373E-05
39.8 0.0002138086447 -7.636023023E-05
40 0.0002172968275 -4.244078661E-05
40.2 0.0002173913043 -4.245923913E-05
40.4 0.0002140876468 -2.548662462E-05
40.6 0.000210781114 1.699847694E-05
40.8 0.0002074717022 2.550881585E-05
41 0.0002109647213 1.701328397E-05
41.2 0.0002144607843 8.510348584E-06
41.4 0.0002213655187 -1.702811683E-05
41.6 0.000224869167 -4.258885739E-05
41.8 0.0002283758726 -6.817190227E-05
42 0.0002352957224 -2.5575622E-05
42.2 0.0002388100437 -1.705786026E-05
42.4 0.000245740498 -6.826124945E-05
42.6 0.0002492624563 -8.53638549E-06
42.8 0.0002527874945 8.540118059E-06
43 0.0002563156168 -8.543853893E-06
43.2 0.0002598468271 4.273796499E-05
43.4 0.0002565400613 1.51947378E-20
43.6 0.0002532303986 -5.13304862E-05
43.8 0.0002499178352 1.711765995E-05
44 0.0002466023674 1.71251644E-05
44.2 0.0002467105263 -8.566337719E-06
44.4 0.0002399627029 6.670467993E-21
44.6 0.0002400680421 -5.144315189E-05
44.8 0.0002436045235 -2.57328722E-05
45 0.0002402789982 -1.716278559E-05
45.2 0.0002403846154 -6.009615385E-05
45.4 0.0002404903254 -2.576682058E-05
45.6 0.0002371590409 -1.718543775E-05
45.8 0.0002338248239 8.59650088E-06
46 0.0002304876706 2.580085865E-05
46.2 0.0002237059471 -1.720814978E-05
46.4 0.0002238045394 -2.582360071E-05
46.6 0.000213569224 -8.611662257E-06
46.8 0.0002067710631 8.615460962E-06
47 0.000199966902 8.619263019E-06
47.2 0.0001931567329 1.724613687E-05
47.4 0.0001759882951 3.450750883E-05
47.6 0.0001657092355 1.72613787E-05
47.8 0.0001588748895 8.634504863E-06
48 0.000152034498 -4.89462554E-21
48.2 0.0001451880531 2.592643805E-05
48.4 0.0001383355467 3.458388668E-05
48.6 0.0001314769708 8.649800709E-06
48.8 0.000121150864 -8.653633141E-06
49 0.0001108156028 -1.731493794E-05
49.2 9.700665188E-05 1.677836415E-20
49.4 9.011756877E-05 2.784333184E-21
49.6 7.975477142E-05 -2.600699068E-05
49.8 7.632104796E-05 -1.08380672E-20
50 7.288427366E-05 2.603009773E-05
50.2 6.597222222E-05 8.680555556E-06
50.4 6.252779013E-05 8.684415296E-06
50.6 5.908029359E-05 -8.68827847E-06
50.8 5.215287049E-05 -8.692145082E-06
51 4.521927872E-05 8.696015138E-06
51.2 4.523942094E-05 8.699888641E-06
51.4 4.177807487E-05 -8.703765597E-06
51.6 4.179670085E-05 -4.353823005E-05
51.8 4.181534344E-05 -6.969223907E-05
52 4.183400268E-05 -2.614625167E-05
52.2 4.185267857E-05 1.743861607E-05
52.4 4.187137115E-05 3.099104021E-21
52.6 4.538092046E-05 -2.618130027E-05
52.8 4.889360751E-05 -9.305624368E-21
53 5.240943649E-05 -1.746981216E-05
53.2 5.592841163E-05 -2.621644295E-05
53.4 5.945053715E-05 1.74854521E-05
53.6 5.947716077E-05 8.74664129E-06
53.8 6.300403226E-05 -3.500224014E-05
54 6.653406544E-05 -6.128137606E-05
54.2 7.006726457E-05 -2.627522422E-05
54.4 7.360363392E-05 -8.762337371E-06
54.6 7.363666966E-05 -4.383135099E-05
54.8 7.717781769E-05 -3.508082622E-05
55 7.721248877E-05 6.234406023E-21
55.2 7.724719101E-05 -1.755617978E-05
55.4 8.079473921E-05 -2.634611061E-05
55.6 8.083108412E-05 -1.757197481E-05
55.8 8.086746175E-05 -1.125172314E-20
56 7.386875281E-05 -8.793899145E-06
56.2 7.390202703E-05 -8.79786036E-06
56.4 7.393533123E-05 3.520730059E-05
56.6 7.396866546E-05 2.641738052E-05
56.8 7.752593595E-05 1.76195309E-05
57 7.756092058E-05 -1.69253933E-20
57.2 7.759593679E-05 -1.393550156E-21
57.4 7.410230352E-05 3.52868112E-05
57.6 7.413578852E-05 8.82568911E-06
57.8 7.770117541E-05 8.829679024E-06
58 8.126978743E-05 8.833672546E-06
58.2 8.130656109E-05 3.535067873E-05
58.4 8.134336804E-05 6.189169307E-05
58.6 8.138020833E-05 3.538269928E-05
58.8 7.787720888E-05 7.964714545E-05
59 7.791251133E-05 9.739063917E-05
59.2 8.503401361E-05 7.0861678E-05
59.4 8.507259528E-05 6.203210073E-05
59.6 8.865751248E-05 5.319450749E-05
59.8 9.224568574E-05 6.208844233E-05
60 9.228759655E-05 4.43690368E-05
60.2 9.588068182E-05 3.551136364E-05
60.4 9.592428377E-05 1.776375625E-05
60.6 9.596792539E-05 1.777183803E-05
60.8 9.956759217E-05 8.889963587E-06
61 9.96129326E-05 -1.778802368E-05
61.2 0.0001032175399 -6.322454582E-21
61.4 9.970373747E-05 1.780423883E-05
61.6 9.618673051E-05 2.671853625E-05
61.8 9.979470803E-05 3.564096715E-05
62 9.627453218E-05 4.457154267E-05
62.2 9.275114155E-05 3.567351598E-05
62.4 9.636249429E-05 -1.281437115E-20
62.6 9.283592322E-05 -6.248571755E-05
62.8 0.0001000228624 -8.930612711E-06
63 0.0001036424977 4.467349039E-05
63.2 0.0001036899314 8.938787185E-06
63.4 0.0001037374084 -1.018624477E-20
63.6 0.0001109425103 2.684092991E-05
63.8 0.0001145737855 -3.180061368E-21
64 0.0001182083906 -3.181519442E-21
64.2 0.0001218463303 6.271502294E-05
64.4 0.0001183168885 5.378040385E-05
64.6 0.0001147842057 8.96751607E-06
64.8 0.0001112482774 1.794327056E-05
65 0.0001077090993 8.975758272E-06
65.2 0.0001041666667 -6.28591954E-05
65.4 0.0001078081877 -5.390409384E-05
65.6 0.0001042625403 -8.988150023E-06
65.8 0.0001043105433 1.597351267E-21
66 0.0001007600184 -1.799286043E-05
66.2 0.0001008064516 -1.800115207E-05
66.4 0.0001008529276 1.599560605E-21
66.6 0.0001081065498 9.008879151E-06
66.8 0.0001117616521 9.013036456E-06
67 0.0001118132502 9.017197599E-06
67.2 0.0001118648961 -6.410063653E-21
67.4 0.0001155268022 -9.025531423E-06
67.6 0.000122803976 9.570310235E-22
67.8 0.0001192472248 3.613552266E-05
68 0.0001193024063 2.711418325E-05
68.2 0.000122974537 1.808449074E-05
68.4 0.0001266500695 -9.046433534E-06
68.6 0.0001375695088 -5.430375348E-05
68.8 0.0001448771442 -2.716446453E-05
69 0.0001485679499 -8.093643415E-21
69.2 0.000155887471 1.812645012E-05
69.4 0.0001632137883 9.067432683E-06
69.6 0.0001632895959 9.071644217E-06
69.8 0.0001706261617 -9.075859665E-06
70 0.0001743375174 -2.72402371E-05
70.2 0.0001744186047 -2.725290698E-05
70.4 0.000181770591 -5.453117729E-05
70.6 0.0001854923184 -1.818552142E-05
70.8 0.0001855787145 9.096995808E-06
71 0.000189305685 -1.820246971E-05
71.2 0.0001893939394 1.905449748E-20
71.4 0.0001894822761 1.821944963E-05
71.6 0.0001895706953 1.822795147E-05
71.8 0.0001860119048 -3.64729225E-05
72 0.0001897477814 -2.736746847E-05
72.2 0.0001861857477 -1.825350467E-05
72.4 0.0001899251987 -7.304815334E-05
72.6 0.0002046304958 -2.740586997E-05
72.8 0.0002010704258 1.827912962E-05
73 0.0002048220974 9.143843633E-06
73.2 0.000212236534 -3.659250585E-05
73.4 0.0002233188847 -3.660965323E-05
73.6 0.0002270862635 -5.494022504E-05
73.8 0.0002381859756 -5.496599437E-05
74 0.0002492961051 4.308039674E-21
74.2 0.0002494131455 9.169600939E-06
74.4 0.0002568694223 8.760308781E-21
74.6 0.0002680039944 -3.671287594E-05
74.8 0.0002681299953 -2.754760226E-05
75 0.0002645813735 -1.837370649E-05
75.2 0.0002683823529 -1.838235294E-05
75.4 0.0002721869115 1.839100753E-05
75.6 0.0002686351861 -1.839967028E-05
75.8 0.0002724434496 -1.840834119E-05
76 0.0002725719 1.841702027E-05
76.2 0.0002690153302 9.212853774E-06
76.4 0.0002765160453 1.843440302E-05
76.6 0.0002692693579 1.84431067E-05
76.8 0.0002693965517 9.225909306E-06
77 0.000265831758 -3.69210775E-05
77.2 0.0002770390071 -3.693853428E-05
77.4 0.000273474456 -3.695600757E-05
77.6 0.0002736038807 -3.69734974E-05
77.8 0.0002811316288 9.247750947E-06
78 0.0002701622454 -1.850426338E-05
78.2 0.0002702902844 -4.628258294E-05
78.4 0.0002778271693 -2.778271693E-05
78.6 0.0002816650854 -1.853059772E-05
78.8 0.0002855066445 -9.269696251E-06
79 0.0002856422127 -9.274097816E-06
79.2 0.0002932007126 9.495330829E-21
79.4 0.0002896269011 -9.282913498E-06
79.6 0.000289764622 -1.857465525E-05
79.8 0.0002861857755 -9.291745956E-06
80 0.0002937589243 -2.788850547E-05
80.2 0.0002976190476 -4.650297619E-05
80.4 0.0002977608385 -7.444020962E-05
80.6 0.0003016265491 -7.447569113E-05
80.8 0.0003054959466 -3.725560324E-05
81 0.0003056416985 -7.392738059E-21
81.2 0.0003057875895 -2.796837709E-05
81.4 0.0003096645177 -4.663622254E-05
81.6 0.0003135451505 -3.732680363E-05
81.8 0.0003136950287 -4.668080784E-05
82 0.0003138450502 -5.604375897E-05
82.2 0.0003177332536 -3.738038278E-05
82.4 0.0003178853518 -2.804870752E-05
82.6 0.0003180375958 -5.612428161E-05
82.8 0.0003219333972 -3.743411596E-05
83 0.0003183425216 -2.808904602E-05
83.2 0.0003184952038 -4.296382404E-21
83.4 0.0003186480326 3.631533639E-21
83.6 0.0003188010082 -1.875300048E-05
83.8 0.0003152017291 -2.814301153E-05
84 0.0003115989909 -2.815653532E-05
84.2 0.0003117487981 -9.390024038E-06
84.4 0.0003043831169 -1.878908129E-05
84.6 0.0003007699711 -0
84.8 0.0002971533462 -1.880717381E-05
85 0.000293533237 -1.881623314E-05
85.2 0.0002899096386 2.823795181E-05
85.4 0.0002862825458 3.766875603E-05
85.6 0.0002826519537 1.884346358E-05
85.8 0.0002790178571 -2.827883687E-05
86 0.0002791525833 -2.829249155E-05
86.2 0.000275513285 -3.774154589E-05
86.4 0.0002718704688 -5.663968101E-05
86.6 0.0002720019342 -2.833353482E-05
86.8 0.0002683538945 9.449080793E-06
87 0.0002647023233 9.453654405E-06
87.2 0.0002610472155 9.458232446E-06
87.4 0.0002611736919 1.892562984E-05
87.6 0.0002537263694 2.840220553E-05
87.8 0.0002500606208 1.894398642E-05
88 0.0002463913149 -1.895317807E-05
88.2 0.0002427184466 1.955027405E-20
88.4 0.0002428363283 -9.485794075E-06
88.6 0.0002429543246 -3.796161322E-05
88.8 0.0002430724356 -9.495017015E-06
89 0.0002431906615 3.072977267E-20
89.2 0.0002433090024 -9.504257908E-06
89.4 0.0002396239046 9.508885102E-06
89.6 0.0002397406235 -9.513516805E-06
89.8 0.0002436647173 -1.076579718E-20
90 0.0002437835202 9.522793759E-06
90.2 0.000243902439 -9.488839788E-22
90.4 0.0002440214739 7.364625749E-21
90.6 0.000244140625 -6.099614117E-21
90.8 0.0002404433317 -9.541402052E-06
91 0.0002367424242 -1.909213099E-05
91.2 0.0002292176039 -9.550733496E-06
91.4 0.0002255075832 1.911081213E-05
91.6 0.0002217939305 4.780041605E-05
91.8 0.0002180766405 2.869429481E-05
92 0.0002105279275 1.91389025E-05
92.2 0.0002029718137 -9.574142157E-06
92.4 0.0001954082884 -4.789418833E-05
92.6 0.0001878373405 -9.583537782E-06
92.8 0.0001802589593 4.794121257E-05
93 0.0001726731336 2.87788556E-05
93.2 0.0001650798526 -2.879299754E-05
93.4 0.0001574791052 -3.840953786E-05
93.6 0.0001498708805 9.607107723E-06
93.8 0.0001422551673 2.883550689E-05
94 0.0001346319547 2.884970458E-05
94.2 0.0001231527094 -4.469507274E-21
94.4 0.0001116621488 -3.850418926E-05
94.6 0.0001001602564 -2.889238166E-05
94.8 9.635545141E-05 -9.635545141E-06
95 9.254689042E-05 -9.640301086E-06
95.2 8.87345679E-05 8.011656657E-21
95.4 8.105854743E-05 9.649827075E-06
95.6 8.109861592E-05 1.930919427E-05
95.8 8.113872404E-05 -1.931874382E-05
96 8.504453241E-05 -4.832075705E-05
96.2 8.895420792E-05 -1.933787129E-05
96.4 9.286775632E-05 -4.836862308E-05
96.6 9.291377602E-05 -1.935703667E-05
96.8 9.683316807E-05 7.077933033E-21
97 0.0001046316964 -9.68812004E-06
97.2 0.000108560794 -9.69292804E-06
97.4 0.0001086146971 -1.939548163E-05
97.6 0.0001086686538 1.940511674E-05
97.8 0.000108722664 9.707380716E-06
98 0.000108776728 9.712207857E-06
98.2 0.0001088308458 9.717039801E-06
98.4 0.0001088850174 -1.944375311E-05
98.6 0.000108939243 6.612646692E-21
98.8 0.0001051008969 2.919469357E-05
99 0.0001051532901 9.736415753E-06
99.2 0.0001052057357 -9.74127182E-06
99.4 0.0001130551397 9.746132735E-06
99.6 0.0001131115826 4.875499251E-05
99.8 0.0001131680819 8.780282218E-05
100 0.0001132246377 6.832521239E-05
100.2 0.00011328125 1.953125E-05
100.4 0.000113337919 9.770510255E-06
100.6 0.0001173048048 -2.443073384E-20
100.8 0.0001212756635 -1.956059089E-05
101 0.000125250501 -2.935558617E-05
101.2 0.0001292293233 9.790100251E-06
101.4 0.0001371301404 2.938503009E-05
101.6 0.0001411189162 7.798353193E-21
101.8 0.0001451116968 -1.968158797E-20
102 0.0001491084882 1.961953792E-05
102.2 0.0001531092965 3.925879397E-05
102.4 0.0001531862745 9.819632981E-06
102.6 0.00015326333 1.964914487E-05
102.8 0.0001572722698 9.82951686E-06
103 0.0001652190332 -1.080844162E-20
103.2 0.0001692380353 1.967884131E-05
103.4 0.0001732610887 9.84438004E-06
103.6 0.0001772881997 9.849344428E-06
103.8 0.0001813193744 9.854313824E-06
104 0.0001853546189 2.049568548E-20
104.2 0.0001893939394 9.864267677E-06
104.4 0.0001934373421 6.269800235E-21
104.6 0.0001974848332 -9.874241658E-06
104.8 0.0002015364188 -8.173458341E-21
105 0.0002055921053 -1.976847166E-05
105.2 0.0002056962025 -1.977848101E-05
105.4 0.0002058004053 -1.978850051E-05
105.6 0.0002059047136 -3.959706031E-05
105.8 0.0002060091278 -4.952142495E-05
106 0.0002061136479 -3.963723998E-05
106.2 0.0002062182741 -2.97430203E-05
106.4 0.0002063230066 -9.919375317E-06
106.6 0.0002103976118 -5.018715698E-21
106.8 0.0002105045755 -2.978838332E-05
107 0.0002145854527 -2.98035351E-05
107.2 0.0002186704835 -9.93956743E-06
107.4 0.0002227596741 -9.94462831E-06
107.6 0.0002228731533 -2.027749691E-20
107.8 0.0002229867482 9.954765545E-06
108 0.0002231004589 2.987952575E-05
108.2 0.0002232142857 -9.964923469E-06
108.4 0.0002233282287 -3.988004084E-05
108.6 0.0002274323289 -2.992530644E-05
108.8 0.0002275485437 -9.980199285E-06
109 0.0002276648773 9.985301636E-06
109.2 0.0002277813299 -1.998081841E-05
109.4 0.0002278979017 -9.995522006E-06
109.6 0.0002280145929 3.311366736E-21
109.8 0.0002241290984 -1.000576332E-05
110 0.000216235264 1.001089185E-05
110.2 0.0002123397436 -1.001602564E-05
110.4 0.0002124486916 9.432025708E-21
110.6 0.0002125577515 2.005261807E-05
110.8 0.0002126669235 -1.003145865E-05
111 0.000216790853 2.007322713E-05
111.2 0.0002209190231 1.004177378E-05
111.4 0.0002250514403 -5.02346965E-05
111.6 0.0002251672671 -4.020844056E-05
111.8 0.0002293061277 -3.017185891E-05
112 0.000233449253 -4.02498712E-05
112.2 0.0002375966495 -3.020296392E-05
112.4 0.0002417483239 -2.014569366E-05
112.6 0.000241873065 -2.015608875E-05
112.8 0.000241997935 -2.016649458E-05
113 0.0002461583161 -1.008845558E-05
113.2 0.000242248062 1.009366925E-05
113.4 0.0002423733195 2.019777663E-05
113.6 0.0002424987067 1.010411278E-05
113.8 0.0002466679607 2.02186853E-05
114 0.0002467957017 -1.106057561E-20
114.2 0.0002428756477 -2.023963731E-05
114.4 0.0002430015552 -1.01250648E-05
114.6 0.0002431275934 -3.039094917E-05
114.8 0.0002473079917 -4.054229372E-05
115 0.0002474363967 -2.028167186E-05
115.2 0.0002475649351 2.317027551E-20
115.4 0.0002476936071 3.692114891E-20
115.6 0.0002478224129 2.031331253E-05
115.8 0.0002479513528 -1.016194069E-05
116 0.0002480804269 -4.066892244E-05
116.2 0.0002482096354 -3.051757813E-05
116.4 0.0002442678478 -2.035565399E-05
116.6 0.0002403219499 1.018313347E-05
116.8 0.0002363719353 -2.037689098E-05
117 0.0002364953027 -1.019376305E-05
117.2 0.000236618799 1.019908616E-05
117.4 0.0002367424242 -1.020441484E-05
117.6 0.0002368661788 -1.020974909E-05
117.8 0.0002369900628 6.954041826E-21
118 0.0002371140764 1.022043433E-05
118.2 0.0002372382199 1.022578534E-05
118.4 0.0002373624935 -2.046228392E-05
118.6 0.0002374868973 -5.118252096E-05
118.8 0.0002458049292 -2.04837441E-05
119 0.000245933893 -2.221097854E-20
119.2 0.0002460629921 1.025262467E-05
119.4 0.0002461922269 2.051601891E-05
119.6 0.0002422162375 1.026339989E-05
119.8 0.0002382360673 4.3496469E-21
120 0.0002342517096 2.054839558E-05
120.2 0.0002302631579 3.083881579E-05
120.4 0.0002262704055 -2.693762997E-21
120.6 0.0002222734457 5.332608938E-21
120.8 0.0002141539273 1.029586189E-05
121 0.0002142668776 -2.060258439E-05
121.2 0.0002102572559 -1.030672823E-05
121.4 0.0002062434002 1.031217001E-05
121.6 0.0002022253038 2.063523508E-05
121.8 0.0001940737315 1.032307082E-05
122 0.0001983077737 -3.098558964E-05
122.2 0.0001942791005 -2.066798942E-05
122.4 0.000190246162 -1.033946533E-05
122.6 0.0001862089513 7.456517503E-21
122.8 0.0001821674616 1.035042395E-05
123 0.0001781216861 1.035591198E-05
123.2 0.000174071618 3.108421751E-05
123.4 0.0001700172505 2.073381104E-05
123.6 0.0001659585767 1.037241105E-05
123.8 0.0001618955898 3.113376727E-05
124 0.0001578282828 1.038343966E-05
124.2 0.0001496010638 3.11668883E-05
124.4 0.0001455228845 4.1577967E-05
124.6 0.0001414403621 1.040002662E-05
124.8 0.0001373534896 3.121670218E-05
125 0.0001332622601 5.205557036E-05
125.2 0.0001291666667 5.208333333E-05
125.4 0.0001292355923 3.126667556E-05
125.6 0.0001251334757 3.128336893E-05
125.8 0.0001210269765 5.216680021E-05
126 0.0001169160877 4.175574559E-05
126.2 0.0001128008021 2.088903743E-05
126.4 0.0001086811129 1.045010701E-05
126.6 0.0001045570128 1.045570128E-05
126.8 0.0001004284949 3.138390466E-05
127 9.629555198E-05 4.18676313E-05
127.2 9.215817694E-05 3.141756032E-05
127.4 8.801636266E-05 3.143441524E-05
127.6 8.387010199E-05 5.241881374E-05
127.8 7.971938776E-05 2.097878625E-05
128 7.556421279E-05 -2.099005911E-05
128.2 7.140456989E-05 -1.050067204E-05
128.4 6.724045186E-05 1.814822837E-20
128.6 6.307185145E-05 -1.051197524E-05
128.8 5.889876144E-05 -1.051763597E-05
129 5.472117457E-05 -1.05233028E-05
129.2 5.053908356E-05 -2.105795148E-05
129.4 4.635248112E-05 -2.10693096E-05
129.6 4.216135996E-05 -1.054033999E-05
129.8 3.796571274E-05 -1.158189111E-20
130 3.376553214E-05 -2.110345759E-05
130.2 2.956081081E-05 -4.222972973E-05
130.4 2.535154137E-05 -2.112628448E-05
130.6 2.113771645E-05 -1.056885823E-05
130.8 1.691932864E-05 -3.17237412E-05
131 1.269637053E-05 -3.174092633E-05
131.2 8.468834688E-06 -1.058604336E-05
131.4 4.236713666E-06 -1.059178416E-05
131.6 4.23901248E-06 -2.11950624E-05
131.8 4.241313789E-06 -2.120656895E-05
132 4.243617599E-06 -3.182713199E-05
132.2 4.245923913E-06 -4.245923913E-05
132.4 4.248232735E-06 -3.186174551E-05
132.6 0 -3.187908052E-05
132.8 4.252857921E-06 -4.252857921E-05
133 4.255174292E-06 -3.191380719E-05
133.2 4.257493188E-06 -2.128746594E-05
133.4 4.259814613E-06 -1.064953653E-05
133.6 4.262138571E-06 -4.619253825E-21
133.8 4.264465066E-06 3.750384516E-21
134 4.266794102E-06 -1.066698525E-05
134.2 4.269125683E-06 1.067281421E-05
134.4 4.271459814E-06 2.135729907E-05
134.6 4.273796499E-06 1.068449125E-05
134.8 4.276135742E-06 1.069033935E-05
135 4.278477547E-06 -1.069619387E-05
135.2 4.280821918E-06 -1.070205479E-05
135.4 4.28316886E-06 2.11165448E-20
135.6 4.285518376E-06 -2.563436701E-21
135.8 4.287870472E-06 -1.019158136E-20
136 4.290225151E-06 1.072556288E-05
136.2 0 -5.17482409E-22
136.4 4.294942276E-06 -2.147471138E-05
136.6 4.29730473E-06 -2.148652365E-05
136.8 4.299669785E-06 -1.074917446E-05
137 4.302037445E-06 -1.075509361E-05
137.2 4.304407713E-06 -1.076101928E-05
137.4 4.306780595E-06 -2.153390298E-05
137.6 4.309156095E-06 -2.154578047E-05
137.8 4.311534216E-06 2.155767108E-05
138 4.313914964E-06 2.156957482E-05
138.2 4.316298343E-06 -1.079074586E-05
138.4 8.637368712E-06 1.062557923E-20
138.6 4.321073009E-06 2.160536504E-05
138.8 4.323464305E-06 1.080866076E-05
139 4.32585825E-06 -2.162929125E-05
139.2 4.328254848E-06 -2.164127424E-05
139.4 4.330654102E-06 -5.082499169E-21
139.6 4.333056018E-06 1.083264004E-05
139.8 4.335460599E-06 2.1677303E-05
140 4.337867851E-06 7.085223097E-21
140.2 4.340277778E-06 -1.085069444E-05
140.4 0 -1.085672596E-05
140.6 0 -3.258829255E-05
140.8 0 -3.260642738E-05
141 4.349944321E-06 -3.262458241E-05
141.2 4.352367688E-06 -3.264275766E-05
141.4 4.354793757E-06 1.088698439E-05
141.6 4.357222532E-06 4.357222532E-05
141.8 4.359654018E-06 3.269740513E-05
142 8.724176438E-06 1.090522055E-05
142.2 1.309357542E-05 1.091131285E-05
142.4 1.746785914E-05 3.275223589E-05
142.6 2.184703579E-05 4.369407159E-05
142.8 2.62311136E-05 3.2788892E-05
143 3.062010078E-05 3.19412383E-21
143.2 3.06372549E-05 1.094187675E-05
143.4 3.065442825E-05 4.379204036E-05
143.6 3.067162086E-05 5.477075154E-05
143.8 3.068883277E-05 6.576178451E-05
144 3.070606401E-05 2.193290286E-05
144.2 2.633426966E-05 1.097261236E-05
144.4 2.195756043E-05 6.587268128E-05
144.6 1.318194601E-05 5.492477503E-05
144.8 8.792909398E-06 2.198227349E-05
145 4.39893018E-06 2.19946509E-05
145.2 0 2.793592211E-22
145.4 0 -1.100972379E-05
145.6 0 8.220841779E-21
145.8 0 5.106422793E-21
146 0 2.241573401E-21
146.2 0 8.30213637E-21
146.4 0 1.104084228E-05
146.6 4.418834842E-06 1.10470871E-05
146.8 8.842671194E-06 2.210667799E-05
147 8.847678369E-06 3.317879388E-05
147.2 8.852691218E-06 2.213172805E-05
147.4 8.857709751E-06 4.428854875E-05
147.6 8.862733976E-06 3.323525241E-05
147.8 8.867763905E-06 1.108470488E-05
148 8.872799546E-06 2.218199886E-05
148.2 8.877840909E-06 2.219460227E-05
148.4 8.882888005E-06 4.441444002E-05
148.6 8.887940842E-06 4.443970421E-05
148.8 8.892999431E-06 2.223249858E-05
149 8.898063781E-06 -1.75247904E-20
149.2 8.903133903E-06 -3.338675214E-05
149.4 8.908209806E-06 -2.227052452E-05
149.6 8.9132915E-06 2.228322875E-05
149.8 8.918378995E-06 2.229594749E-05
150 4.461736151E-06 1.115434038E-05
150.2 0 -2.232142857E-05
150.4 0 -2.233419097E-05
150.6 0 2.234696796E-05
150.8 4.471951918E-06 -1.117987979E-05
151 8.949026346E-06 -3.35588488E-05
151.2 8.954154728E-06 -2.238538682E-05
151.4 8.959288991E-06 -1.119911124E-05
151.6 8.964429145E-06 1.120553643E-05
151.8 8.969575201E-06 -6.352862094E-21
152 8.974727168E-06 -1.121840896E-05
152.2 4.489942529E-06 -2.244971264E-05
152.4 0 -3.369393329E-05
152.6 0 3.174834757E-21
152.8 0 1.124424295E-05
153 4.500288018E-06 -1.125072005E-05
153.2 9.005763689E-06 -1.125720461E-05
153.4 9.010957324E-06 -1.126369666E-05
153.6 4.508078477E-06 -2.254039238E-05
153.8 0 -2.255340647E-05
154 0 -3.274297157E-20
154.2 0 1.128973988E-05
154.4 0 1.277567322E-20
154.6 0 6.040716173E-21
154.8 0 -3.206771359E-21
155 0 -1.131590382E-05
155.2 0 -3.39673913E-05
155.4 0 -3.398709397E-05
155.6 0 -3.40068195E-05
155.8 0 -3.402656794E-05
156 0 -1.134877978E-05
156.2 0 -4.927113123E-21
156.4 0 -1.136198371E-05
156.6 0 -3.410579162E-05
156.8 0 -5.687609202E-05
157 0 -2.276369464E-05
157.2 0 -3.41654519E-05
157.4 0 -6.837077013E-05
157.6 0 -2.2803561E-05
157.8 0 1.140844042E-05
158 0 1.141510812E-05
158.2 4.56871345E-06 -2.284356725E-05
158.4 9.142773552E-06 -3.428540082E-05
158.6 9.148126464E-06 -1.143515808E-05
158.8 9.153485647E-06 -1.144185706E-05
159 9.158851114E-06 2.289712778E-05
159.2 9.164222874E-06 3.436583578E-05
159.4 9.169600939E-06 2.292400235E-05
159.6 9.17498532E-06 2.29374633E-05
159.8 9.180376028E-06 1.137283945E-20
160 4.592886537E-06 1.148221634E-05
160.2 4.595588235E-06 2.297794118E-05
160.4 9.196586227E-06 2.299146557E-05
160.6 9.202002356E-06 3.450750883E-05
160.8 9.207424867E-06 2.301856217E-05
161 9.212853774E-06 -6.345552711E-21
161.2 4.609144543E-06 4.609144543E-05
161.4 0 4.611865407E-05
161.6 0 1.153647372E-05
161.8 0 4.617316785E-05
162 0 5.775059137E-05
162.2 0 5.778476331E-05
162.4 4.625518058E-06 1.156379515E-05
162.6 9.256516588E-06 -4.854298645E-21
162.8 1.389300533E-05 2.315500889E-05
163 1.853499407E-05 3.475311388E-05
163.2 2.318249258E-05 5.795623145E-05
163.4 2.319625891E-05 5.799064727E-05
163.6 2.321004159E-05 8.123514557E-05
163.8 2.322384067E-05 5.805960166E-05
164 2.323765616E-05 3.485648424E-05
164.2 2.32514881E-05 1.162574405E-05
164.4 2.326533651E-05 1.546065758E-20
164.6 2.327920143E-05 3.491880215E-05
164.8 2.329308289E-05 5.823270722E-05
165 2.796837709E-05 6.992094272E-05
165.2 3.264925373E-05 2.332089552E-05
165.4 3.733572282E-05 -1.166741338E-05
165.6 4.202779438E-05 -1.167438733E-05
165.8 4.205293062E-05 4.672547847E-05
166 4.207809695E-05 8.181852184E-05
166.2 3.74251497E-05 2.339071856E-05
166.4 3.276662672E-05 2.340473337E-05
166.6 2.810251799E-05 3.512814748E-05
166.8 1.874625075E-05 1.171640672E-05
167 1.8757503E-05 -2.344687875E-05
167.2 2.346096096E-05 -1.992517787E-21
167.4 2.817007212E-05 1.173753005E-05
167.6 2.818701143E-05 -2.348917619E-05
167.8 3.290463297E-05 2.350330927E-05
168 3.762793498E-05 3.527618904E-05
168.2 3.765060241E-05 -3.529743976E-05
168.4 3.296413502E-05 -5.886452682E-05
168.6 2.827201448E-05 -2.356001206E-05
168.8 2.828907664E-05 -1.178711527E-05
169 2.830615942E-05 2.358846618E-05
169.2 2.360271903E-05 5.900679758E-05
169.4 2.361698912E-05 1.180849456E-05
169.6 1.890502117E-05 -1.181563823E-05
169.8 1.418734867E-05 -1.182279056E-05
170 9.463961236E-06 -3.548985463E-05
170.2 4.734848485E-06 -3.702530321E-22
170.4 0 1.184429958E-05
170.6 0 -1.185148665E-05
170.8 0 5.929341226E-05
171 0 9.492709599E-05
171.2 0 8.311170213E-05
171.4 0 5.940161192E-05
171.6 0 -1.981480212E-20
171.8 0 -1.189479294E-05
172 0 1.190204144E-05
172.2 0 1.190929878E-05
172.4 0 1.191656498E-05
172.6 0 2.38476801E-05
172.8 4.772449603E-06 2.386224801E-05
173 4.775366748E-06 5.969208435E-05
173.2 4.778287462E-06 8.362003058E-05
173.4 4.78121175E-06 3.585908813E-05
173.6 4.78413962E-06 3.588104715E-05
173.8 4.787071078E-06 4.787071078E-05
174 4.790006131E-06 -1.197501533E-05
174.2 4.792944785E-06 -2.396472393E-05
174.4 4.795887047E-06 -5.994858809E-05
174.6 4.798832924E-06 -7.198249386E-05
174.8 4.801782422E-06 -1.200445605E-05
175 4.804735547E-06 4.804735547E-05
175.2 4.807692308E-06 2.403846154E-05
175.4 4.810652709E-06 -2.449896307E-20
175.6 4.813616759E-06 3.610212569E-05
175.8 4.816584464E-06 1.204146116E-05
176 9.639111659E-06 -3.614666872E-05
176.2 9.645061728E-06 -2.411265432E-05
176.4 9.651019148E-06 2.412754787E-05
176.6 9.656983931E-06 -1.207122991E-05
176.8 9.662956092E-06 -4.831478046E-05
177 9.668935644E-06 -3.625850866E-05
177.2 9.674922601E-06 -2.41873065E-05
177.4 9.680916976E-06 -4.840458488E-05
177.6 9.686918785E-06 -6.054324241E-05
177.8 9.69292804E-06 -7.26969603E-05
178 9.698944755E-06 -8.48657666E-05
178.2 4.852484472E-06 -4.852484472E-05
178.4 4.855500311E-06 -8.497125544E-05
178.6 9.717039801E-06 -7.287779851E-05
178.8 0 -2.430771624E-05
179 9.729140722E-06 -2.432285181E-05
179.2 1.460280374E-05 1.216900312E-05
179.4 1.461190773E-05 -1.976226668E-20
179.6 9.747348721E-06 -6.092092951E-05
179.8 4.876716604E-06 -2.438358302E-05
180 4.879762648E-06 -1.219940662E-05
180.2 4.8828125E-06 -1.220703125E-05
180.4 4.885866166E-06 8.221055659E-21
180.6 4.888923655E-06 -3.666692741E-05
180.8 4.891984972E-06 1.222996243E-05
181 0 6.118812657E-05
181.2 0 6.122648903E-05
181.4 0 1.662067117E-21
181.6 4.904268675E-06 2.452134338E-05
181.8 4.907349246E-06 6.134186558E-05
182 4.91043369E-06 -1.227608422E-05
182.2 4.913522013E-06 -1.228380503E-05
182.4 4.916614223E-06 -1.170150572E-20
182.6 4.919710327E-06 -1.229927582E-05
182.8 4.922810334E-06 -1.230702583E-05
183 4.92591425E-06 -2.462957125E-05
183.2 4.929022082E-06 -2.464511041E-05
183.4 4.932133838E-06 -4.932133838E-05
183.6 4.935249526E-06 -2.467624763E-05
183.8 4.938369153E-06 -3.703776865E-05
184 4.941492726E-06 -7.412239089E-05
184.2 4.944620253E-06 -4.944620253E-05
184.4 4.947751742E-06 -1.236937935E-05
184.6 4.950887199E-06 2.475443599E-05
184.8 4.954026633E-06 -2.477013316E-05
185 4.957170051E-06 -2.478585025E-05
185.2 4.96031746E-06 -1.240079365E-05
185.4 4.963468869E-06 1.240867217E-05
185.6 4.966624285E-06 6.208280356E-05
185.8 4.969783715E-06 2.484891858E-05
186 4.972947167E-06 1.243236792E-05
186.2 4.97611465E-06 -1.244028662E-05
186.4 4.97928617E-06 -4.97928617E-05
186.6 4.982461735E-06 -3.736846301E-05
186.8 0 -1.246410338E-05
187 0 -3.741618774E-05
187.2 0 -2.49600639E-05
187.4 0 1.248801151E-05
187.6 0 -4.998400512E-05
187.8 5.001600512E-06 -8.752800896E-05
188 5.004804612E-06 -7.507206919E-05
188.2 0 -3.756009615E-05
188.4 0 1.252806286E-05
188.6 0 1.253610398E-05
188.8 5.017662171E-06 -2.508831085E-05
189 5.020886889E-06 -3.492487994E-20
189.2 5.024115756E-06 -3.12538476E-21
189.4 5.027348777E-06 -1.256837194E-05
189.6 0 -1.257646491E-05
189.8 5.03382732E-06 -1.25845683E-05
190 5.037072856E-06 5.622535367E-21
190.2 5.040322581E-06 -7.560483871E-05
190.4 5.043576501E-06 -6.304470626E-05
190.6 5.046834625E-06 -1.497996228E-21
190.8 5.050096962E-06 1.26252424E-05
191 0 3.790022639E-05
191.2 0 2.528317152E-05
191.4 0 -1.264977332E-05
191.6 0 1.265797148E-05
191.8 0 3.799854086E-05
192 0 1.267439974E-05
192.2 0 1.670669711E-20
192.4 0 -1.26908707E-05
192.6 0 -1.269912224E-05
192.8 0 1.919216695E-20
193 0 5.113117007E-20
193.2 0 1.272394137E-05
193.4 0 1.273223598E-05
193.6 0 -2.548108284E-05
193.8 0 -5.099543081E-05
194 0 -1.275718485E-05
194.2 0 -2.427578641E-20
194.4 0 -2.554774362E-05
194.6 0 -1.278223168E-05
194.8 0 4.246375318E-21
195 0 -1.036083276E-20
195.2 0 1.18775075E-20
195.4 0 2.563156168E-05
195.6 0 3.8472587E-05
195.8 0 1.283262155E-05
196 0 -1.284105851E-05
196.2 0 -3.854851974E-05
196.4 0 -1.285796577E-05
196.6 0 -2.386997742E-20
196.8 0 1.28749176E-05
197 0 6.441705145E-05
197.2 0 2.578382838E-05
197.4 0 -3.870128798E-05
197.6 0 -3.872686715E-05
197.8 0 -2.166070597E-20
198 0 -2.585208471E-05
198.2 0 -3.880380795E-05
198.4 0 -3.882952286E-05
198.6 0 -3.885527188E-05
198.8 0 -5.184140677E-05
199 0 -6.484478752E-05
199.2 0 -1.297757475E-05
199.4 0 -2.597240691E-05
199.6 0 -3.898453094E-05
199.8 0 1.300349534E-05
200 0 1.301215856E-05
200.2 0 -3.90625E-05
200.4 0 -3.908855904E-05
200.6 0 -1.303821762E-05
200.8 0 1.304692719E-05
201 0 2.611129679E-05
201.2 0 2.858639659E-20
201.4 0 -1.826354936E-21
201.6 0 -1.308188212E-05
201.8 0 -2.618130027E-05
202 0 3.929828974E-05
202.2 0 5.243288591E-05
202.4 0 -1.311702485E-05
202.6 0 -2.625168011E-05
202.8 0 1.313466711E-05
203 0 1.314350606E-05
203.2 0 -6.839315838E-21
203.4 0 2.632243935E-05
203.6 0 3.951028321E-05
203.8 0 2.635796221E-05
204 0 2.637575962E-05
204.2 0 3.959037162E-05
204.4 0 5.282285328E-05
204.6 0 2.642929635E-05
204.8 0 -1.322359513E-05
205 5.29302168E-06 -2.64651084E-05
205.2 5.296610169E-06 -2.648305085E-05
205.4 5.300203528E-06 1.325050882E-05
205.6 5.303801765E-06 5.303801765E-05
205.8 5.307404891E-06 3.980553668E-05
206 5.311012916E-06 1.327753229E-05
206.2 5.31462585E-06 1.328656463E-05
206.4 5.318243703E-06 2.659121852E-05
206.6 5.321866485E-06 1.330466621E-05
206.8 5.325494206E-06 -1.331373551E-05
207 5.329126876E-06 1.332281719E-05
207.2 5.332764505E-06 5.332764505E-05
207.4 5.336407104E-06 5.336407104E-05
207.6 5.340054682E-06 1.335013671E-05
207.8 5.34370725E-06 -1.167891433E-20
208 5.347364819E-06 -1.037193281E-20
208.2 5.351027397E-06 -1.337756849E-05
208.4 5.354694997E-06 1.338673749E-05
208.6 5.358367627E-06 2.679183813E-05
208.8 5.362045299E-06 -1.340511325E-05
209 5.365728022E-06 -2.682864011E-05
209.2 5.369415808E-06 -1.342353952E-05
209.4 5.373108666E-06 -1.343277166E-05
209.6 0 -2.688403304E-05
209.8 0 -5.380509642E-05
210 0 -2.69210889E-05
210.2 0 1.346982759E-05
210.4 0 1.347912353E-05
210.6 0 1.348843232E-05
210.8 0 3.662185615E-21
211 0 2.701417704E-05
211.2 5.406574394E-06 8.109861592E-05
211.4 0 4.05773892E-05
211.6 5.414067914E-06 2.707033957E-05
211.8 1.083564494E-05 2.708911234E-05
212 1.62647467E-05 -2.710791117E-05
212.2 2.170138889E-05 -4.069010417E-05
212.4 2.714558721E-05 9.174613933E-21
212.6 2.716446453E-05 -2.201855231E-20
212.8 3.262004175E-05 -4.077505219E-05
213 3.808321727E-05 -4.080344708E-05
213.2 4.355400697E-05 -1.361062718E-05
213.4 4.358437936E-05 -1.362011855E-05
213.6 4.361479414E-05 -1.947995472E-21
213.8 4.36452514E-05 1.363914106E-05
214 4.367575122E-05 -3.195917907E-20
214.2 4.370629371E-05 1.365821678E-05
214.4 4.373687894E-05 1.366777467E-05
214.6 4.3767507E-05 -2.735469188E-05
214.8 4.3798178E-05 -5.474772249E-05
215 4.382889201E-05 -5.478611501E-05
215.2 4.385964912E-05 -2.74122807E-05
215.4 4.389044944E-05 1.371576545E-05
215.6 4.392129304E-05 2.745080815E-05
215.8 4.395218003E-05 -1.373505626E-05
216 4.398311049E-05 -4.123416608E-05
216.2 4.401408451E-05 -1.375440141E-05
216.4 4.404510218E-05 -4.12922833E-05
216.6 4.407616361E-05 -5.509520451E-05
216.8 4.410726888E-05 -1.378352152E-05
217 4.413841808E-05 -5.51730226E-05
217.2 4.416961131E-05 -6.901501767E-05
217.4 4.420084866E-05 -4.143829562E-05
217.6 4.423213022E-05 -4.146762208E-05
217.8 4.426345609E-05 -2.766466006E-05
218 4.429482636E-05 -4.152639972E-05
218.2 4.432624113E-05 -4.155585106E-05
218.4 4.43577005E-05 -1.386178141E-05
218.6 4.438920455E-05 7.968848565E-21
218.8 4.442075338E-05 -3.324444103E-20
219 4.445234708E-05 -1.389135846E-05
219.2 5.004448399E-05 -4.170373665E-05
219.4 5.008012821E-05 -2.782229345E-05
219.6 5.011582324E-05 1.285896233E-20
219.8 5.015156919E-05 -1.393099144E-05
220 5.018736617E-05 9.905630127E-21
220.2 5.022321429E-05 4.185267857E-05
220.4 5.025911365E-05 2.792172981E-05
220.6 5.029506438E-05 -1.535508191E-20
220.8 5.033106657E-05 1.398085183E-05
221 5.036712034E-05 -4.508345888E-21
221.2 5.040322581E-05 -1.400089606E-05
221.4 5.043938307E-05 -1.401093974E-05
221.6 5.047559225E-05 -2.804199569E-05
221.8 5.051185345E-05 -5.612428161E-05
222 5.054816679E-05 -7.02057872E-05
222.2 5.058453237E-05 -2.810251799E-05
222.4 5.062095032E-05 -1.406137509E-05
222.6 5.065742075E-05 6.432373617E-21
222.8 4.506128335E-05 1.408165105E-05
223 3.945707071E-05 1.409181097E-05
223.2 3.384476534E-05 2.820397112E-05
223.4 2.822434971E-05 4.233652457E-05
223.6 2.259580622E-05 8.473427332E-05
223.8 1.695911722E-05 2.826519537E-05
224 1.131426503E-05 -2.828566256E-05
224.2 5.661231884E-06 2.830615942E-05
224.4 0 1.4163343E-05
224.6 0 -1.417362119E-05
224.8 0 3.077124603E-21
225 0 2.166328561E-20
225.2 0 3.324000468E-21
225.4 0 -1.127125727E-20
225.6 0 -1.422523671E-05
225.8 0 -2.847120991E-05
226 0 -2.849197666E-05
226.2 0 -2.851277372E-05
226.4 0 -2.853360117E-05
226.6 0 -1.427722953E-05
226.8 0 2.857534748E-05
227 0 4.289439971E-05
227.2 0 1.430860806E-05
227.4 0 -1.431909824E-05
227.6 0 -2.865920763E-05
227.8 0 3.172746172E-20
228 0 1.435066128E-05
228.2 0 1.436121324E-05
228.4 0 1.437178072E-05
228.6 0 -6.463586715E-21
228.8 0 2.878592483E-05
229 0 4.321073009E-05
229.2 0 4.324261993E-05
229.4 0 5.769940916E-05
229.6 0 7.217756837E-05
229.8 0 8.667714497E-05
230 0 7.228441895E-05
230.2 0 -1.094681426E-20
230.4 0 -2.895663454E-05
230.6 0 -1.448905786E-05
230.8 0 2.89996288E-05
231 0 0.0001015741085
231.2 0 7.260687732E-05
231.4 0 4.359654018E-05
231.6 0 5.817200298E-05
231.8 0 -3.314036383E-20
232 0 -1.456469053E-05
232.2 0 1.45755597E-05
232.4 0 -4.375933532E-05
232.6 0 -7.298673393E-05
232.8 0 -1.460826477E-05
233 0 2.92383982E-05
233.2 0 2.926029963E-05
233.4 0 8.784670165E-05
233.6 0 5.86084021E-05
233.8 0 -1.46631006E-05
234 0 -1.194651283E-20
234.2 0 1.468515038E-05
234.4 0 2.93924003E-05
234.6 0 1.470726657E-05
234.8 0 5.887339864E-05
235 5.891779789E-06 7.364724736E-05
235.2 5.896226415E-06 2.948113208E-05
235.4 5.900679758E-06 1.47516994E-05
235.6 0 5.905139834E-05
235.8 0 0.0001034181165
236 0 7.392600303E-05
236.2 0 7.398200758E-05
236.4 0 4.442285823E-05
236.6 0 2.963770865E-05
236.8 0 7.415053151E-05
237 0 8.904825228E-05
237.2 0 8.911596958E-05
237.4 0 4.459189498E-05
237.6 0 4.462585682E-05
237.8 0 5.95464939E-05
238 0 4.469393593E-05
238.2 0 4.472805344E-05
238.4 0 4.476222307E-05
238.6 0 2.986429664E-05
238.8 0 1.44096337E-21
239 0 -1.495501531E-05
239.2 0 -2.993295019E-05
239.4 0 -6.937968623E-21
239.6 0 4.496834229E-05
239.8 0 -1.500096006E-05
240 0 -6.004996157E-05
240.2 0 -1.502403846E-05
240.4 0 -3.007120862E-05
240.6 0 -4.514156394E-05
240.8 0 -3.011757903E-05
241 0 -7.535204475E-05
241.2 0 -7.541023166E-05
241.4 0 -6.03748068E-05
241.6 0 -7.552687548E-05
241.8 0 -3.023413313E-05
242 0 -4.538632843E-05
242.2 0 -7.570251938E-05
242.4 0 -6.060899922E-05
242.6 0 -4.549204193E-05
242.8 0 -1.517579643E-05
243 0 -4.09498814E-20
243.2 0 1.519941634E-05
243.4 0 3.527657966E-20
243.6 0 -1.52231099E-05
243.8 0 3.04699688E-05
244 0 5.098126532E-21
244.2 0 -1.525878906E-05
244.4 0 1.171377922E-21
244.6 0 -4.584800469E-05
244.8 0 -3.058927173E-05
245 0 1.721402164E-20
245.2 0 -6.12745098E-05
245.4 0 -4.599195447E-05
245.6 0 1.534269442E-05
245.8 0 -6.141902516E-05
246 0 -7.683418568E-05
246.2 0 -3.075787402E-05
246.4 0 -4.617316785E-05
246.6 0 -3.080638801E-05
246.8 6.166140489E-06 -3.083070245E-05
247 1.234202212E-05 -4.628258294E-05
247.2 1.852766798E-05 -1.543972332E-05
247.4 2.472310127E-05 1.545193829E-05
247.6 3.092834521E-05 4.640109471E-20
247.8 3.095285261E-05 -1.547642631E-05
248 3.097739889E-05 -3.097739889E-05
248.2 2.48015873E-05 -3.100198413E-05
248.4 2.482128674E-05 -1.551330421E-05
248.6 2.484101749E-05 1.6769973E-20
248.8 1.864558473E-05 3.107597454E-05
249 1.866042994E-05 -1.555035828E-05
249.2 2.490039841E-05 -3.112549801E-05
249.4 2.492025518E-05 3.115031898E-05
249.6 2.494014366E-05 3.117517957E-05
249.8 3.120007987E-05 -3.120007987E-05
250 3.122501998E-05 -1.561250999E-05
250.2 3.125E-05 3.125E-05
250.4 3.127502002E-05 -1.563751001E-05
250.6 3.130008013E-05 3.03521702E-20
250.8 3.132518043E-05 4.698777065E-05
251 3.135032103E-05 1.567516051E-05
251.2 3.137550201E-05 -1.719225668E-20
251.4 3.140072347E-05 -3.140072347E-05
251.6 3.142598552E-05 -9.427795656E-05
251.8 3.145128824E-05 -0.0001100795089
252 3.147663175E-05 -6.29532635E-05
252.2 3.150201613E-05 -1.575100806E-05
252.4 3.152744149E-05 -1.576372074E-05
252.6 3.155290792E-05 1.046187095E-20
252.8 2.526273242E-05 1.578920776E-05
253 2.528317152E-05 2.885052937E-20
253.2 2.530364372E-05 -1.581477733E-05
253.4 2.532414911E-05 -1.582759319E-05
253.6 2.534468775E-05 -3.168085969E-05
253.8 3.170657468E-05 -4.755986201E-05
254 3.173233144E-05 -3.173233144E-05
254.2 3.175813008E-05 -3.175813008E-05
254.4 3.178397071E-05 3.178397071E-05
254.6 3.180985342E-05 6.361970684E-05
254.8 3.183577832E-05 -4.872764821E-21
255 3.186174551E-05 -3.186174551E-05
255.2 3.18877551E-05 -3.18877551E-05
255.4 3.829656863E-05 -4.787071078E-05
255.6 4.471586263E-05 -1.596995094E-05
255.8 5.114566285E-05 3.196603928E-05
256 5.758599509E-05 3.199221949E-05
256.2 6.403688525E-05 3.201844262E-05
256.4 7.049835931E-05 4.806706317E-05
256.6 7.697044335E-05 4.810652709E-05
256.8 7.70336894E-05 -1.211934266E-20
257 8.352179276E-05 1.606188322E-05
257.2 9.002057613E-05 8.03755144E-05
257.4 9.009472817E-05 6.435337727E-05
257.6 9.660964551E-05 3.220321517E-05
257.8 0.0001031353135 1.611489274E-05
258 0.0001096717589 -1.612819983E-05
258.2 0.0001162190083 3.228305785E-05
258.4 0.0001227770885 8.077440033E-05
258.6 0.0001228787252 1.616825331E-05
258.8 0.0001229805302 -1.78274485E-20
259 0.0001230825041 3.239013267E-05
259.2 0.0001231846473 1.620850622E-05
259.4 0.0001232869601 -2.057283197E-20
259.6 0.0001233894431 1.623545303E-05
259.8 0.0001234920965 1.624896007E-05
260 0.0001300999167 1.626248959E-05
260.2 0.00013671875 4.8828125E-05
260.4 0.0001368327773 3.257923269E-05
260.6 0.0001434682805 1.630321369E-05
260.8 0.000143588137 3.26336675E-05
261 0.000143708194 3.266095318E-05
261.2 0.0001438284519 4.903242678E-05
261.4 0.0001374057789 8.17891541E-05
261.6 0.0001309723386 4.911462699E-05
261.8 0.0001376363255 3.277055369E-05
262 0.0001377518892 4.919710327E-05
262.2 0.000131302521 4.923844538E-05
262.4 0.0001379835997 3.285323802E-05
262.6 0.0001380997475 4.932133838E-05
262.8 0.000138216091 8.227148273E-05
263 0.0001383326307 8.23408516E-05
263.2 0.0001318565401 8.241033755E-05
263.4 0.0001253695101 6.59839527E-05
263.6 0.0001188715131 0.0001155695266
263.8 0.0001123625212 0.0001321912014
264 0.0001058425064 6.615156647E-05
264.2 0.0001059322034 6.620762712E-05
264.4 0.0001126484309 6.626378287E-05
264.6 0.0001193760611 3.316001698E-05
264.8 0.0001194774851 1.659409516E-05
265 0.0001195790816 1.660820578E-05
265.2 0.0001196808511 1.662234043E-05
265.4 0.0001131281942 1.663649915E-05
265.6 0.0001132246377 1.665068201E-05
265.8 0.0001133212457 6.665955631E-05
266 0.0001134180188 3.335824082E-05
266.2 0.0001068376068 -0.0001001602564
266.4 0.0001136120616 -0.0001002459367
266.6 0.0001137093322 1.672196062E-05
266.8 0.0001138067695 8.368144816E-05
267 0.0001139043739 1.675064322E-05
267.2 0.0001140021459 4.994881067E-21
267.4 0.0001141000859 -4.468318203E-20
267.6 0.0001141981943 -3.358770421E-05
267.8 0.0001142964716 4.732407457E-20
268 0.0001143949182 -8.857586224E-21
268.2 0.0001144935345 1.683728448E-05
268.4 0.000114592321 5.055543572E-05
268.6 0.0001146912781 1.686636442E-05
268.8 0.0001147904062 -1.688094209E-05
269 0.0001148897059 -5.068663495E-05
269.2 0.0001149891775 -3.382034632E-05
269.4 0.0001150888215 -3.384965338E-05
269.6 0.0001151886383 -5.081851691E-05
269.8 0.0001152886285 1.695421007E-05
270 0.0001153887924 3.39378801E-05
270.2 0.0001154891304 1.698369565E-05
270.4 0.0001155896432 1.699847694E-05
270.6 0.000115690331 -5.103985192E-05
270.8 0.0001157911944 -3.405623365E-05
271 0.0001158922339 7.661631855E-21
271.2 0.0001159934498 -1.705786026E-05
271.4 0.0001160948427 1.707277098E-05
271.6 0.0001161964129 5.126312336E-05
271.8 0.0001094570928 3.076011275E-20
272 0.0001027059597 -5.135297984E-05
272.2 9.594298246E-05 -1.713267544E-05
272.4 8.916812994E-05 -3.429543459E-05
272.6 8.238137083E-05 -1.716278559E-05
272.8 7.55826737E-05 1.717788039E-05
273 7.564920775E-05 1.719300176E-05
273.2 6.883259912E-05 1.720814978E-05
273.4 6.200396825E-05 -2.377066029E-20
273.6 5.516328332E-05 -3.447705207E-05
273.8 4.831051237E-05 -3.450750883E-05
274 4.144562334E-05 -5.387459071E-21
274.2 3.456858407E-05 -8.81062445E-21
274.4 2.767936227E-05 9.987336221E-21
274.6 2.077792553E-05 5.194481383E-05
274.8 1.386424135E-05 3.466060337E-05
275 1.387655417E-05 -1.734569272E-05
275.2 1.388888889E-05 -1.736111111E-05
275.4 1.390124555E-05 -3.475311388E-05
275.6 1.391362422E-05 -3.478406055E-05
275.8 1.392602496E-05 -1.740753119E-05
276 1.393844781E-05 -3.484611954E-05
276.2 6.975446429E-06 -3.487723214E-05
276.4 6.981680071E-06 1.745420018E-05
276.6 0 -1.746981216E-05
276.8 0 -1.74854521E-05
277 0 -1.750112007E-05
277.2 0 -1.751681614E-05
277.4 0 3.506508079E-05
277.6 0 5.264487871E-05
277.8 7.025629496E-06 5.269222122E-05
278 0 1.757988299E-05
278.2 0 -1.199787343E-20
278.4 0 -1.761158702E-05
278.6 0 -1.762748195E-05
278.8 0 -3.52868112E-05
279 0 -7.063743219E-05
279.2 0 -5.30260181E-05
279.4 0 -1.769134964E-05
279.6 0 -3.541477788E-05
279.8 0 -3.54469147E-05
280 0 -3.54791099E-05
280.2 0 -5.326704545E-05
280.4 7.108735214E-06 -5.33155141E-05
280.6 1.423041894E-05 -3.557604736E-05
280.8 2.13650866E-05 -1.780423883E-05
281 2.851277372E-05 -1.782048358E-05
281.2 3.567351598E-05 1.189103931E-20
281.4 4.284734918E-05 5.205167494E-20
281.6 5.003430924E-05 1.786939616E-05
281.8 5.008012821E-05 1.788576007E-05
282 5.728689276E-05 -1.763678664E-20
282.2 6.450688073E-05 1.791857798E-05
282.4 6.45661157E-05 1.144014404E-20
282.6 7.180606618E-05 -3.590303309E-05
282.8 7.905933763E-05 -1.796803128E-05
283 8.632596685E-05 -7.718562283E-22
283.2 9.360599078E-05 6.403695532E-21
283.4 0.0001008994465 3.190562473E-20
283.6 0.0001082063712 4.079844695E-21
283.8 0.0001155268022 2.604169741E-20
284 0.0001228607771 -3.993153704E-21
284.2 0.0001302083333 -1.369515931E-20
284.4 0.0001375695088 -5.430375348E-05
284.6 0.0001449443414 -5.435412801E-05
284.8 0.0001523328691 -1.813486537E-05
285 0.0001597351301 -5.445515799E-05
285.2 0.0001671511628 -9.084302326E-05
285.4 0.0001745810056 -1.818552142E-05
285.6 0.0001820246971 3.640493942E-05
285.8 0.0001894822761 -6.415166604E-21
286 0.0001969537815 -1.823646125E-05
286.2 0.0002044392523 -1.825350467E-05
286.4 0.0002046304958 -1.827057998E-05
286.6 0.0002121371723 -3.657537453E-05
286.8 0.0002196579194 -3.660965323E-05
287 0.0002198639775 -3.664399625E-05
287.2 0.0002274061033 -3.667840376E-05
287.4 0.000234962406 -3.671287594E-05
287.6 0.0002425329257 -4.575547466E-20
287.8 0.0002501177024 -3.436138672E-20
288 0.0002577167766 -1.840834119E-05
288.2 0.0002653301887 -1.842570755E-05
288.4 0.0002803352219 -1.84431067E-05
288.6 0.000280600189 -1.846053875E-05
288.8 0.000288256859 -5.543401135E-05
289 0.0003107244318 -5.548650568E-05
289.2 0.0003184241706 -3.702606635E-05
289.4 0.0003261385199 -3.706119545E-05
289.6 0.0003264482431 -3.709639126E-05
289.8 0.0003341848859 -5.569748099E-05
290 0.000349369648 -7.433396765E-05
290.2 0.0003571428571 -5.580357143E-05
290.4 0.0003649308866 -5.585676835E-05
290.6 0.0003727337786 -9.318344466E-05
290.8 0.0003805515759 -7.461795606E-05
291 0.0003883843212 -1.867232314E-05
291.2 0.0003962320574 1.869019139E-05
291.4 0.0004040948276 3.588826477E-21
291.6 0.000411972675 -1.872603068E-05
291.8 0.000419865643 -1.874400192E-05
292 0.0004277737752 -7.504803074E-05
292.2 0.0004356971154 -9.390024038E-05
292.4 0.0004436357074 -5.639436959E-05
292.6 0.0004440631021 -5.644869942E-05
292.8 0.0004444913211 -7.533751205E-05
293 0.00045246139 -3.770511583E-05
293.2 0.0004453502415 1.887077295E-05
293.4 0.0004457809478 5.666706963E-05
293.6 0.0004462124879 3.781461762E-05
293.8 0.0004466448643 2.003583612E-20
294 0.0004470780795 -1.894398642E-05
294.2 0.0004475121359 -7.584951456E-05
294.4 0.0004555393586 -5.694241983E-05
294.6 0.0004559824903 -3.799854086E-05
294.8 0.0004564264849 -7.607108082E-05
295 0.0004644858674 -5.710891813E-05
295.2 0.0004649390244 -3.81097561E-05
295.4 0.0004653930664 1.907348633E-05
295.6 0.0004658479961 3.818426197E-05
295.8 0.000466303816 1.911081213E-05
296 0.0004667605289 1.912952987E-05
296.2 0.0004672181373 -1.914828431E-05
296.4 0.0004676766438 -3.833415113E-05
296.6 0.0004681360511 3.919182462E-20
296.8 0.0004609144543 3.840953786E-05
297 0.0004536786417 3.844734252E-05
297.2 0.0004464285714 1.924261084E-05
297.4 0.0004391642012 -2.826206364E-20
297.6 0.0004318854886 -1.297290718E-20
297.8 0.0004245923913 -1.929965415E-05
298 0.000425012364 4.773117208E-21
298.2 0.0004176980198 3.867574257E-05
298.4 0.0004103691774 5.807111001E-05
298.6 0.0004030257937 5.812872024E-05
298.8 0.0003956678252 3.879096326E-05
299 0.0003960611332 1.941476143E-05
299.2 0.000388681592 1.94340796E-05
299.4 0.0003812873506 5.836030876E-05
299.6 0.0003738783649 7.789132602E-05
299.8 0.0003664545908 5.847679641E-05
300 0.000359015984 3.141868244E-20
300.2 0.0003515625 3.90625E-05
300.4 0.0003440940941 0.0001173048048
300.6 0.0003366107214 5.871117234E-05
300.8 0.000336948345 -1.959002006E-05
301 0.0003372866466 1.960968876E-05
301.2 0.0003297738693 5.888819095E-05
301.4 0.0003143863179 5.894743461E-05
301.6 0.0003068353474 3.933786506E-05
301.8 0.0003071446573 1.331191972E-20
302 0.0002995711403 1.970862765E-05
302.2 0.0002919823232 5.918560606E-05
302.4 0.0002843781598 9.874241658E-05
302.6 0.0002767586032 5.930541498E-05
302.8 0.0002691236069 -3.957700101E-05
303 0.0002614731237 -1.980856998E-05
303.2 0.0002538071066 3.965736041E-05
303.4 0.0002540650407 -1.98488313E-05
303.6 0.0002463758901 3.97380468E-05
303.8 0.0002386710794 9.94462831E-05
304 0.0002309505607 3.981906218E-05
304.2 0.0002232142857 -1.992984694E-05
304.4 0.0002074821246 1.995020429E-05
304.6 0.0001837295501 7.988241309E-05
304.8 0.0001839176049 3.998208802E-05
305 0.0001761014344 2.001152664E-05
305.2 0.0001682692308 -4.006410256E-05
305.4 0.0001604209446 -8.021047228E-05
305.6 0.0001525565262 -2.81855519E-20
305.8 0.0001446759259 6.02816358E-05
306 0.0001367790937 5.034937896E-22
306.2 0.0001288659794 -4.027061856E-05
306.4 0.0001209365325 -6.046826625E-05
306.6 0.0001129907025 -2.017691116E-05
306.8 0.0001050284385 -5.708111516E-21
307 9.704968944E-05 -1.079374196E-19
307.2 8.905440415E-05 -2.023963731E-05
307.4 8.104253112E-05 -8.104253112E-05
307.6 7.301401869E-05 -8.112668744E-05
307.8 6.496881497E-05 -4.060550936E-05
308 5.690686785E-05 -4.064776275E-05
308.2 4.8828125E-05 -2.034505208E-05
308.4 4.073253389E-05 4.389870699E-20
308.6 3.262004175E-05 -2.03875261E-05
308.8 2.449059561E-05 4.081765935E-05
309 1.634414226E-05 0.0001021508891
309.2 8.180628272E-06 6.135471204E-05
309.4 8.189203354E-06 2.047300839E-05
309.6 8.197796432E-06 -5.737676964E-21
309.8 8.206407563E-06 2.051601891E-05
310 8.215036803E-06 6.161277603E-05
310.2 8.223684211E-06 0.0001027960526
310.4 8.232349842E-06 0.0001646469968
310.6 0 0.0001854232595
310.8 0 0.0001031217001
311 0 1.042715541E-20
311.2 0 6.200396825E-05
311.4 0 6.206965042E-05
311.6 0 6.21354719E-05
311.8 0 0.0001036690552
312 0 8.302337938E-05
312.2 0 0.0001454454787
312.4 0 0.0001872004792
312.6 0 0.0001665778252
312.8 0 0.0001250667022
313 0 8.346688034E-05
313.2 0 8.355614973E-05
313.4 0 6.273420771E-05
313.6 0 6.280144695E-05
313.8 0 8.38251073E-05
314 0 2.097878625E-05
314.2 0 2.100134409E-05
314.4 0 6.307185145E-05
314.6 0 4.209321121E-05
314.8 0 4.21386192E-05
315 0 1.669352027E-20
315.2 0 2.111486486E-05
315.4 0 4.22754329E-05
315.6 0 3.730469274E-20
315.8 0 4.236713666E-05
316 0 0.0001272394137
316.2 0 0.0001061480978
316.4 8.501088139E-06 2.125272035E-05
316.6 8.510348584E-06 -2.127587146E-05
316.8 8.519629226E-06 -4.259814613E-05
317 8.528930131E-06 -2.132232533E-05
317.2 8.538251366E-06 8.202463316E-20
317.4 1.7095186E-05 -2.136898249E-05
317.6 1.711391019E-05 2.889765843E-20
317.8 8.566337719E-06 6.420011817E-20
318 1.715148189E-05 1.5301539E-20
318.2 1.717032967E-05 4.292582418E-05
318.4 1.718921892E-05 4.29730473E-05
318.6 1.720814978E-05 4.302037445E-05
318.8 1.722712238E-05 4.306780595E-05
319 1.724613687E-05 4.311534216E-05
319.2 1.726519337E-05 -6.474447514E-05
319.4 1.728429204E-05 -0.0001296321903
319.6 8.651716501E-06 -4.32585825E-05
319.8 8.661308204E-06 -2.165327051E-05
320 8.670921199E-06 -1.022164528E-20
320.2 8.680555556E-06 -1.436410687E-20
320.4 8.690211346E-06 4.345105673E-05
320.6 8.699888641E-06 8.699888641E-05
320.8 8.709587514E-06 -2.177396878E-05
321 8.719308036E-06 -2.179827009E-05
321.2 8.729050279E-06 -7.749019855E-21
321.4 1.747762864E-05 4.369407159E-05
321.6 0 2.187150056E-05
321.8 1.751681614E-05 4.379204036E-05
322 8.768237935E-06 8.768237935E-05
322.2 8.778089888E-06 4.809428695E-21
322.4 1.757592801E-05 -1.835425432E-20
322.6 1.759572072E-05 4.39893018E-05
322.8 1.761555806E-05 6.605834273E-05
323 1.763544018E-05 1.435627162E-20
323.2 1.765536723E-05 1.974193881E-20
323.4 1.767533937E-05 -6.628252262E-05
323.6 1.769535674E-05 -0.0001105959796
323.8 1.77154195E-05 -0.0001328656463
324 1.773552781E-05 -0.0001108470488
324.2 1.775568182E-05 -6.658380682E-05
324.4 1.777588168E-05 -0.0001110992605
324.6 8.898063781E-06 -2.224515945E-05
324.8 0 2.227052452E-05
325 0 -2.229594749E-05
325.2 8.928571429E-06 -8.928571429E-05
325.4 0 -0.0001117348398
325.6 8.949026346E-06 -6.711769759E-05
325.8 1.791857798E-05 -6.719466743E-05
326 2.69087256E-05 -8.969575201E-05
326.2 3.591954023E-05 -6.734913793E-05
326.4 3.596087457E-05 -6.742663982E-05
326.6 3.600230415E-05 -2.250144009E-05
326.8 3.60438293E-05 4.722135954E-20
327 3.608545035E-05 2.255340647E-05
327.2 3.612716763E-05 6.773843931E-05
327.4 3.616898148E-05 -2.260561343E-05
327.6 3.621089224E-05 -0.0001357908459
327.8 3.625290023E-05 -0.0001132903132
328 3.629500581E-05 -8.702775138E-21
328.2 3.63372093E-05 -4.542151163E-05
328.4 3.637951106E-05 -4.547438882E-05
328.6 2.731643357E-05 2.276369464E-05
328.8 2.734830805E-05 -2.279025671E-05
329 2.738025701E-05 2.281688084E-05
329.2 1.82748538E-05 4.56871345E-05
329.4 9.148126464E-06 4.574063232E-05
329.6 0 0.0001144856389
329.8 0 6.877200704E-05
330 9.180376028E-06 -6.885282021E-05
330.2 1.838235294E-05 -9.191176471E-05
330.4 2.760600707E-05 -4.601001178E-05
330.6 2.763856132E-05 -4.979390193E-21
330.8 2.767119244E-05 4.611865407E-05
331 2.770390071E-05 2.308658392E-05
331.2 2.773668639E-05 6.934171598E-05
331.4 1.851303318E-05 9.256516588E-05
331.6 1.853499407E-05 9.267497034E-05
331.8 1.855700713E-05 2.319625891E-05
332 2.78686088E-05 -2.322384067E-05
332.2 3.720238095E-05 -2.32514881E-05
332.4 4.655840286E-05 -4.655840286E-05
332.6 5.593675418E-05 -1.736359365E-20
332.8 4.666965352E-05 1.384020366E-20
333 3.738038278E-05 4.672547847E-05
333.2 2.806886228E-05 4.678143713E-05
333.4 2.810251799E-05 -2.341876499E-05
333.6 2.81362545E-05 -4.68937575E-05
333.8 2.817007212E-05 -4.695012019E-05
334 2.820397112E-05 -2.350330927E-05
334.2 2.823795181E-05 -2.353162651E-05
334.4 2.827201448E-05 -7.068003619E-05
334.6 2.830615942E-05 -9.435386473E-05
334.8 2.834038694E-05 -7.085096735E-05
335 2.837469734E-05 -2.364558111E-05
335.2 2.840909091E-05 -2.367424242E-05
335.4 2.844356796E-05 -9.48118932E-05
335.6 2.84781288E-05 -9.492709599E-05
335.8 2.851277372E-05 -2.376064477E-05
336 2.854750305E-05 -4.757917174E-05
336.2 2.858231707E-05 -7.145579268E-05
336.4 2.861721612E-05 -2.38476801E-05
336.6 2.865220049E-05 4.775366748E-05
336.8 1.9124847E-05 7.171817625E-05
337 1.914828431E-05 2.393535539E-05
337.2 1.917177914E-05 -9.585889571E-05
337.4 2.879299754E-05 -0.0001679591523
337.6 2.882841328E-05 -9.609471095E-05
337.8 2.886391626E-05 2.405326355E-05
338 2.889950678E-05 5.727483527E-21
338.2 2.893518519E-05 -4.822530864E-05
338.4 2.897095179E-05 -2.414245983E-05
338.6 2.900680693E-05 -2.417233911E-05
338.8 2.904275093E-05 -5.503464754E-22
339 2.907878412E-05 -2.42323201E-05
339.2 2.911490683E-05 -9.704968944E-05
339.4 2.91511194E-05 -7.287779851E-05
339.6 2.918742217E-05 2.432285181E-05
339.8 2.922381546E-05 -2.435317955E-05
340 1.950686642E-05 -4.876716604E-05
340.2 9.765625E-06 4.8828125E-05
340.4 9.777847309E-06 2.444461827E-05
340.6 9.790100251E-06 -9.790100251E-05
340.8 1.960476788E-05 -1.027787709E-20
341 1.962939698E-05 4.907349246E-05
341.2 2.948113208E-05 -4.913522013E-05
341.4 2.951826196E-05 -2.459855164E-05
341.6 2.95554855E-05 -7.388871375E-05
341.8 2.959280303E-05 -7.398200758E-05
342 2.963021492E-05 4.147498756E-20
342.2 2.966772152E-05 -4.944620253E-05
342.4 2.970532319E-05 -2.475443599E-05
342.6 2.97430203E-05 4.957170051E-05
342.8 2.978081321E-05 2.481734435E-05
343 2.981870229E-05 2.484891858E-05
343.2 2.98566879E-05 -2.488057325E-05
343.4 2.989477041E-05 -9.964923469E-05
343.6 2.993295019E-05 -4.988825032E-05
343.8 1.998081841E-05 -2.106964741E-20
344 1.000320102E-05 2.500800256E-05
344.2 0 5.008012821E-05
344.4 0 7.521662388E-05
344.6 0 7.531330334E-05
344.8 0 5.027348777E-05
345 0 2.51691366E-05
345.2 0 2.52016129E-05
345.4 0 2.523417313E-05
345.6 0 -7.580045278E-05
345.8 0 -0.0001011981865
346 0 -2.533236057E-05
346.2 0 -2.536525974E-05
346.4 0 -2.539824447E-05
346.6 0 2.54313151E-05
346.8 0 5.092894394E-05
347 0 -2.54977154E-05
347.2 0 -7.659313725E-05
347.4 0 -2.556446335E-05
347.6 0 -2.559796855E-05
347.8 0 -2.563156168E-05
348 0 -2.56652431E-05
348.2 0 -5.139802632E-05
348.4 0 -2.57328722E-05
348.6 0 -2.576682058E-05
348.8 0 -5.160171731E-05
349 0 2.583498677E-05
349.2 0 7.760761589E-05
349.4 0 5.180702918E-05
349.6 0 2.593791501E-05
349.8 0 -2.597240691E-05
350 0 -2.600699068E-05
350.2 0 2.604166667E-05
350.4 0 5.215287049E-05
350.6 0 2.611129679E-05
350.8 0 5.229250335E-05
351 0 5.236260054E-05
351.2 0 -3.410339309E-20
351.4 0 -3.298753445E-20
351.6 0 -4.523556546E-20
351.8 0 -2.965894938E-20
352 0 -5.787105154E-20
352.2 0 -2.639358108E-05
352.4 0 -2.642929635E-05
352.6 0 2.64651084E-05
352.8 1.060040706E-05 2.650101764E-05
353 0 -4.2523928E-20
353.2 0 -1.37519123E-20
353.4 1.064373297E-05 2.660933243E-05
353.6 0 2.664563438E-05
353.8 0 -5.405144373E-21
354 0 -5.34370725E-05
354.2 0 -5.351027397E-05
354.4 0 2.679183813E-05
354.6 0 2.682864011E-05
354.8 0 2.686554333E-05
355 1.076101928E-05 -7.048811799E-20
355.2 0 -2.693965517E-05
355.4 0 3.895159162E-20
355.6 0 8.104253112E-05
355.8 0 5.41031856E-05
356 0 -5.417822469E-05
356.2 0 1.900794409E-21
356.4 0 1.313888561E-20
356.6 0 -2.720229805E-05
356.8 0 2.837777116E-20
357 0 6.570573817E-20
357.2 0 8.965241515E-20
357.4 0 5.470938375E-05
357.6 0 5.478611501E-05
357.8 0 8.916630002E-20
358 0 1.044585591E-19
358.2 0 1.024756152E-19
358.4 0 -2.754760226E-05
358.6 0 -5.51730226E-05
358.8 0 -2.762553041E-05
359 0 -2.171448341E-21
359.2 0 2.009423284E-20
359.4 0 4.52407336E-20
359.6 0 6.742703968E-20
359.8 0 2.782229345E-05
360 0 -5.572396576E-05
360.2 0 -8.370535714E-05
360.4 0 -2.794170243E-05
360.6 0 -2.798173352E-05
360.8 0 -8.324658868E-20
361 0 -2.80621408E-05
361.2 0 -2.810251799E-05
361.4 0 -5.628602305E-05
361.6 0 -5.636724387E-05
361.8 0 -2.352110741E-20
362 0 2.842655332E-20
362.2 0 -2.830615942E-05
362.4 0 -5.669448476E-05
362.6 0 -2.838844477E-05
362.8 0 -2.84297671E-05
363 1.138848397E-05 -2.847120991E-05
363.2 0 4.196267704E-20
363.4 0 8.876142978E-21
363.6 0 -2.859626647E-05
363.8 0 2.729806037E-20
364 0 -2.868024963E-05
364.2 0 -2.872242647E-05
364.4 0 2.876472754E-05
364.6 0 7.077924302E-20
364.8 0 -2.861840208E-20
365 0 8.082699172E-21
365.2 0 -2.893518519E-05
365.4 1.159124629E-05 -2.897811573E-05
365.6 1.160846954E-05 4.778116915E-21
365.8 1.162574405E-05 2.420021466E-20
366 1.164307004E-05 -7.266223133E-21
366.2 1.166044776E-05 1.068574137E-20
366.4 0 3.350695718E-21
366.6 0 2.92383982E-05
366.8 0 5.856446777E-05
367 0 5.86524024E-05
367.2 0 -3.472349397E-20
367.4 0 -2.941453313E-05
367.6 0 1.847873954E-20
367.8 0 -2.950339879E-05
368 0 2.954803328E-05
368.2 0 4.635258072E-20
368.4 0 -5.92754173E-05
368.6 0 5.956445393E-20
368.8 0 2.913714408E-21
369 1.190929878E-05 -6.070878701E-21
369.2 1.192748092E-05 -5.436595605E-21
369.4 1.194571865E-05 -2.986429664E-05
369.6 1.196401225E-05 2.991003063E-05
369.8 1.198236196E-05 5.991180982E-05
370 1.200076805E-05 3.000192012E-05
370.2 2.403846154E-05 -4.266914496E-20
370.4 2.407550077E-05 -3.009437596E-05
370.6 2.411265432E-05 -1.279238984E-20
370.8 1.207496136E-05 3.01874034E-05
371 1.209365325E-05 9.070239938E-05
371.2 1.21124031E-05 6.05620155E-05
371.4 2.426242236E-05 3.476866589E-20
371.6 3.645023328E-05 -3.03751944E-05
371.8 4.867601246E-05 -3.042250779E-05
372 6.09399376E-05 -3.04699688E-05
372.2 7.32421875E-05 -3.051757813E-05
372.4 7.335680751E-05 2.145580808E-20
372.6 7.347178683E-05 -2.202332351E-20
372.8 6.132260597E-05 -4.487052799E-20
373 7.370283019E-05 3.070951258E-05
373.2 7.381889764E-05 3.075787402E-05
373.4 7.393533123E-05 -5.497247253E-20
373.6 7.40521327E-05 -3.085505529E-05
373.8 7.41693038E-05 -2.162689504E-21
374 6.190570523E-05 6.190570523E-05
374.2 6.200396825E-05 6.200396825E-05
374.4 6.210254372E-05 -8.23984842E-20
374.6 6.220143312E-05 -3.110071656E-05
374.8 6.230063796E-05 -3.115031898E-05
375 6.240015974E-05 3.120007987E-05
375.2 5E-05 6.25E-05
375.4 5.008012821E-05 -3.130008013E-05
375.6 5.016051364E-05 -3.135032103E-05
375.8 5.024115756E-05 -1.090479269E-19
376 5.032206119E-05 3.145128824E-05
376.2 6.300403226E-05 -3.150201613E-05
376.4 5.048465267E-05 3.155290792E-05
376.6 3.792475728E-05 9.48118932E-05
376.8 2.532414911E-05 -1.976155441E-20
377 1.268262987E-05 3.170657468E-05
377.2 0 6.351626016E-05
377.4 0 6.361970684E-05
377.6 0 6.372349103E-05
377.8 0 3.191380719E-05
378 0 5.543183708E-20
378.2 0 6.403688525E-05
378.4 0 9.621305419E-05
378.6 0 6.424753289E-05
378.8 0 9.65300659E-05
379 0 6.445957096E-05
379.2 0 6.90007202E-21
379.4 0 -3.233650662E-05
379.6 0 6.478026534E-05
379.8 0 0.0001297757475
380 0 6.499584027E-05
380.2 0 1.221500694E-20
380.4 0 -3.260642738E-05
380.6 0 -3.266095318E-05
380.8 0 -3.271566164E-05
381 0 3.277055369E-05
381.2 0 3.282563025E-05
381.4 1.31523569E-05 8.078140369E-20
381.6 1.317453626E-05 -6.587268128E-05
381.8 2.639358108E-05 -3.299197635E-05
382 1.321912014E-05 -6.026221266E-20
382.2 2.648305085E-05 -8.078368002E-20
382.4 1.326400679E-05 9.922499425E-21
382.6 2.657312925E-05 -3.321641156E-05
382.8 2.661839864E-05 6.748341223E-20
383 2.666382253E-05 4.810097385E-21
383.2 2.670940171E-05 4.623452335E-20
383.4 2.675513699E-05 6.688784247E-05
383.6 1.340051458E-05 -1.478931963E-20
383.8 2.684707904E-05 8.060299151E-20
384 1.344664372E-05 3.361660929E-05
384.2 2.693965517E-05 -3.367456897E-05
384.4 2.698618307E-05 -3.373272884E-05
384.6 2.703287197E-05 -6.758217993E-05
384.8 2.70797227E-05 -6.769930676E-05
385 2.712673611E-05 -3.390842014E-05
385.2 2.717391304E-05 6.793478261E-05
385.4 2.722125436E-05 6.805313589E-05
385.6 2.726876091E-05 -3.408595113E-05
385.8 2.731643357E-05 -3.414554196E-05
386 2.73642732E-05 5.170299539E-20
386.2 1.370614035E-05 8.033856182E-20
386.4 1.373022847E-05 9.659991871E-20
386.6 0 3.438600352E-05
386.8 0 -3.444664903E-05
387 0 -6.901501767E-05
387.2 0 -6.913716814E-05
387.4 0 -6.925975177E-05
387.6 0 -6.938277087E-05
387.8 0 -0.0001042593416
388 0 -6.963012478E-05
388.2 0 -6.975446429E-05
388.4 0 -6.987924866E-05
388.6 0 -7.000448029E-05
388.8 0 -3.506508079E-05
389 0 -7.025629496E-05
389.2 0 -7.038288288E-05
389.4 0 6.506167889E-20
389.6 0 -3.531871609E-05
389.8 0 -7.076539855E-05
390 0 -7.08938294E-05
390.2 0 -7.102272727E-05
390.4 0 -3.557604736E-05
390.6 0 -5.294359499E-20
390.8 0 3.342494159E-20
391 0 2.156791467E-20
391.2 0 3.204132597E-20
391.4 0 2.098039838E-20
391.6 0 5.602869343E-20
391.8 0 5.926808825E-20
392 0 5.281137434E-21
392.2 0 -1.905587407E-21
392.4 0 2.143080765E-20
392.6 0 5.780773675E-20
392.8 0 -3.637104283E-05
393 0 -2.952425772E-20
393.2 0 6.119979434E-20
393.4 0 1.296767581E-20
393.6 0 -4.422629784E-20
393.8 0 -6.406614225E-22
394 0 3.678201507E-05
394.2 1.474056604E-05 3.804100002E-20
394.4 2.9536862E-05 -3.69210775E-05
394.6 4.438920455E-05 -7.398200758E-05
394.8 5.929791271E-05 2.032281857E-20
395 5.941064639E-05 3.713165399E-05
395.2 7.44047619E-05 1.069828575E-19
395.4 8.945610687E-05 3.727337786E-05
395.6 0.0001045650096 3.734464627E-05
395.8 0.0001197318008 3.494375982E-20
396 0.0001349568138 -3.748800384E-05
396.2 0.0001502403846 -7.512019231E-05
396.4 0.0001505298651 -3.763246628E-05
396.6 0.0001508204633 2.779612915E-20
396.8 0.0001511121857 3.777804642E-05
397 0.0001514050388 3.785125969E-05
397.2 0.0001516990291 5.33287645E-20
397.4 0.0001519941634 3.799854086E-05
397.6 0.0001522904483 6.623803424E-20
397.8 0.0001525878906 -3.814697266E-05
398 0.0001528864971 3.822162427E-05
398.2 0.0001531862745 7.659313725E-05
398.4 0.0001381385069 7.674361493E-05
398.6 0.0001230314961 0.0001153420276
398.8 0.0001078648915 0.0001155695266
399 9.263833992E-05 3.85993083E-05
399.2 9.282178218E-05 3.867574257E-05
399.4 7.750496032E-05 0.0001162574405
399.6 6.212723658E-05 0.0001553180915
399.8 4.668824701E-05 0.0001167206175
400 4.678143713E-05 0.0001169535928
400.2 3.125E-05 3.90625E-05
400.4 1.565631263E-05 3.914078156E-05
400.6 1.5687751E-05 7.843875502E-05
400.8 0 -3.929828974E-05
401 1.575100806E-05 2.522650691E-20
401.2 1.578282828E-05 1.458070127E-19
401.4 1.581477733E-05 7.907388664E-05
401.6 1.584685598E-05 0.0001980856998
401.8 1.587906504E-05 0.0001587906504
402 1.59114053E-05 0.0001193355397
402.2 0 7.971938776E-05
402.4 0 3.994120654E-05
402.6 0 4.002305328E-05
402.8 0 8.021047228E-05
403 0 4.01877572E-05
403.2 0 4.027061856E-05
403.4 0 8.070764463E-05
403.6 0 8.08747412E-05
403.8 0 8.104253112E-05
404 0 4.060550936E-05
404.2 0 4.069010417E-05
404.4 0 8.155010438E-05
404.6 0 8.17207113E-05
404.8 0 8.189203354E-05
405 0 0.0001230961134
405.2 0 8.223684211E-05
405.4 0 3.630790063E-21
405.6 0 4.12922833E-05
405.8 0 4.137976695E-05
406 0 -1.373679167E-20
406.2 0 5.962416409E-20
406.4 0 -4.164445629E-05
406.6 0 -4.173344017E-05
406.8 0 2.227876071E-21
407 0 -4.652165667E-20
407.2 0 1.058522142E-20
407.4 0 -1.848922048E-21
407.6 0 -8.45804573E-21
407.8 0 3.533452659E-20
408 0 -8.473427332E-05
408.2 0 -0.0001273777174
408.4 0 -8.510348584E-05
408.6 0 -8.528930131E-05
408.8 0 -0.00017095186
409 0 -0.000214158443
409.2 0 -0.0002146291209
409.4 0 -0.0001720814978
409.6 0 -8.623068433E-05
409.8 0 -8.642146018E-05
410 0 -8.661308204E-05
410.2 0 -4.340277778E-05
410.4 0 -8.699888641E-05
410.6 0 -0.0001307896205
410.8 0 -4.369407159E-05
411 0 -4.379204036E-05
411.2 0 -0.0001316713483
411.4 0 -0.0001759572072
411.6 0 -0.0001322658014
411.8 0 -0.0001325650452
412 0 -0.000177154195
412.2 0 -0.0002219460227
412.4 0 -0.0002224515945
412.6 0 -8.918378995E-05
412.8 0 -7.702778225E-20
413 0 -5.414941617E-20
413.2 0 -4.489942529E-05
413.4 0 -4.500288018E-05
413.6 0 -2.235051767E-20
413.8 0 -4.680377605E-21
414 0 -4.981131211E-20
414.2 0 -8.166380244E-20
414.4 0 -1.3383845E-20
414.6 0 -9.609226228E-20
414.8 0 -9.207856964E-20
415 0 -1.148783545E-19
415.2 0 3.10008217E-20
415.4 0 4.418859253E-21
415.6 0 -7.338834E-20
415.8 0 4.628258294E-05
416 0 9.278503563E-05
416.2 0 4.650297619E-05
416.4 0 -9.787152857E-21
416.6 0 3.179592107E-20
416.8 0 7.944161333E-20
417 0 8.559806013E-20
417.2 0 4.706325301E-05
417.4 0 4.717693237E-05
417.6 0 -4.729116223E-05
417.8 0 4.74059466E-05
418 0 0.0001425638686
418.2 0 4.763719512E-05
418.4 0 -8.053536801E-20
418.6 0 -4.787071078E-05
418.8 0 -9.597665848E-05
419 0 -4.810652709E-05
419.2 0 -4.822530864E-05
419.4 0 -9.668935644E-05
419.6 0 -4.84646402E-05
419.8 0 -7.767418549E-20
420 0 5.146212111E-20
420.2 0 -1.380808225E-20
420.4 0 4.895050125E-05
420.6 0 9.814698492E-05
420.8 0 9.839420655E-05
421 0 9.864267677E-05
421.2 0 0.0001483386076
421.4 0 4.957170051E-05
421.6 0 -0.0001490935115
421.8 0 -0.000149473852
422 0 -4.995204604E-05
422.2 0 -5.008012821E-05
422.4 2.008354756E-05 -0.0001004177378
422.6 2.013530928E-05 -0.0001006765464
422.8 2.01873385E-05 -5.046834625E-05
423 2.023963731E-05 -4.718065399E-20
423.2 2.029220779E-05 -7.504234987E-21
423.4 2.034505208E-05 5.086263021E-05
423.6 2.039817232E-05 0.0001019908616
423.8 2.045157068E-05 0.0001022578534
424 2.050524934E-05 0.0001025262467
424.2 0 0.0001027960526
424.4 0 5.153364116E-05
424.6 0 5.374047969E-20
424.8 0 8.083361548E-20
425 0 -3.067632563E-20
425.2 0 -5.921450302E-20
425.4 0 -5.222259358E-05
425.6 0 -5.236260054E-05
425.8 0 8.638193924E-20
426 0 9.822060985E-20
426.2 0 6.752836727E-20
426.4 0 0.0001058604336
426.6 0 0.0001592221467
426.8 0 0.0001064373297
427 0 5.336407104E-05
427.2 0 -3.776996329E-20
427.4 0 -5.365728022E-05
427.6 0 -0.0001614152893
427.8 0 -0.0002158149171
428 0 -0.0001623095568
428.2 0 -0.0001085069444
428.4 0 -0.0001088091922
428.6 0 -5.455656425E-05
428.8 0 5.969254955E-20
429 0 5.48630618E-05
429.2 0 0.0001100352113
429.4 0 0.0001103460452
429.6 0 0.0001106586402
429.8 0 5.548650568E-05
430 0 4.751809153E-21
430.2 0 1.376329437E-19
430.4 0 1.539147388E-20
430.6 0 6.020299511E-20
430.8 0 -6.698571169E-20
431 0 -3.772536206E-20
431.2 0 -3.79153329E-21
431.4 0 -4.164626451E-20
431.6 0 -6.831244581E-20
431.8 0 -1.007504855E-19
432 0 5.727639296E-05
432.2 0 5.744485294E-05
432.4 0 -1.520176254E-20
432.6 0 -1.191427832E-19
432.8 0 -6.507169631E-20
433 0 5.812872024E-05
433.2 0 0.0001166044776
433.4 0 0.0001169535928
433.6 0 0.0001173048048
433.8 0 0.0001764871988
434 0 0.0001180135952
434.2 0 5.918560606E-05
434.4 0 0.000118731003
434.6 0 5.95464939E-05
434.8 0 5.972859327E-05
435 0 0.0001198236196
435.2 0 6.009615385E-05
435.4 0 8.527241079E-20
435.6 0 1.050270923E-19
435.8 0 -1.772029218E-20
436 0 -2.411116308E-20
436.2 0 -6.103515625E-05
436.4 0 -0.0001224529781
436.6 0 -0.0001228380503
436.8 0 -6.161277603E-05
437 0 -6.180775316E-05
437.2 0 -6.200396825E-05
437.4 0 -6.220143312E-05
437.6 0 -0.0001248003195
437.8 0 -0.0001252003205
438 0 -0.0001256028939
438.2 0 -0.0001260080645
438.4 0 -0.0001264158576
438.6 0 -0.0001268262987
438.8 0 -0.0001908591205
439 0 -0.0001276552288
439.2 0 -6.403688525E-05
439.4 0 -6.424753289E-05
439.6 0 -5.829164519E-22
439.8 0 9.87179614E-20
440 0 -9.029961745E-21
440.2 0 -1.7783826E-20
440.4 0 -8.958729729E-20
440.6 0 3.54063587E-20
440.8 0 1.940465708E-20
441 0 -6.59839527E-05
441.2 0 -6.620762712E-05
441.4 0 7.929831787E-20
441.6 0 -6.022256791E-20
441.8 0 -2.004960512E-19
442 0 7.85664628E-20
442.2 0 8.075731269E-20
442.4 0 -2.343476292E-20
442.6 0 -5.039356647E-20
442.8 0 -3.673998307E-20
443 0 -2.13059798E-20
443.2 0 2.737580151E-20
443.4 0 -1.646083966E-20
443.6 0 3.905936091E-20
443.8 0 7.345665607E-20
444 0 3.979818746E-20
444.2 0 -6.964557433E-21
444.4 0 6.454815406E-20
444.6 0 -9.680953182E-21
444.8 0 4.321357747E-21
445 0 1.206159749E-19
445.2 0 -3.296816101E-20
445.4 0 -1.077721295E-19
445.6 0 8.665762354E-20
445.8 0 7.431677096E-20
446 0 -2.010534781E-20
446.2 0 -1.685282227E-20
446.4 0 1.210363808E-19
446.6 0 2.238958673E-19
446.8 0 4.080158498E-20
447 0 -5.758867513E-20
447.2 0 1.026929403E-20
447.4 0 -9.253077678E-20
447.6 0 -7.063532019E-21
447.8 0 -3.416826475E-20
448 0 9.176465298E-20
448.2 0 3.17087417E-19
448.4 0 -1.535134081E-20
448.6 0 1.341307226E-19
448.8 0 8.508983362E-20
449 0 5.724497658E-20
449.2 0 -4.260853098E-22
449.4 0 6.161281972E-20
449.6 0 1.708811597E-21
449.8 0 1.036896937E-19
450 0 -2.287481806E-20
450.2 0 1.371394279E-20
450.4 0 2.500916612E-20
450.6 0 5.640376468E-20
450.8 0 1.101569001E-19
451 0 1.627122247E-19
451.2 0 5.380226732E-20
451.4 0 -1.268094175E-19
451.6 0 4.131053017E-20
451.8 0 4.724947795E-21
452 0 4.927574049E-20
452.2 0 4.283675567E-21
452.4 0 1.165814684E-19
452.6 0 1.17443083E-19
452.8 0 1.178398106E-20
453 0 3.459050578E-20
453.2 0 1.852818288E-20
453.4 0 -5.751955748E-20
453.6 0 -6.673545886E-20
453.8 0 2.673142958E-20
454 0 8.45508658E-05
454.2 0 0.0001698369565
454.4 0 0.0001705786026
454.6 0 0.0001713267544
454.8 0 8.60407489E-05
455 0 1.017649881E-19
455.2 0 1.879375953E-19
455.4 0 -3.108806367E-19
455.6 0 -1.617773996E-19
455.8 0 -8.393914768E-20
456 0 4.508490249E-20
456.2 0 -8.533841781E-20
456.4 0 -1.165271969E-19
456.6 0 -1.50593842E-20
456.8 0 2.542405686E-20
457 0 9.04224537E-05
457.2 0 0.0001816860465
457.4 0 0.0001825350467
457.6 0 0.0001833920188
457.8 0 0.0001842570755
458 0 0.0001851303318
458.2 0 0.0001860119048
458.4 0 0.0001869019139
458.6 0 0.0001878004808
458.8 0 0.0001887077295
459 0 9.48118932E-05
459.2 0 9.527439024E-05
459.4 0 0.0001914828431
459.6 0 0.0001924261084
459.8 0 0.0001933787129
460 0 0.000194340796
460.2 0 0.0001953125
460.4 0 0.0001962939698
460.6 0 9.864267677E-05
460.8 0 9.914340102E-05
461 0 0.0001992984694
461.2 0 0.0001001602564
461.4 0 0.0001006765464
461.6 0 0.0001011981865
461.8 0 -2.920159093E-20
462 0 -1.63789154E-22
462.2 0 8.539889704E-20
462.4 0 9.527093748E-20
462.6 0 3.821400572E-20
462.8 0 -1.025900932E-19
463 0 -4.924767695E-20
463.2 0 -2.748290015E-21
463.4 0 -1.463033733E-20
463.6 0 -0.0001067281421
463.8 0 -0.0001073145604
464 0 6.553096678E-20
464.2 0 2.881833569E-20
464.4 0 -2.193471095E-20
464.6 0 -1.742721412E-19
464.8 0 3.384991055E-20
465 0 3.981431591E-20
465.2 0 1.13687597E-19
465.4 0 1.842469503E-19
465.6 0 0.0001128973988
465.8 0 1.67578131E-19
466 0 -0.0001142178363
466.2 0 1.504564744E-19
466.4 0 1.112734803E-19
466.6 0 -0.0001162574405
466.8 0 -0.0002339071856
467 0 -0.0002353162651
467.2 0 -0.0002367424242
467.4 0 -0.0001190929878
467.6 0 3.379503043E-20
467.8 0 0.0001205632716
468 0 0.0001213121118
468.2 0 -5.999154166E-20
468.4 0 -1.375412725E-19
468.6 0 8.987767357E-21
468.8 0 -6.26591913E-20
469 0 2.485588011E-19
469.2 0 4.053562989E-20
469.4 0 -2.830272887E-19
469.6 0 -0.0001276552288
469.8 0 -0.0002569901316
470 0 -0.000258692053
470.2 0 -0.0002604166667
470.4 0 -0.0002621644295
470.6 0 -0.0002639358108
470.8 0 -0.0002657312925
471 0 -0.0002675513699
471.2 0 -0.0002693965517
471.4 0 -0.0002712673611
471.6 0 -0.0001365821678
471.8 0 -0.0001375440141
472 0 -0.0002770390071
472.2 0 -0.0002790178571
472.4 0 -0.0002810251799
472.6 0 -0.0002830615942
472.8 0 -0.0002851277372
473 0 -0.0002872242647
473.2 0 -0.0002893518519
473.4 0 -0.000291511194
473.6 0 -0.0002937030075
473.8 0 -0.0001479640152
474 0 -2.30614793E-19
474.2 0 -1.558081269E-19
474.4 0 -3.507616702E-19
474.6 0 -3.247674969E-19
474.8 0 -2.34970637E-19
475 0 -1.839676097E-19
475.2 0 -3.030803461E-19
475.4 0 9.00745437E-20
475.6 0 -3.617112198E-20
475.8 0 8.982107788E-20
476 0 -7.828880984E-20
476.2 0 8.617537006E-20
476.4 0 -2.081697859E-21
476.6 0 1.773743922E-19
476.8 0 9.054684167E-20
477 0 -6.359564646E-20
477.2 0 -4.965604836E-19
477.4 0 -1.417135739E-19
477.6 0 -1.327934414E-20
477.8 0 -2.878005363E-19
478 0 -4.528222363E-19
478.2 0 3.157734249E-20
478.4 0 -1.583751773E-20
478.6 0 1.509965926E-19
478.8 0 2.265696899E-19
479 0 2.810952254E-19
479.2 0 3.299013782E-19
479.4 0 3.901943012E-19
479.6 0 3.963064308E-19
479.8 0 3.285019977E-19
480 0 2.297984752E-19
480.2 0 3.006359687E-19
480.4 0 1.527475318E-19
480.6 0 1.467308882E-19
480.8 0 -2.481941582E-19
481 0 1.386191552E-19
481.2 0 -2.978074165E-19
481.4 0 9.58176516E-20
481.6 0 2.124413548E-19
481.8 0 2.212977006E-19
482 0 4.000900742E-19
482.2 0 8.168712994E-20
482.4 0 -1.854376971E-19
482.6 0 5.717766457E-20
482.8 0 9.643372875E-21
483 0 8.03256265E-20
483.2 0 -2.600226342E-19
483.4 0 -2.253877024E-19
483.6 0 -5.754146049E-21
483.8 0 -4.351284487E-19
484 0 -2.853446952E-19
484.2 0 2.503812236E-19
484.4 0 1.846475847E-19
484.6 0 -4.69936567E-19
484.8 0 -2.120324557E-19
485 0 1.457439465E-19
485.2 0 7.421366818E-20
485.4 0 2.108002938E-19
485.6 0 -9.449048118E-20
485.8 0 2.344573151E-19
486 0 -6.03003524E-20
486.2 0 -1.946064208E-20
486.4 0 2.427955158E-19
486.6 0 1.811027751E-19
486.8 0 -3.002717512E-19
487 0 -3.929428636E-19
487.2 0 -5.444628058E-19
487.4 0 -2.4651889E-19
487.6 0 -1.223688688E-19
487.8 0 3.666951992E-19
488 0 -3.46065798E-19
488.2 0 -3.434193735E-19
488.4 0 -9.823759486E-19
488.6 0 -6.286212407E-19
488.8 0 -4.124598109E-19
489 0 -7.809477327E-19
489.2 0 -5.725385586E-20
489.4 0 3.074742101E-20
489.6 0 -1.935716898E-20
489.8 0 -4.95020785E-19
490 0 -8.407683443E-19
490.2 0 7.800387945E-20
490.4 0 -9.077842671E-19
490.6 0 6.916951466E-20
490.8 0 -1.163950825E-20
491 0 -4.360085096E-19
491.2 0 -1.468030204E-19
491.4 0 9.379384183E-19
491.6 0 -5.437841996E-20
491.8 0 -1.291508672E-18
492 0 -5.505384249E-19
492.2 0 1.026443363E-18
492.4 0 -1.052891676E-20
492.6 0 3.175568378E-20
492.8 0 -3.936166719E-19
493 0 -1.157551069E-18
493.2 0 -9.940039635E-19
493.4 0 6.961946598E-19
493.6 0 -1.347297982E-18
493.8 0 -1.417705851E-18
494 0 -7.507284293E-19
494.2 0 -7.293716604E-19
494.4 0 -3.783937914E-19
494.6 0 -1.21502722E-18
494.8 0 -1.547669952E-18
495 0 -1.023277983E-18
495.2 0 -3.174304845E-19
495.4 0 -7.055443497E-19
495.6 0 -3.56745216E-19
495.8 0 -1.482900259E-18
496 0 -1.67935026E-19
496.2 0 -3.186886316E-18
496.4 0 -1.610472756E-18
496.6 0 -2.191450806E-19
496.8 0 -5.006177278E-19
497 0 -2.598567828E-18
497.2 0 -3.58156657E-18
497.4 0 -7.63798206E-19
497.6 0 -2.005700197E-18
497.8 0 -1.681265557E-18
498 0 -1.588018869E-18
498.2 0 -6.853507575E-19
498.4 0 -3.881736727E-18
498.6 0 -3.318516787E-18
498.8 0 8.024410675E-19
499 0 -1.780785147E-18
499.2 0 -3.420323394E-18
499.4 0 -1.12684169E-17
499.6 0 -8.380206975E-18
499.8 0 1.020641036E-17
500 0 -2.525778432E-17
