0 0.007325194922 -3.1237505E-05
0.2 0.0064625 0.0014453125
0.4 0.006105567227 0.0002891781713
0.6 0.005801516213 0.0002892939351
0.8 0.005500350421 0.0003363411093
1 0.005267803486 0.0003521259014
1.2 0.005016282565 0.0002974699399
1.4 0.00478648757 0.0002584327386
1.6 0.00457531087 0.0001880264741
1.8 0.00439845004 5.48630618E-05
2 0.004243401244 0.0001254516259
2.2 0.004081952811 0.0001804091365
2.4 0.003939207513 0.0001333994576
2.6 0.003827748191 0.0001491534365
2.8 0.003697351226 0.0001492134097
3 0.003569991955 0.0001414169348
3.2 0.003433098592 4.715794769E-05
3.4 0.00331811091 -1.572564412E-05
3.6 0.003203030608 8.652587596E-05
3.8 0.003078414585 0.0001731214746
4 0.002978889561 7.872329706E-05
4.2 0.002888734879 -2.36265121E-05
4.4 0.002773295684 -7.87868092E-06
4.6 0.002679832526 2.364558111E-05
4.8 0.002592601938 3.942521195E-05
5 0.002498990307 6.310581583E-05
5.2 0.002408459596 0.000110479798
5.4 0.002317855699 7.105143492E-05
5.6 0.002230337647 1.57955924E-05
5.8 0.00213958839 -7.11089199E-05
6 0.002077220761 -3.952094294E-05
6.2 0.001992661943 5.535172065E-05
6.4 0.001923855812 3.164236533E-05
6.6 0.001851828404 1.582759319E-05
6.8 0.001795576611 2.375101338E-05
7 0.001739279197 -5.544150446E-05
7.2 0.00169561359 -0.0001030045639
7.4 0.001632888596 -3.170657468E-05
7.6 0.001573284612 7.929861957E-06
7.8 0.001516805443 3.173233144E-05
8 0.001466629419 -2.380891914E-05
8.2 0.001422764228 -7.93953252E-05
8.4 0.001366154941 -9.531313542E-05
8.6 0.001315856387 -7.945992677E-05
8.8 0.001259157509 -0.0001192384005
9 0.001202412459 -0.0001192869503
9.2 0.001161532587 -6.364562118E-05
9.4 0.001117435819 -4.775366748E-05
9.6 0.00107967285 -5.573532409E-05
9.8 0.001041879078 -7.965436378E-05
10 0.001013616891 -5.578080375E-05
10.2 0.0009821428571 -0.000143494898
10.4 0.0009538331972 -0.0001116527154
10.6 0.0009223090278 -6.382761438E-05
10.8 0.0009035298324 -0.0001197256845
11 0.0008879292723 -6.387980376E-05
11.2 0.0008563394683 -7.189417178E-05
11.4 0.0008375102291 -8.790660802E-05
11.6 0.0008154676627 -6.395824806E-05
11.8 0.0008030047093 -6.398443898E-05
12 0.0007809299467 -8.001331422E-06
12.2 0.0007652407787 8.004610656E-06
12.4 0.0007495387454 -5.605524805E-05
12.6 0.0007242104184 -8.011177194E-05
12.8 0.0007020670907 -9.617357407E-05
13 0.0006991481938 -8.819529967E-05
13.2 0.0006833932238 -6.416837782E-05
13.4 0.0006740447823 1.275518866E-20
13.6 0.0006518444307 4.556867003E-21
13.8 0.0006392629523 -8.834035773E-05
14 0.0006234574249 -9.6410942E-05
14.2 0.0006044238683 -5.626286008E-05
14.4 0.0005885909839 4.020430218E-05
14.6 0.0005727450577 4.826503295E-05
14.8 0.000560105068 8.047486609E-06
15 0.0005377936933 -8.050803792E-06
15.2 0.000525128866 -3.221649485E-05
15.4 0.0004931157178 -2.417233911E-05
15.6 0.0004933192324 -4.836463062E-05
15.8 0.000483845995 -6.451279934E-05
16 0.0004775919042 -8.874173895E-05
16.2 0.0004745609504 -8.070764463E-05
16.4 0.0004715274907 -2.42223026E-05
16.6 0.0004652605459 -1.615488007E-05
16.8 0.0004557561026 -1.616156392E-05
17 0.0004430101407 -8.084126656E-06
17.2 0.0004334886128 -8.08747412E-06
17.4 0.0004271955261 -1.618164872E-05
17.6 0.0004176595524 -2.428253212E-05
17.8 0.0004113546849 -2.42925995E-05
18 0.0003985638739 -5.670624222E-05
18.2 0.0003857624481 -7.293827801E-05
18.4 0.0003697073474 2.324039959E-21
18.6 0.0003601276993 -1.622196844E-05
18.8 0.0003570315746 -8.114353968E-05
19 0.0003506857855 -8.117726517E-06
19.2 0.0003345893971 1.624220374E-05
19.4 0.0003249792013 -8.124480033E-06
19.6 0.0003023564295 8.127861007E-06
19.8 0.0002894723147 3.252497918E-05
20 0.0002765774677 3.253852561E-05
20.2 0.0002701822917 4.069010417E-05
20.4 0.0002670383493 2.442423927E-05
20.6 0.0002638917848 -3.257923269E-05
20.8 0.0002640018773 -4.074103045E-05
21 0.000260851419 -4.075803422E-05
21.2 0.0002576983299 -3.262004175E-05
21.4 0.0002512792398 -4.895050125E-05
21.6 0.0002513842457 -2.448547848E-05
21.8 0.0002482232441 -1.191181244E-21
22 0.0002483270598 -8.168653283E-06
22.2 0.0002418933054 -3.268828452E-05
22.4 0.0002452647551 -7.357942654E-05
22.6 0.00023882433 -4.089457705E-05
22.8 0.0002356514453 -2.454702556E-05
23 0.000239024518 -3.274308466E-05
23.2 0.0002358490566 -3.275681342E-05
23.4 0.0002326709312 -1.638527685E-05
23.6 0.0002294901385 1.252271462E-20
23.8 0.0002230268682 1.794539039E-20
24 0.0002198393532 -2.460888282E-05
24.2 0.0002133665966 -1.641281513E-05
24.4 0.0002068883985 -2.462957125E-05
24.6 0.0002004047519 -4.927985702E-05
24.8 0.000190628944 -1.643352966E-05
25 0.0001775568182 -1.644044613E-05
25.2 0.0001743421053 -1.644736842E-05
25.4 0.0001678338248 -1.645429655E-05
25.6 0.000161320059 -8.230615255E-06
25.8 0.000154800801 4.11704258E-05
26 0.0001515710671 1.647511598E-05
26.2 0.0001483386076 8.241033755E-06
26.4 0.0001352100042 3.297804981E-05
26.6 0.0001286687078 2.474398226E-05
26.8 0.0001287230672 2.475443599E-05
27 0.0001287774725 2.476489856E-05
27.2 0.0001288319239 4.955073996E-05
27.4 0.0001255816413 8.261950085E-06
27.6 0.0001223286077 2.47963394E-05
27.8 0.000112457663 -1.653789162E-05
28 0.0001158142736 -5.790713681E-05
28.2 0.0001158633475 -1.01502967E-20
28.4 0.0001092888936 -8.279461636E-06
28.6 0.0001093352417 -8.282972858E-06
28.8 0.0001093816292 -1.657297412E-05
29 0.0001127440577 8.290004244E-06
29.2 0.0001127919321 1.658704883E-05
29.4 0.0001128398471 -2.489114274E-05
29.6 0.0001162080323 -4.980344241E-05
29.8 0.0001162574405 4.680029225E-21
30 0.0001163068907 1.66152701E-05
30.2 0.000116356383 -2.493351064E-05
30.4 0.0001164059174 2.494412516E-05
30.6 0.000116455494 6.654599659E-05
30.8 0.0001131763954 -3.328717512E-05
31 0.0001165547741 -8.325341006E-05
31.2 0.0001099413646 -2.498667377E-05
31.4 0.0001066552901 -3.332977816E-05
31.6 0.0001067008109 -3.334400341E-05
31.8 0.0001000747225 -6.936226054E-21
32 9.678022213E-05 1.668624519E-05
32.2 9.014423077E-05 2.330550924E-20
32.4 9.018277041E-05 -1.670051304E-05
32.6 9.022134303E-05 -1.670765612E-05
32.8 9.025994865E-05 -4.178701326E-05
33 9.029858733E-05 -5.852686216E-05
33.2 9.03372591E-05 -5.018736617E-05
33.4 9.037596401E-05 -2.510443445E-05
33.6 9.04147021E-05 -2.511519503E-05
33.8 9.045347341E-05 -8.375321612E-06
34 9.049227799E-05 -8.378914629E-06
34.2 9.053111588E-05 -8.38251073E-06
34.4 8.721554315E-05 -8.386109918E-06
34.6 8.725300687E-05 -2.51691366E-05
34.8 8.729050279E-05 -3.357327031E-05
35 8.732803095E-05 -2.519077816E-05
35.2 8.73655914E-05 -1.680107527E-05
35.4 8.740318417E-05 -1.680830465E-05
35.6 8.74408093E-05 -1.681554025E-05
35.8 8.747846684E-05 -1.407998423E-20
36 8.751615683E-05 -1.172946943E-20
36.2 8.755387931E-05 -8.418642241E-06
36.4 8.759163433E-05 8.422272531E-06
36.6 8.425905953E-05 1.685181191E-05
36.8 8.092360811E-05 1.685908502E-05
37 7.758527634E-05 8.433182211E-06
37.2 7.424406048E-05 2.531047516E-05
37.4 7.42761452E-05 8.440471046E-06
37.6 7.430825767E-05 2.533236057E-05
37.8 7.096128893E-05 6.758217993E-05
38 7.099199481E-05 1.690285591E-05
38.2 7.44047619E-05 -1.691017316E-05
38.4 7.443698571E-05 8.458748376E-06
38.6 7.446923744E-05 -2.138340543E-20
38.8 7.450151712E-05 -8.466081491E-06
39 7.114592368E-05 -3.686076908E-21
39.2 7.117678959E-05 2.5420282E-05
39.4 6.781684028E-05 8.477105035E-06
39.6 6.784628745E-05 -1.696157186E-05
39.8 6.787576021E-05 -1.696894005E-05
40 6.450999565E-05 -3.395262929E-05
40.2 6.114130435E-05 8.491847826E-06
40.4 6.116789909E-05 3.398216616E-05
40.6 6.119451697E-05 9.592464349E-21
40.8 6.122115803E-05 -1.700587723E-05
41 6.12478223E-05 7.323448852E-22
41.2 6.12745098E-05 2.553104575E-05
41.4 6.130122058E-05 1.702811683E-05
41.6 6.132795464E-05 8.517771478E-06
41.8 6.135471204E-05 -8.521487784E-06
42 6.479157573E-05 -7.6726866E-05
42.2 6.4819869E-05 -3.411572052E-05
42.4 6.143512451E-05 2.559796855E-05
42.6 6.146197552E-05 8.53638549E-06
42.8 6.148885002E-05 1.708023612E-05
43 6.151574803E-05 2.563156168E-05
43.2 6.496170678E-05 -2.564277899E-05
43.4 6.841068301E-05 -2.565400613E-05
43.6 6.844064827E-05 4.277540517E-05
43.8 6.50471078E-05 5.991180982E-05
44 6.507562473E-05 3.42503288E-05
44.2 7.195723684E-05 -3.426535088E-05
44.4 7.884488811E-05 -1.714019307E-05
44.6 8.230904302E-05 4.286929324E-05
44.8 8.577624067E-05 1.808161198E-20
45 9.267904218E-05 -1.716278559E-05
45.2 9.271978022E-05 1.717032967E-05
45.4 8.588940193E-05 -3.435576077E-05
45.6 7.905301364E-05 2.518562418E-22
45.8 7.564920775E-05 1.719300176E-05
46 7.224240423E-05 -3.440114487E-05
46.2 6.883259912E-05 -2.581222467E-05
46.4 6.886293521E-05 4.303933451E-05
46.6 6.889329806E-05 8.611662257E-05
46.8 6.547750331E-05 3.446184385E-05
47 6.205869373E-05 8.619263019E-06
47.2 5.863686534E-05 8.623068433E-06
47.4 5.866276502E-05 -8.626877208E-06
47.6 5.523641184E-05 1.72613787E-05
47.8 5.180702918E-05 3.453801945E-05
48 4.8374613E-05 1.72766475E-05
48.2 4.493915929E-05 2.592643805E-05
48.4 4.150066401E-05 8.645971669E-06
48.6 3.805912312E-05 -4.324900354E-05
48.8 3.461453257E-05 -2.596089942E-05
49 3.11668883E-05 -3.462987589E-05
49.2 2.771618625E-05 -6.929046563E-05
49.4 2.426242236E-05 -1.733030169E-05
49.6 2.42731913E-05 -6.068297825E-05
49.8 2.081483126E-05 -8.672846359E-05
50 1.735339849E-05 -6.941359396E-05
50.2 1.041666667E-05 -8.680555556E-05
50.4 1.042129835E-05 -6.947532237E-05
50.6 3.475311388E-06 -9.557106317E-05
50.8 0 -9.561359591E-05
51 0 -5.217609083E-05
51.2 0 -1.739977728E-05
51.4 0 2.169689194E-20
51.6 0 -4.353823005E-05
51.8 0 -6.969223907E-05
52 0 -6.97233378E-05
52.2 0 -7.847377232E-05
52.4 0 -5.233921393E-05
52.6 0 -8.727100089E-06
52.8 0 -4.365500671E-05
53 3.493962433E-06 -7.861415474E-05
53.2 1.048657718E-05 -2.621644295E-05
53.4 1.049127126E-05 -2.622817816E-05
53.6 1.049596955E-05 -6.122648903E-05
53.8 1.050067204E-05 -5.250336022E-05
54 1.050537875E-05 -2.626344688E-05
54.2 1.051008969E-05 -1.751681614E-05
54.4 1.051480485E-05 -6.13363616E-05
54.6 1.051952424E-05 -3.506508079E-05
54.8 1.052424787E-05 -5.262123934E-05
55 1.052897574E-05 -5.264487871E-05
55.2 7.02247191E-06 -1.755617978E-05
55.4 1.053844424E-05 -3.512814748E-05
55.6 1.405757985E-05 -2.096658761E-20
55.8 1.757988299E-05 1.757988299E-05
56 2.110535795E-05 -1.758779829E-05
56.2 2.111486486E-05 -3.864836913E-21
56.4 2.112438035E-05 1.760365029E-05
56.6 2.113390442E-05 1.761158702E-05
56.8 2.114343708E-05 8.809765449E-06
57 2.115297834E-05 -2.644122292E-05
57.2 2.468961625E-05 -8.81772009E-06
57.4 2.117208672E-05 8.8217028E-06
57.6 2.118165386E-05 -8.82568911E-06
57.8 2.472310127E-05 8.829679024E-06
58 2.826775215E-05 4.416836273E-05
58.2 3.181561086E-05 1.767533937E-05
58.4 3.890334993E-05 2.652501132E-05
58.6 4.599750906E-05 7.076539855E-05
58.8 5.309809696E-05 6.194777979E-05
59 5.666364461E-05 3.541477788E-05
59.2 5.31462585E-05 2.657312925E-05
59.4 4.962568058E-05 4.430864338E-05
59.6 4.255560599E-05 5.319450749E-05
59.8 3.54791099E-05 1.773955495E-05
60 3.19457065E-05 -1.774761472E-05
60.2 3.551136364E-05 -1.775568182E-05
60.4 3.552751251E-05 -1.776375625E-05
60.6 4.265241128E-05 -8.885919017E-06
60.8 4.978379609E-05 -1.777992717E-05
61 4.98064663E-05 -3.557604736E-05
61.2 4.626993166E-05 -8.898063781E-06
61.4 4.985186873E-05 -1.780423883E-05
61.6 5.6999544E-05 -7.802490571E-21
61.8 5.702554745E-05 8.910241788E-06
62 6.061729804E-05 -3.565723414E-05
62.2 6.421232877E-05 -5.351027397E-05
62.4 6.424166286E-05 -1.784490635E-05
62.6 6.78416362E-05 -2.677959324E-05
62.8 6.787265661E-05 -3.572245085E-05
63 6.432982617E-05 -4.467349039E-05
63.2 7.151029748E-05 -5.363272311E-05
63.4 7.154304029E-05 1.788576007E-05
63.6 7.15758131E-05 1.789395328E-05
63.8 7.518904675E-05 3.12166115E-21
64 7.880559376E-05 -1.791036222E-05
64.2 8.242545872E-05 -7.167431193E-05
64.4 8.604864617E-05 -5.378040385E-05
64.6 8.96751607E-05 -2.690254821E-05
64.8 8.971635278E-05 -1.794327056E-05
65 8.975758272E-05 -2.692727482E-05
65.2 8.979885057E-05 -2.693965517E-05
65.4 8.984015639E-05 -2.914595626E-20
65.6 8.988150023E-05 -1.797630005E-05
65.8 8.992288214E-05 -8.992288214E-06
66 8.996430216E-05 3.632632917E-21
66.2 9.000576037E-05 4.125807294E-21
66.4 9.00472568E-05 2.701417704E-05
66.6 9.008879151E-05 1.80177583E-05
66.8 9.013036456E-05 2.703910937E-05
67 8.656509695E-05 9.017197599E-06
67.2 8.660508083E-05 -3.608545035E-05
67.4 9.025531423E-05 -4.512765712E-05
67.6 9.390892279E-05 -9.029704115E-06
67.8 0.0001011794635 9.033880666E-06
68 0.0001012262841 -3.615224433E-05
68.2 0.0001012731481 -9.04224537E-06
68.4 9.770148217E-05 1.809286707E-05
68.6 9.774675626E-05 -9.050625579E-06
68.8 0.0001050359295 -2.716446453E-05
69 0.000108708256 1.811804267E-05
69.2 0.0001087587007 2.718967517E-05
69.4 0.0001088091922 -6.347202878E-05
69.6 0.000116117046 -5.44298653E-05
69.8 0.000108910316 -3.351199579E-22
70 0.0001053289168 -5.44804742E-05
70.2 0.000105377907 -5.450581395E-05
70.4 0.0001054269428 -3.635411819E-05
70.6 0.0001054760242 -5.455656425E-05
70.8 0.0001091639497 -9.096995808E-06
71 0.0001092148183 -1.906494311E-20
71.2 0.0001056235431 -9.105477855E-06
71.4 0.0001056728078 -2.732917444E-05
71.6 0.0001057221185 -5.468385441E-05
71.8 0.000102124183 -1.823646125E-05
72 9.85228865E-05 9.122489491E-06
72.2 9.49182243E-05 1.825350467E-05
72.4 9.131019168E-05 -2.73930575E-05
72.6 9.50070159E-05 -3.654115996E-05
72.8 9.505147403E-05 2.741869443E-05
73 9.509597378E-05 2.74315309E-05
73.2 9.148126464E-05 9.148126464E-06
73.4 8.786316776E-05 -2.745723993E-05
73.6 8.424167839E-05 -1.831340835E-05
73.8 8.428119137E-05 -1.832199812E-05
74 8.065462224E-05 -9.165297982E-06
74.2 7.335680751E-05 2.750880282E-05
74.4 7.33912635E-05 -2.752172381E-05
74.6 7.709703947E-05 -5.506931391E-05
74.8 7.346027268E-05 -1.192534288E-21
75 6.982008467E-05 1.837370649E-05
75.2 7.352941176E-05 -1.838235294E-05
75.4 7.356403013E-05 3.80501586E-21
75.6 6.991874706E-05 2.759950542E-05
75.8 6.995169651E-05 2.986211345E-21
76 7.735148515E-05 2.762553041E-05
76.2 7.370283019E-05 2.763856132E-05
76.4 7.742449269E-05 -5.530320906E-05
76.6 8.11496695E-05 -9.221553352E-06
76.8 7.380727444E-05 2.767772792E-05
77 7.015004726E-05 -1.846053875E-05
77.2 6.279550827E-05 9.347080444E-21
77.4 6.282521287E-05 2.771700568E-05
77.6 6.285494558E-05 3.233321119E-21
77.8 6.288470644E-05 -3.699100379E-05
78 6.661534818E-05 -2.775639507E-05
78.2 6.664691943E-05 -4.628258294E-05
78.4 6.667852063E-05 -5.556543385E-05
78.6 6.67101518E-05 -5.559179317E-05
78.8 6.6741813E-05 -2.780908875E-05
79 6.306386515E-05 1.854819563E-05
79.2 5.567102138E-05 2.783551069E-05
79.4 5.198431559E-05 2.784874049E-05
79.6 4.457917261E-05 9.287327627E-06
79.8 3.716698382E-05 -9.291745956E-06
80 2.974773917E-05 1.26327089E-20
80.2 2.232142857E-05 9.300595238E-06
80.4 1.116603144E-05 3.461846648E-21
80.6 3.723784557E-06 3.723784557E-05
80.8 0 6.519730567E-05
81 0 9.318344466E-06
81.2 3.729116945E-06 -2.796837709E-05
81.4 7.461795606E-06 2.798173352E-05
81.6 3.732680363E-06 5.599020545E-05
81.8 0 3.734464627E-05
82 0 3.736250598E-05
82.2 0 -1.225539961E-20
82.4 0 -3.739827669E-05
82.6 3.741618774E-06 -2.80621408E-05
82.8 7.486823191E-06 5.103499255E-21
83 1.123561841E-05 9.36301534E-06
83.2 1.124100719E-05 -4.683752998E-05
83.4 1.124640115E-05 -6.560400672E-05
83.6 1.125180029E-05 9.37650024E-06
83.8 1.125720461E-05 3.752401537E-05
84 1.126261413E-05 -2.815653532E-05
84.2 1.126802885E-05 -2.817007212E-05
84.4 1.127344877E-05 1.878908129E-05
84.6 1.127887392E-05 -9.399061598E-06
84.8 1.128430429E-05 -6.582510833E-05
85 1.505298651E-05 -3.763246628E-05
85.2 1.88253012E-05 2.823795181E-05
85.4 2.260125362E-05 1.883437801E-05
85.6 2.638084901E-05 -3.768692716E-05
85.8 3.016409266E-05 -3.770511583E-05
86 3.395098986E-05 -9.430830517E-06
86.2 3.774154589E-05 1.887077295E-05
86.4 3.775978734E-05 2.83198405E-05
86.6 3.777804642E-05 4.722255803E-05
86.8 3.779632317E-05 6.614356555E-05
87 3.781461762E-05 1.890730881E-05
87.2 3.783292978E-05 -1.891646489E-05
87.4 3.785125969E-05 -1.892562984E-05
87.6 3.786960737E-05 -2.840220553E-05
87.8 3.788797284E-05 -2.841597963E-05
88 4.169699175E-05 3.616981301E-21
88.2 4.171723301E-05 1.896237864E-05
88.4 3.79431763E-05 2.845738222E-05
88.6 3.796161322E-05 -9.490403304E-06
88.8 4.177807487E-05 -9.495017015E-06
89 3.799854086E-05 1.899927043E-05
89.2 3.801703163E-05 1.804499105E-21
89.4 3.423198637E-05 -9.508885102E-06
89.6 3.805406722E-05 1.902703361E-05
89.8 3.807261209E-05 2.855445906E-05
90 3.428205753E-05 1.904558752E-05
90.2 3.048780488E-05 3.81097561E-05
90.4 2.668984871E-05 1.986644761E-21
90.6 2.670288086E-05 -2.861022949E-05
90.8 2.671592574E-05 2.185074064E-20
91 2.672898338E-05 9.546065494E-06
91.2 2.674205379E-05 9.550733496E-06
91.4 2.675513699E-05 2.86662182E-05
91.6 2.676823299E-05 3.824033284E-05
91.8 2.678134182E-05 2.869429481E-05
92 2.67944635E-05 1.91389025E-05
92.2 2.680759804E-05 9.574142157E-06
92.4 2.682074546E-05 1.915767533E-05
92.6 2.683390579E-05 3.833415113E-05
92.8 2.684707904E-05 1.917648503E-05
93 2.686026523E-05 -9.592951866E-06
93.2 2.687346437E-05 1.91953317E-05
93.4 2.68866765E-05 2.880715339E-05
93.6 2.305705853E-05 9.607107723E-06
93.8 2.306840551E-05 9.61183563E-06
94 1.923313639E-05 9.616568193E-06
94.2 1.924261084E-05 -9.621305419E-06
94.4 1.925209463E-05 -1.925209463E-05
94.6 1.926158777E-05 -8.734580943E-21
94.8 1.927109028E-05 9.635545141E-06
95 1.928060217E-05 -9.640301086E-06
95.2 1.543209877E-05 -2.158685579E-21
95.4 1.543972332E-05 1.721311213E-20
95.6 1.158551656E-05 -2.89637914E-05
95.8 7.727497527E-06 -9.659371909E-06
96 3.865660564E-06 1.445450339E-20
96.2 0 2.443125325E-20
96.4 0 2.635448961E-20
96.6 0 -2.9035555E-05
96.8 0 -9.683316807E-06
97 0 -8.252324373E-21
97.2 0 -9.69292804E-06
97.4 0 1.939548163E-05
97.6 0 9.702558371E-06
97.8 0 -7.675727629E-21
98 0 9.712207857E-06
98.2 0 -9.717039801E-06
98.4 0 -2.916562967E-05
98.6 0 -1.945343625E-05
98.8 0 1.296472428E-20
99 0 -1.947283151E-05
99.2 0 -3.896508728E-05
99.4 0 -2.92383982E-05
99.6 0 9.750998502E-06
99.8 0 2.926760739E-05
100 0 2.928223388E-05
100.2 0 2.9296875E-05
100.4 0 2.931153077E-05
100.6 0 -1.95508008E-05
100.8 3.912118177E-06 -3.912118177E-05
101 7.828156313E-06 -1.210669866E-20
101.2 1.17481203E-05 -2.289749499E-22
101.4 1.175401204E-05 -8.713446118E-21
101.6 1.175990968E-05 -9.799924737E-06
101.8 1.176581325E-05 -9.804844378E-06
102 7.847815168E-06 9.80976896E-06
102.2 7.851758794E-06 9.814698492E-06
102.4 7.855706385E-06 1.963926596E-05
102.6 1.178948692E-05 3.929828974E-05
102.8 1.179542023E-05 9.82951686E-06
103 1.180135952E-05 -2.950339879E-05
103.2 1.180730479E-05 -9.839420655E-06
103.4 1.181325605E-05 -1.968876008E-05
103.6 1.181921331E-05 -5.909606657E-05
103.8 1.182517659E-05 -2.956294147E-05
104 1.183114589E-05 -9.859288238E-06
104.2 1.183712121E-05 -3.945707071E-05
104.4 1.184310258E-05 -5.921551289E-05
104.6 1.184908999E-05 -5.924544995E-05
104.8 1.185508346E-05 -3.951694487E-05
105 1.1861083E-05 1.976847166E-05
105.2 1.186708861E-05 2.966772152E-05
105.4 1.18731003E-05 9.894250253E-06
105.6 1.187911809E-05 -4.949632539E-05
105.8 1.584685598E-05 -4.952142495E-05
106 1.189117199E-05 -9.909309995E-06
106.2 1.586294416E-05 3.809174632E-21
106.4 1.587100051E-05 1.983875063E-05
106.6 1.587906504E-05 -2.977324695E-05
106.8 1.588713777E-05 -2.978838332E-05
107 1.589521872E-05 9.934511699E-06
107.2 1.192748092E-05 -3.899232629E-21
107.4 7.955702648E-06 9.94462831E-06
107.6 7.959755476E-06 2.984908304E-05
107.8 1.194571865E-05 -1.948421283E-20
108 1.593574707E-05 -9.959841917E-06
108.2 1.195790816E-05 1.078210032E-20
108.4 7.976008167E-06 -2.991003063E-05
108.6 7.980081716E-06 3.949437418E-21
108.8 7.984159428E-06 1.996039857E-05
109 1.198236196E-05 9.985301636E-06
109.2 1.198849105E-05 2.997122762E-05
109.4 1.199462641E-05 4.997761003E-05
109.6 1.200076805E-05 8.000512033E-05
109.8 1.200691598E-05 7.004034324E-05
110 1.201307022E-05 4.00435674E-05
110.2 1.201923077E-05 3.004807692E-05
110.4 1.603386352E-05 2.00423294E-05
110.6 1.604209446E-05 2.005261807E-05
110.8 1.605033385E-05 2.006291731E-05
111 2.007322713E-05 -2.007322713E-05
111.2 2.008354756E-05 -5.020886889E-05
111.4 2.00938786E-05 2.632136827E-20
111.6 2.010422028E-05 4.020844056E-05
111.8 2.011457261E-05 2.011457261E-05
112 2.01249356E-05 2.01249356E-05
112.2 2.818943299E-05 3.020296392E-05
112.4 3.223310985E-05 6.043708097E-05
112.6 3.2249742E-05 7.054631063E-05
112.8 3.629969024E-05 4.033298916E-05
113 4.035382231E-05 4.035382231E-05
113.2 4.44121447E-05 4.0374677E-05
113.4 4.847466391E-05 4.039555326E-05
113.6 5.254138645E-05 4.041645111E-05
113.8 5.661231884E-05 3.032802795E-05
114 6.068746763E-05 4.045831176E-05
114.2 6.476683938E-05 3.035945596E-05
114.4 6.885044064E-05 1.01250648E-05
114.6 6.888615145E-05 1.013031639E-05
114.8 7.703035807E-05 1.013557343E-05
115 8.112668744E-05 -2.028167186E-05
115.2 8.522727273E-05 -1.01461039E-05
115.4 8.121101871E-05 2.030275468E-05
115.6 8.937857514E-05 -3.04699688E-05
115.8 9.755463059E-05 -3.048582206E-05
116 0.0001057391983 2.033446122E-05
116.2 0.0001098632813 -4.707707537E-21
116.4 0.0001139916623 1.017782699E-05
116.6 0.0001140510949 -8.626594942E-21
116.8 0.0001222613459 -3.056533646E-05
117 0.0001264026618 -3.058128914E-05
117.2 0.0001346279373 3.669398157E-21
117.4 0.0001346982759 2.040882968E-05
117.6 0.0001388525876 -5.104874543E-05
117.8 0.0001430112448 -7.150562238E-05
118 0.000151262428 2.398770654E-20
118.2 0.0001636125654 -5.700220562E-21
118.4 0.0001718831849 -4.092456784E-05
118.6 0.0001760678721 -2.047300839E-05
118.8 0.0001843536969 3.072561615E-05
119 0.0001803515215 1.024724554E-05
119.2 0.000188648294 -2.050524934E-05
119.4 0.0001887473739 -2.051601891E-05
119.6 0.0001806358382 -1.026339989E-05
119.8 0.0001807308097 2.053759201E-05
120 0.0001808258811 1.027419779E-05
120.2 0.0001850328947 -1.027960526E-05
120.4 0.0001892443391 -2.589734949E-20
120.6 0.0001852278714 1.02904373E-05
120.8 0.000185325514 -1.029586189E-05
121 0.0001813027426 -5.639626428E-21
121.2 0.0001772757256 2.061345646E-05
121.4 0.0001732444562 1.031217001E-05
121.6 0.0001650818806 -2.063523508E-05
121.8 0.0001651691332 -1.032307082E-05
122 0.0001652564781 1.032852988E-05
122.2 0.0001612103175 2.066798942E-05
122.4 0.0001571598729 2.067893065E-05
122.6 0.0001531051377 3.103482521E-05
122.8 0.0001490461049 4.140169581E-05
123 0.0001449827678 2.071182397E-05
123.2 0.0001409151194 2.072281167E-05
123.4 0.0001368431529 -2.073381104E-05
123.6 0.0001327668614 -2.074482209E-05
123.8 0.000128686238 -1.037792242E-05
124 0.0001246012759 1.038343966E-05
124.2 0.0001205119681 2.077792553E-05
124.4 0.0001164183076 -4.1577967E-05
124.6 0.0001123202875 -4.16001065E-05
124.8 0.0001082179009 -5.202783697E-05
125 0.0001041111407 -6.246668443E-05
125.2 0.0001 -2.083333333E-05
125.4 9.588447172E-05 -2.084445037E-05
125.6 9.176454885E-05 -1.042778964E-05
125.8 8.764022436E-05 -1.043336004E-05
126 8.351149118E-05 -1.04389364E-05
126.2 7.937834225E-05 1.044451872E-05
126.4 7.524077047E-05 -4.180042804E-05
126.6 7.109876874E-05 -6.273420771E-05
126.8 6.695232994E-05 -3.138390466E-05
127 6.280144695E-05 -1.046690782E-05
127.2 5.86461126E-05 -6.283512064E-05
127.4 5.867757511E-05 -4.191255365E-05
127.6 5.032206119E-05 4.193505099E-05
127.8 5.0349087E-05 1.048939313E-05
128 4.617813004E-05 -1.049502955E-05
128.2 4.200268817E-05 -1.103947692E-20
128.4 4.202528241E-05 1.05063206E-05
128.6 5.045748116E-05 2.102395048E-05
128.8 5.469170705E-05 -1.051763597E-05
129 5.893049569E-05 -3.156990841E-05
129.2 5.896226415E-05 -2.105795148E-05
129.4 6.32079288E-05 -1.05346548E-05
129.6 6.745817593E-05 -1.054033999E-05
129.8 6.749460043E-05 2.109206263E-05
130 6.753106429E-05 4.220691518E-05
130.2 7.179054054E-05 -1.428020302E-20
130.4 6.760411033E-05 1.056314224E-05
130.6 6.764069264E-05 5.284429113E-05
130.8 6.34474824E-05 4.22983216E-05
131 6.348185265E-05 -1.058030878E-05
131.2 6.351626016E-05 1.058604336E-05
131.4 6.778741866E-05 3.177535249E-05
131.6 6.782419967E-05 -2.11950624E-05
131.8 6.786102063E-05 -1.060328447E-05
132 6.789788159E-05 -8.122482477E-21
132.2 7.218070652E-05 1.061480978E-05
132.4 7.646818923E-05 2.124116368E-05
132.6 8.076033732E-05 2.125272035E-05
132.8 8.505715841E-05 1.06321448E-05
133 8.935866013E-05 -1.063793573E-05
133.2 8.940735695E-05 -1.064373297E-05
133.4 8.945610687E-05 -2.129907306E-05
133.6 8.950490998E-05 -1.065534643E-05
133.8 8.528930131E-05 3.2337293E-21
134 8.960267613E-05 -1.066698525E-05
134.2 8.965163934E-05 -1.067281421E-05
134.4 8.97006561E-05 -1.067864954E-05
134.6 9.829731947E-05 -1.068449125E-05
134.8 9.407498632E-05 5.316017637E-21
135 9.840498357E-05 -3.20885816E-05
135.2 0.000102739726 -3.210616438E-05
135.4 0.0001113623904 1.070792215E-05
135.6 0.0001114234778 3.214138782E-05
135.8 0.0001157725027 4.554561884E-20
136 0.0001158360791 1.072556288E-05
136.2 0.0001158997253 2.444039843E-20
136.4 0.0001073735569 -4.294942276E-05
136.6 0.0001031353135 -2.148652365E-05
136.8 9.459273528E-05 -3.224752339E-05
137 9.034278634E-05 -8.60407489E-05
137.2 8.178374656E-05 -8.608815427E-05
137.4 7.321527012E-05 -7.536866042E-05
137.6 6.894649752E-05 -6.463734142E-05
137.8 6.898454746E-05 -3.233650662E-05
138 6.470872446E-05 3.688732342E-21
138.2 6.906077348E-05 1.639956359E-20
138.4 6.046158098E-05 2.159342178E-05
138.6 5.185287611E-05 -1.080268252E-05
138.8 5.188157167E-05 -7.566062535E-05
139 5.1910299E-05 -4.32585825E-05
139.2 4.761080332E-05 1.082063712E-05
139.4 4.330654102E-05 3.247990576E-05
139.6 4.333056018E-05 -2.166528009E-05
139.8 4.335460599E-05 -3.25159545E-05
140 4.337867851E-05 -1.084466963E-05
140.2 4.340277778E-05 2.170138889E-05
140.4 4.342690384E-05 2.171345192E-05
140.6 4.345105673E-05 3.36303992E-20
140.8 4.782276016E-05 2.173761825E-05
141 4.784938753E-05 3.262458241E-05
141.2 4.352367688E-05 1.088091922E-05
141.4 4.354793757E-05 1.088698439E-05
141.6 3.485778026E-05 3.267916899E-05
141.8 3.923688616E-05 4.359654018E-05
142 3.489670575E-05 3.271566164E-05
142.2 3.491620112E-05 4.36452514E-05
142.4 3.493571828E-05 4.366964785E-05
142.6 3.495525727E-05 2.184703579E-05
142.8 3.497481813E-05 2.185926133E-05
143 3.49944009E-05 2.187150056E-05
143.2 3.50140056E-05 2.18837535E-05
143.4 3.941283632E-05 3.284403027E-05
143.6 3.505328099E-05 6.572490185E-05
143.8 3.507295174E-05 2.192059484E-05
144 3.509264458E-05 -2.193290286E-05
144.2 3.511235955E-05 -8.524926931E-21
144.4 3.513209668E-05 -2.36448537E-20
144.6 3.515185602E-05 -1.098495501E-05
144.8 3.517163759E-05 -2.198227349E-05
145 3.519144144E-05 1.099732545E-05
145.2 3.521126761E-05 4.401408451E-05
145.4 3.523111612E-05 9.752330637E-21
145.6 3.525098703E-05 -1.101593345E-05
145.8 3.527088036E-05 -1.102215011E-05
146 3.529079616E-05 -4.41134952E-05
146.2 3.531073446E-05 -5.51730226E-05
146.4 3.533069531E-05 -1.104084228E-05
146.6 3.535067873E-05 -2.76031744E-21
146.8 3.537068478E-05 -3.316001698E-05
147 3.539071348E-05 1.105959796E-05
147.2 3.541076487E-05 2.213172805E-05
147.4 3.5430839E-05 -4.428854875E-05
147.6 4.431366988E-05 -6.647050482E-05
147.8 4.433881952E-05 -3.325411464E-05
148 4.436399773E-05 -1.109099943E-05
148.2 4.438920455E-05 -3.329190341E-05
148.4 4.441444002E-05 -1.110361001E-05
148.6 4.443970421E-05 3.332977816E-05
148.8 4.001849744E-05 -2.223249858E-05
149 4.449031891E-05 -3.336773918E-05
149.2 4.451566952E-05 -4.451566952E-05
149.4 4.454104903E-05 -4.454104903E-05
149.6 4.010981175E-05 -3.342484313E-05
149.8 4.459189498E-05 -7.803581621E-05
150 3.569388921E-05 -6.692604226E-05
150.2 3.571428571E-05 -1.116071429E-05
150.4 3.126786735E-05 2.233419097E-05
150.6 3.128575515E-05 -2.234696796E-05
150.8 2.683171151E-05 -7.825915856E-05
151 2.237256586E-05 -4.474513173E-05
151.2 1.790830946E-05 2.238538682E-05
151.4 1.791857798E-05 3.336560093E-20
151.6 8.964429145E-06 3.895064477E-20
151.8 4.4847876E-06 -1.1211969E-05
152 0 -7.852886272E-05
152.2 0 -3.367456897E-05
152.4 0 2.24626222E-05
152.6 0 1.12377733E-05
152.8 0 -1.124424295E-05
153 0 -2.250144009E-05
153.2 0 1.125720461E-05
153.4 0 2.252739331E-05
153.6 0 3.381058857E-05
153.8 0 -2.255340647E-05
154 0 -3.384965338E-05
154.2 0 4.515895954E-05
154.4 0 3.388880856E-05
154.6 0 5.651403356E-05
154.8 0 3.392805443E-05
155 0 3.394771147E-05
155.2 0 6.793478261E-05
155.4 0 2.265806265E-05
155.6 0 -3.489509368E-21
155.8 0 1.946867208E-20
156 0 2.269755956E-05
156.2 0 2.271075581E-05
156.4 0 2.272396742E-05
156.6 0 1.136859721E-05
156.8 0 -2.198374952E-21
157 0 3.414554196E-05
157.2 0 1.53631466E-20
157.4 0 -3.418538506E-05
157.6 0 2.2803561E-05
157.8 0 1.140844042E-05
158 0 -6.849064874E-05
158.2 0 -5.710891813E-05
158.4 0 -3.428540082E-05
158.6 0 -1.737555448E-21
158.8 4.576742824E-06 4.576742824E-05
159 0 4.579425557E-05
159.2 0 3.436583578E-05
159.4 0 2.292400235E-05
159.6 0 2.29374633E-05
159.8 0 1.147547004E-05
160 4.592886537E-06 1.148221634E-05
160.2 4.595588235E-06 1.049824573E-20
160.4 0 1.149573278E-05
160.6 4.601001178E-06 5.751251472E-05
160.8 4.603712434E-06 4.603712434E-05
161 4.606426887E-06 2.303213443E-05
161.2 9.218289086E-06 2.304572271E-05
161.4 1.383559622E-05 1.152966352E-05
161.6 1.845835794E-05 2.789149387E-20
161.8 2.308658392E-05 7.747458059E-21
162 2.772028386E-05 -1.155011827E-05
162.2 3.235946746E-05 -1.155695266E-05
162.4 3.237862641E-05 7.630348689E-21
162.6 3.239780806E-05 -9.856059028E-21
162.8 3.704801423E-05 1.157750445E-05
163 4.170373665E-05 2.316874259E-05
163.2 4.636498516E-05 8.113872404E-05
163.4 4.639251781E-05 9.278503563E-05
163.6 5.10620915E-05 7.390137183E-21
163.8 5.57372176E-05 -6.9671522E-05
164 6.041790601E-05 -5.809414039E-05
164.2 6.975446429E-05 -2.32514881E-05
164.4 7.910214413E-05 -2.326533651E-05
164.6 8.380512515E-05 -1.163960072E-05
164.8 8.851371497E-05 -1.164654144E-05
165 9.322792363E-05 7.184544288E-21
165.2 9.794776119E-05 2.332089552E-05
165.4 0.0001026732378 2.720539282E-20
165.6 0.0001074043634 1.669650606E-20
165.8 0.0001121411483 -3.504410885E-05
166 0.0001075329144 -2.710189378E-21
166.2 0.0001075973054 5.847679641E-05
166.4 0.0001076617735 1.170236669E-05
166.6 0.0001077263189 1.170938249E-05
166.8 0.0001077909418 1.171640672E-05
167 0.0001078556423 1.172343938E-05
167.2 0.0001079204204 1.173048048E-05
167.4 0.0001079852764 -1.173753005E-05
167.6 0.0001080502105 -1.174458809E-05
167.8 0.0001081152226 2.350330927E-05
168 0.0001034768212 4.703491872E-05
168.2 9.883283133E-05 5.882906627E-05
168.4 9.418324292E-05 5.886452682E-05
168.6 8.481604343E-05 -1.21343161E-20
168.8 7.543753772E-05 -2.357423054E-05
169 7.076539855E-05 2.358846618E-05
169.2 6.608761329E-05 4.720543807E-05
169.4 6.14041717E-05 -2.679939309E-20
169.6 5.671506352E-05 -1.181563823E-05
169.8 5.202027845E-05 1.182279056E-05
170 4.731980618E-05 -1.182995154E-05
170.2 4.261363636E-05 -2.367424242E-05
170.4 3.790175864E-05 2.368859915E-05
170.6 3.318416262E-05 5.925743325E-05
170.8 3.320431087E-05 9.075724161E-21
171 2.84781288E-05 -3.5597661E-05
171.2 2.374620061E-05 -1.18731003E-05
171.4 1.900851582E-05 -3.564096715E-05
171.6 1.902008521E-05 -7.132531954E-05
171.8 1.90316687E-05 -1.189479294E-05
172 1.428244973E-05 3.570612431E-05
172.2 9.527439024E-06 1.007837453E-20
172.4 0 -2.383312996E-05
172.6 0 -3.577152015E-05
172.8 0 -2.386224801E-05
173 0 1.193841687E-05
173.2 0 3.583715596E-05
173.4 0 3.585908813E-05
173.6 0 2.39206981E-05
173.8 0 3.590303309E-05
174 0 2.395003066E-05
174.2 0 2.396472393E-05
174.4 0 2.397943524E-05
174.6 0 4.798832924E-05
174.8 0 1.200445605E-05
175 0 -6.005919434E-05
175.2 0 2.403846154E-05
175.4 0 1.202663177E-05
175.6 0 -1.02606346E-20
175.8 0 6.02073058E-05
176 0 6.024444787E-05
176.2 0 1.205632716E-05
176.4 0 1.206377393E-05
176.6 0 2.414245983E-05
176.8 0 -4.831478046E-05
177 0 -3.625850866E-05
177.2 0 -2.41873065E-05
177.4 0 -4.840458488E-05
177.6 0 -6.054324241E-05
177.8 0 1.022760436E-20
178 0 2.424736189E-05
178.2 0 -1.213121118E-05
178.4 4.855500311E-06 3.641625233E-05
178.6 9.717039801E-06 1.214629975E-05
178.8 1.458462974E-05 -2.430771624E-05
179 2.432285181E-05 -1.21614259E-05
179.2 2.920560748E-05 2.131134569E-20
179.4 3.409445137E-05 -2.435317955E-05
179.6 3.898939488E-05 -2.43683718E-05
179.8 4.389044944E-05 -2.438358302E-05
180 4.879762648E-05 -7.319643973E-05
180.2 4.8828125E-05 -3.662109375E-05
180.4 4.39727955E-05 -6.107332708E-05
180.6 4.400031289E-05 -7.333385482E-05
180.8 4.402786475E-05 -7.337977458E-05
181 4.405545113E-05 -9.790100251E-05
181.2 4.40830721E-05 -6.122648903E-05
181.4 4.411072773E-05 -4.90119197E-05
181.6 4.413841808E-05 -2.452134338E-05
181.8 4.416614322E-05 -1.226837312E-05
182 4.419390321E-05 -4.91043369E-05
182.2 4.913522013E-05 -3.685141509E-05
182.4 4.916614223E-05 -1.804337002E-20
182.6 4.919710327E-05 -4.950362303E-22
182.8 4.922810334E-05 -1.230702583E-05
183 4.92591425E-05 -1.231478562E-05
183.2 4.929022082E-05 2.464511041E-05
183.4 4.932133838E-05 1.23303346E-05
183.6 4.935249526E-05 6.841357051E-21
183.8 4.938369153E-05 2.469184576E-05
184 5.435641999E-05 4.941492726E-05
184.2 4.944620253E-05 6.180775316E-05
184.4 4.452976567E-05 3.710813806E-05
184.6 3.960709759E-05 3.713165399E-05
184.8 3.467818643E-05 7.431039949E-05
185 2.97430203E-05 4.957170051E-05
185.2 2.48015873E-05 2.48015873E-05
185.4 1.985387548E-05 6.204336086E-05
185.6 1.986649714E-05 0.0001117490464
185.8 9.93956743E-06 0.0001118201336
186 9.945894335E-06 6.216183959E-05
186.2 9.952229299E-06 4.97611465E-05
186.4 9.958572339E-06 4.97928617E-05
186.6 9.964923469E-06 4.982461735E-05
186.8 9.971282706E-06 2.492820676E-05
187 4.988825032E-06 3.741618774E-05
187.2 4.99201278E-06 4.99201278E-05
187.4 4.995204604E-06 2.497602302E-05
187.6 4.998400512E-06 2.499200256E-05
187.8 5.001600512E-06 3.751200384E-05
188 5.004804612E-06 1.251201153E-05
188.2 1.001602564E-05 5.497282689E-23
188.4 1.002245029E-05 1.817524467E-20
188.6 1.002888318E-05 -2.507220796E-05
188.8 1.003532434E-05 -1.254415543E-05
189 1.004177378E-05 2.811081793E-22
189.2 1.004823151E-05 7.858277785E-21
189.4 1.005469755E-05 3.770511583E-05
189.6 5.030585963E-06 5.030585963E-05
189.8 1.006765464E-05 2.51691366E-05
190 1.007414571E-05 -1.259268214E-05
190.2 1.512096774E-05 -2.52016129E-05
190.4 2.0174306E-05 2.52178825E-05
190.6 2.01873385E-05 5.046834625E-05
190.8 2.525048481E-05 2.525048481E-05
191 2.526681759E-05 3.617344119E-20
191.2 2.528317152E-05 1.092141601E-20
191.4 2.023963731E-05 -1.264977332E-05
191.6 2.025275437E-05 -2.531594297E-05
191.8 1.519941634E-05 -2.533236057E-05
192 1.520927969E-05 -1.267439974E-05
192.2 1.01461039E-05 1.268262987E-05
192.4 5.076348278E-06 1.26908707E-05
192.6 5.079648895E-06 1.269912224E-05
192.8 0 1.270738452E-05
193 0 -1.271565755E-05
193.2 0 -1.272394137E-05
193.4 0 1.238757459E-20
193.6 0 -1.274054142E-05
193.8 0 -6.374428851E-05
194 0 -7.654310908E-05
194.2 0 -3.829656863E-05
194.4 0 -3.832161543E-05
194.6 0 -5.11289267E-05
194.8 0 -3.837180747E-05
195 0 2.139928335E-20
195.2 0 -1.280737705E-05
195.4 5.126312336E-06 -1.281578084E-05
195.6 0 -1.196522988E-20
195.8 5.13304862E-06 -1.283262155E-05
196 5.136423406E-06 1.284105851E-05
196.2 0 1.284950658E-05
196.4 5.143186307E-06 -1.285796577E-05
196.6 0 -1.28664361E-05
196.8 0 1.28749176E-05
197 0 -2.576682058E-05
197.2 0 -5.156765677E-05
197.4 0 -1.290042933E-05
197.6 0 -2.581791143E-05
197.8 0 -3.875248016E-05
198 0 2.585208471E-05
198.2 0 1.293460265E-05
198.4 0 -3.882952286E-05
198.6 0 -1.295175729E-05
198.8 0 1.296035169E-05
199 0 -1.29689575E-05
199.2 0 -3.893272425E-05
199.4 0 4.21919397E-21
199.6 0 2.598968729E-05
199.8 0 2.600699068E-05
200 0 2.602431712E-05
200.2 0 2.604166667E-05
200.4 5.211807872E-06 2.667720107E-20
200.6 5.215287049E-06 -1.303821762E-05
200.8 5.218770875E-06 -3.914078156E-05
201 5.222259358E-06 -2.611129679E-05
201.2 5.225752508E-06 -5.543933268E-21
201.4 5.229250335E-06 -2.614625167E-05
201.6 5.232752847E-06 -3.924564635E-05
201.8 5.236260054E-06 -2.618130027E-05
202 5.239771965E-06 -2.619885983E-05
202.2 0 -3.932466443E-05
202.4 0 -6.558512424E-05
202.6 0 -9.188088038E-05
202.8 0 -3.940400134E-05
203 5.257402423E-06 -3.943051817E-05
203.2 5.260942761E-06 -6.576178451E-05
203.4 5.264487871E-06 -5.264487871E-05
203.6 0 -7.902056642E-05
203.8 0 -2.635796221E-05
204 0 7.912727887E-05
204.2 0 3.959037162E-05
204.4 0 -3.961713996E-05
204.6 0 -7.928788904E-05
204.8 0 -6.611797563E-05
205 5.29302168E-06 -1.32325542E-05
205.2 1.059322034E-05 -3.972457627E-05
205.4 1.590061058E-05 -5.300203528E-05
205.6 1.59114053E-05 -2.651900883E-05
205.8 1.592221467E-05 -1.326851223E-05
206 1.593303875E-05 3.558245944E-20
206.2 1.594387755E-05 7.014869809E-21
206.4 1.063648741E-05 3.988682777E-05
206.6 5.321866485E-06 2.660933243E-05
206.8 0 -3.994120654E-05
207 0 -5.329126876E-05
207.2 0 -5.332764505E-05
207.4 0 -4.002305328E-05
207.6 0 -1.335013671E-05
207.8 0 -2.671853625E-05
208 0 -6.684206023E-05
208.2 5.351027397E-06 -2.675513699E-05
208.4 1.070938999E-05 4.799528476E-20
208.6 2.143347051E-05 -4.01877572E-05
208.8 2.144818119E-05 2.328182706E-20
209 2.146291209E-05 3.721138231E-21
209.2 3.221649485E-05 -1.342353952E-05
209.4 3.761176066E-05 4.029831499E-05
209.6 4.301445286E-05 4.032604955E-05
209.8 4.304407713E-05 1.34512741E-05
210 4.307374225E-05 1.346054445E-05
210.2 4.310344828E-05 4.040948276E-05
210.4 4.313319531E-05 1.347912353E-05
210.6 4.316298343E-05 1.348843232E-05
210.8 4.319281272E-05 6.748876987E-05
211 4.322268326E-05 6.75354426E-05
211.2 4.325259516E-05 1.351643599E-05
211.4 4.328254848E-05 4.05773892E-05
211.6 4.331254331E-05 4.060550936E-05
211.8 4.876040222E-05 -2.708911234E-05
212 5.421582235E-05 -1.355395559E-05
212.2 5.967881944E-05 -6.781684028E-05
212.4 5.972029187E-05 -6.786396803E-05
212.6 5.432892907E-05 -1.358223227E-05
212.8 5.980340988E-05 -1.359168406E-05
213 7.072597493E-05 2.67411704E-20
213.2 8.166376307E-05 1.598687847E-20
213.4 8.716875872E-05 -1.362011855E-05
213.6 8.722958828E-05 -3.551780619E-20
213.8 9.274615922E-05 6.819570531E-05
214 9.827044025E-05 4.094601677E-05
214.2 0.0001038024476 -2.731643357E-05
214.4 0.0001093421973 2.733554934E-05
214.6 0.0001094187675 1.367734594E-05
214.8 0.000109495445 4.403465205E-21
215 0.00010957223 4.108958626E-05
215.2 0.0001096491228 4.111842105E-05
215.4 0.0001097261236 4.114729635E-05
215.6 0.0001098032326 2.745080815E-05
215.8 0.0001098804501 -9.533785089E-21
216 0.000115455665 -4.123416608E-05
216.2 0.0001155369718 -5.501760563E-05
216.4 0.000121124031 -1.376409443E-05
216.6 0.0001267189704 -1.377380113E-05
216.8 0.0001323218066 -2.756704305E-05
217 0.0001379325565 -2.940209281E-20
217.2 0.0001380300353 -1.380300353E-05
217.4 0.0001436527581 1.381276521E-05
217.6 0.0001492834395 2.764508139E-05
217.8 0.0001549220963 2.766466006E-05
218 0.000149495039 -1.384213324E-05
218.2 0.0001606826241 -4.155585106E-05
218.4 0.0001607966643 4.158534422E-05
218.6 0.0001553622159 6.93581321E-05
218.8 0.0001499200426 4.164445629E-05
219 0.0001389135846 -4.167407539E-05
219.2 0.0001390124555 -5.560498221E-05
219.4 0.0001391114672 2.782229345E-05
219.6 0.0001336421953 2.784212402E-05
219.8 0.0001225927247 -4.179297432E-05
220 0.0001226802284 -2.788187009E-05
220.2 0.0001171875 5.845038421E-22
220.4 0.0001116869192 2.792172981E-05
220.6 0.0001061784692 4.191255365E-05
220.8 9.506979241E-05 1.398085183E-05
221 9.513789398E-05 2.798173352E-05
221.2 8.960573477E-05 2.800179211E-05
221.4 8.406563845E-05 2.802187948E-05
221.6 7.851758794E-05 -3.808918347E-21
221.8 7.296156609E-05 1.40310704E-05
222 6.739755572E-05 2.808231488E-05
222.2 6.182553957E-05 -1.945835555E-20
222.4 5.624550036E-05 2.766806548E-20
222.6 4.502881844E-05 2.49960155E-21
222.8 3.942862293E-05 2.816330209E-05
223 3.382034632E-05 2.818362193E-05
223.2 2.820397112E-05 1.410198556E-05
223.4 2.257947977E-05 1.411217486E-05
223.6 1.694685466E-05 -1.412237889E-05
223.8 1.130607815E-05 -1.413259768E-05
224 5.657132513E-06 -4.242849385E-05
224.2 5.661231884E-06 -5.661231884E-05
224.4 5.665337201E-06 2.8326686E-05
224.6 5.669448476E-06 1.417362119E-05
224.8 5.673565723E-06 3.788024005E-21
225 5.677688953E-06 2.838844477E-05
225.2 5.681818182E-06 1.420454545E-05
225.4 5.685953421E-06 -3.528170766E-20
225.6 5.690094683E-06 2.845047342E-05
225.8 0 2.847120991E-05
226 5.698395332E-06 -5.698395332E-05
226.2 0 -4.276916058E-05
226.4 0 -1.426680058E-05
226.6 0 -8.566337719E-05
226.8 0 -5.715069495E-05
227 0 -2.859626647E-05
227.2 0 -2.861721612E-05
227.4 0 4.295729472E-05
227.6 0 4.298881145E-05
227.8 0 1.434012482E-05
228 0 2.870132256E-05
228.2 0 5.744485294E-05
228.4 0 7.185890361E-05
228.6 0 4.314709131E-05
228.8 5.757184967E-06 -1.439296242E-05
229 1.152286136E-05 -4.321073009E-05
229.2 1.729704797E-05 -1.441420664E-05
229.4 1.730982275E-05 1.442485229E-05
229.6 1.154841094E-05 -2.887102735E-05
229.8 1.155695266E-05 -4.333857249E-05
230 1.734826055E-05 1.445688379E-05
230.2 1.736111111E-05 1.360673283E-22
230.4 1.737398073E-05 -7.667279711E-21
230.6 1.738686944E-05 -1.448905786E-05
230.8 1.739977728E-05 -4.349944321E-05
231 1.741270431E-05 -1.970231087E-20
231.2 1.742565056E-05 1.452137546E-05
231.4 1.743861607E-05 -6.689301189E-21
231.6 1.745160089E-05 -1.454300074E-05
231.8 1.746460507E-05 -1.455383756E-05
232 1.747762864E-05 -1.456469053E-05
232.2 1.166044776E-05 3.969875014E-21
232.4 5.834578043E-06 -1.373792317E-20
232.6 5.838938714E-06 -1.459734679E-05
232.8 1.168661182E-05 -1.460826477E-05
233 1.754303892E-05 -2.92383982E-05
233.2 1.755617978E-05 -4.389044944E-05
233.4 1.756934033E-05 1.764589123E-20
233.6 1.758252063E-05 -3.791662537E-21
233.8 1.759572072E-05 -1.46631006E-05
234 1.760894065E-05 -1.467411721E-05
234.2 1.762218045E-05 -1.468515038E-05
234.4 1.763544018E-05 2.93924003E-05
234.6 1.764871988E-05 1.470726657E-05
234.8 1.766201959E-05 -4.415504898E-05
235 1.767533937E-05 -4.418834842E-05
235.2 1.768867925E-05 -1.474056604E-05
235.4 1.770203927E-05 -4.425509819E-05
235.6 2.362055933E-05 -2.952569917E-05
235.8 2.363842663E-05 -1.477401664E-05
236 2.957040121E-05 -5.914080242E-05
236.2 2.959280303E-05 -2.959280303E-05
236.4 3.553828658E-05 -1.480761941E-05
236.6 3.556525038E-05 -1.481885432E-05
236.8 3.559225513E-05 -1.48301063E-05
237 3.561930091E-05 -4.452412614E-05
237.2 3.564638783E-05 -4.455798479E-05
237.4 2.972792998E-05 -1.486396499E-05
237.6 2.380045697E-05 3.615988175E-20
237.8 1.786394817E-05 -2.977324695E-05
238 1.787757437E-05 1.489797864E-05
238.2 1.789122137E-05 2.981870229E-05
238.4 1.790488923E-05 1.492074102E-05
238.6 1.791857798E-05 1.493214832E-05
238.8 1.793228768E-05 -5.977429227E-05
239 1.794601838E-05 -1.495501531E-05
239.2 1.795977011E-05 2.993295019E-05
239.4 1.797354294E-05 -2.995590491E-05
239.6 1.798733691E-05 -5.995778972E-05
239.8 1.800115207E-05 -3.000192012E-05
240 1.801498847E-05 4.503747118E-05
240.2 1.802884615E-05 3.004807692E-05
240.4 1.804272517E-05 9.96052639E-21
240.6 1.805662558E-05 1.504718798E-05
240.8 1.807054742E-05 -3.011757903E-05
241 1.808449074E-05 -1.507040895E-05
241.2 1.80984556E-05 1.508204633E-05
241.4 1.811244204E-05 -1.50937017E-05
241.6 1.812645012E-05 -1.51053751E-05
241.8 1.814047988E-05 -1.767281465E-21
242 1.815453137E-05 -2.700279412E-23
242.2 1.816860465E-05 -4.051758795E-21
242.4 1.818269977E-05 -7.15176016E-21
242.6 1.819681677E-05 3.032802795E-05
242.8 1.821095571E-05 -2.97429779E-20
243 1.822511664E-05 -1.51875972E-05
243.2 1.823929961E-05 -9.495429504E-21
243.4 1.825350467E-05 -1.521125389E-05
243.6 1.826773188E-05 1.52231099E-05
243.8 1.828198128E-05 4.57049532E-05
244 1.829625293E-05 4.574063232E-05
244.2 1.831054688E-05 4.577636719E-05
244.4 1.832486317E-05 6.108287725E-05
244.6 1.833920188E-05 7.641334116E-05
244.8 1.835356304E-05 6.117854346E-05
245 1.836794671E-05 1.747362677E-20
245.2 1.838235294E-05 4.595588235E-05
245.4 1.839678179E-05 4.599195447E-05
245.6 1.841123331E-05 -6.136939725E-21
245.8 1.842570755E-05 4.606426887E-05
246 1.844020456E-05 1.536683714E-05
246.2 1.230314961E-05 -1.537893701E-05
246.4 1.231284476E-05 1.539105595E-05
246.6 1.232255521E-05 4.620958202E-05
246.8 1.849842147E-05 9.249210734E-05
247 1.851303318E-05 6.171011058E-05
247.2 1.852766798E-05 -1.543972332E-05
247.4 1.854232595E-05 1.545193829E-05
247.6 1.855700713E-05 9.278503563E-05
247.8 1.857171157E-05 4.642927892E-05
248 1.858643933E-05 -1.548869944E-05
248.2 1.860119048E-05 -3.100198413E-05
248.4 3.102660842E-05 3.102660842E-05
248.6 3.726152623E-05 0.0001242050874
248.8 3.729116945E-05 7.768993636E-05
249 4.354100318E-05 3.110071656E-05
249.2 4.357569721E-05 3.112549801E-05
249.4 4.361044657E-05 9.345095694E-05
249.6 4.36452514E-05 7.793794892E-05
249.8 3.744009585E-05 1.560003994E-05
250 4.371502798E-05 4.683752998E-05
250.2 5E-05 3.125E-05
250.4 6.255004003E-05 1.563751001E-05
250.6 7.512019231E-05 1.565004006E-05
250.8 8.144546913E-05 -1.566259022E-05
251 8.778089888E-05 4.702548154E-05
251.2 9.412650602E-05 9.412650602E-05
251.4 0.0001004823151 7.850180868E-05
251.6 0.0001005631537 0.0001099909493
251.8 9.435386473E-05 7.862822061E-05
252 8.81345689E-05 4.721494762E-05
252.2 9.450604839E-05 4.725302419E-05
252.4 0.0001008878128 3.152744149E-05
252.6 0.0001009693053 6.310581583E-05
252.8 0.0001010509297 3.157841552E-05
253 0.0001011326861 1.58019822E-05
253.2 0.0001012145749 4.744433198E-05
253.4 0.0001012965964 4.748277958E-05
253.6 9.504257908E-05 6.336171938E-05
253.8 0.000101461039 4.755986201E-05
254 9.519699431E-05 1.586616572E-05
254.2 9.527439024E-05 3.175813008E-05
254.4 9.535191212E-05 1.589198535E-05
254.6 9.542956026E-05 3.180985342E-05
254.8 9.550733496E-05 1.591788916E-05
255 0.0001019575856 -3.292314399E-21
255.2 0.0001084183673 7.971938776E-05
255.4 0.000102124183 4.114084567E-20
255.6 9.581970564E-05 -6.387980376E-05
255.8 9.589811784E-05 -7.99150982E-05
256 9.597665848E-05 -4.798832924E-05
256.2 9.605532787E-05 3.201844262E-05
256.4 9.613412633E-05 4.262057853E-20
256.6 8.979885057E-05 -4.810652709E-05
256.8 8.987263763E-05 -1.604868529E-05
257 8.994654605E-05 4.818564967E-05
257.2 9.002057613E-05 3.215020576E-05
257.4 9.009472817E-05 4.826503295E-05
257.6 9.016900247E-05 -6.321785721E-21
257.8 9.668935644E-05 -3.222978548E-05
258 9.676919901E-05 3.225639967E-05
258.2 9.684917355E-05 -1.614152893E-05
258.4 9.046732837E-05 -3.230976013E-05
258.6 7.760761589E-05 3.233650662E-05
258.8 8.414457332E-05 6.472659486E-05
259 8.421434494E-05 6.478026534E-05
259.2 7.780082988E-05 3.241701245E-05
259.4 6.488787375E-05 -3.332830457E-20
259.6 5.195344971E-05 1.623545303E-05
259.8 4.549708819E-05 -1.436053018E-20
260 4.553497086E-05 -3.252497918E-05
260.2 3.90625E-05 -7.446494046E-20
260.4 2.606338616E-05 1.628961635E-05
260.6 1.956385643E-05 -7.107000459E-21
260.8 1.95802005E-05 -3.26336675E-05
261 2.612876254E-05 -4.899142977E-05
261.2 2.615062762E-05 -3.268828452E-05
261.4 1.962939698E-05 1.635783082E-05
261.6 1.309723386E-05 -3.274308466E-05
261.8 1.310822148E-05 -0.0001146969379
262 1.311922754E-05 -8.199517212E-05
262.2 6.56512605E-06 -1.641281513E-05
262.4 6.570647603E-06 -1.642661901E-05
262.6 6.576178451E-06 -6.576178451E-05
262.8 0 -4.936288964E-05
263 0 -6.587268128E-05
263.2 0 -6.592827004E-05
263.4 0 -4.948796453E-05
263.6 0 -8.254966188E-05
263.8 0 -4.957170051E-05
264 0 -3.307578323E-05
264.2 0 -4.965572034E-05
264.4 0 -3.313189143E-05
264.6 0 -1.658000849E-05
264.8 0 -1.659409516E-05
265 6.643282313E-06 -4.982461735E-05
265.2 1.329787234E-05 -8.311170213E-05
265.4 1.996379898E-05 -6.654599659E-05
265.6 2.664109122E-05 -6.660272805E-05
265.8 3.999573379E-05 -3.332977816E-05
266 4.670153715E-05 -3.335824082E-05
266.2 4.674145299E-05 -5.008012821E-05
266.4 4.009837468E-05 -1.670765612E-05
266.6 4.682148973E-05 1.672196062E-05
266.8 4.686161097E-05 3.347257926E-05
267 4.690180103E-05 -1.675064322E-05
267.2 4.694206009E-05 -8.38251073E-05
267.4 4.698238832E-05 -0.0001174559708
267.6 4.70227859E-05 -8.396926053E-05
267.8 4.706325301E-05 -0.0001008498279
268 5.383290267E-05 -0.0001177594746
268.2 6.061422414E-05 -5.051185345E-05
268.4 6.066652286E-05 1.384485949E-21
268.6 6.071891192E-05 -1.686636442E-05
268.8 6.077139153E-05 -6.752376837E-05
269 6.082396194E-05 -3.379108997E-05
269.2 6.087662338E-05 1.36393572E-20
269.4 6.769930676E-05 -3.384965338E-05
269.6 6.775802255E-05 -1.693950564E-05
269.8 6.781684028E-05 -5.086263021E-05
270 6.787576021E-05 -5.090682016E-05
270.2 6.114130435E-05 -8.491847826E-05
270.4 6.799390775E-05 -5.099543081E-05
270.6 6.805313589E-05 1.701328397E-05
270.8 6.811246731E-05 -3.405623365E-05
271 6.135471204E-05 -3.408595113E-05
271.2 6.140829694E-05 3.411572052E-05
271.4 6.146197552E-05 6.829108392E-05
271.6 6.151574803E-05 1.708770779E-05
271.8 6.156961471E-05 -3.420534151E-05
272 6.162357581E-05 -3.423531989E-05
272.2 6.167763158E-05 3.426535088E-05
272.4 6.173178227E-05 5.144315189E-05
272.6 6.178602812E-05 1.36890538E-20
272.8 6.184036939E-05 -3.435576077E-05
273 6.189480634E-05 4.643389999E-20
273.2 5.50660793E-05 1.720814978E-05
273.4 5.511463845E-05 -1.147745204E-20
273.6 5.516328332E-05 -1.723852604E-05
273.8 5.521201413E-05 -1.725375442E-05
274 4.835322723E-05 -1.726900973E-05
274.2 4.148230088E-05 3.456858407E-05
274.4 3.459920283E-05 -3.175653205E-20
274.6 2.770390071E-05 -2.688856904E-20
274.8 2.079636202E-05 1.733030169E-05
275 2.081483126E-05 -3.851277358E-20
275.2 1.388888889E-05 6.944444444E-05
275.4 1.390124555E-05 1.737655694E-05
275.6 6.95681211E-06 3.478406055E-05
275.8 6.963012478E-06 -1.389309429E-20
276 6.969223907E-06 -3.484611954E-05
276.2 6.975446429E-06 1.743861607E-05
276.4 6.981680071E-06 -7.013333137E-21
276.6 6.987924866E-06 -1.746981216E-05
276.8 6.994180842E-06 -5.245635631E-05
277 7.000448029E-06 4.497753329E-20
277.2 0 3.503363229E-05
277.4 0 3.506508079E-05
277.6 7.019317161E-06 5.264487871E-05
277.8 7.025629496E-06 -3.512814748E-05
278 7.031953195E-06 -3.515976598E-05
278.2 7.038288288E-06 5.278716216E-05
278.4 0 1.761158702E-05
278.6 7.05099278E-06 -1.368940929E-20
278.8 7.05736224E-06 -3.52868112E-05
279 7.063743219E-06 -5.297807414E-05
279.2 0 1.348568378E-20
279.4 0 1.769134964E-05
279.6 0 1.770738894E-05
279.8 0 3.54469147E-05
280 0 3.54791099E-05
280.2 0 -1.516404584E-20
280.4 0 -1.295320703E-20
280.6 0 3.557604736E-05
280.8 0 3.560847767E-05
281 7.128193431E-06 3.564096715E-05
281.2 0 7.134703196E-05
281.4 0 1.299784715E-20
281.6 0 -1.786939616E-05
281.8 0 7.154304029E-05
282 0 8.951076994E-05
282.2 0 5.375573394E-05
282.4 0 5.380509642E-05
282.6 0 5.385454963E-05
282.8 0 3.593606256E-05
283 0 -1.845001318E-21
283.2 7.200460829E-06 -5.400345622E-05
283.4 1.441420664E-05 -1.80177583E-05
283.6 7.213758079E-06 5.41031856E-05
283.8 0 9.025531423E-05
284 7.227104533E-06 9.033880666E-05
284.2 1.446759259E-05 1.808449074E-05
284.4 1.448100093E-05 -5.430375348E-05
284.6 1.449443414E-05 -1.278825473E-20
284.8 7.253946147E-06 9.067432683E-05
285 0 0.000108910316
285.2 0 1.816860465E-05
285.4 0 -7.274208566E-05
285.6 0 -1.820246971E-05
285.8 0 3.643889925E-05
286 0 9.118230626E-05
286.2 0 0.000109521028
286.4 0 0.0001096234799
286.6 0 0.0001097261236
286.8 0 7.321930647E-05
287 0 3.664399625E-05
287.2 0 1.833920188E-05
287.4 0 7.342575188E-05
287.6 0 9.186853246E-05
287.8 0 7.356403013E-05
288 0 5.522502356E-05
288.2 0 3.685141509E-05
288.4 0 1.84431067E-05
288.6 0 -3.69210775E-05
288.8 0 -3.695600757E-05
289 0 -1.849550189E-05
289.2 0 -3.702606635E-05
289.4 0 -1.26856503E-20
289.6 0 5.564458689E-05
289.8 0 1.8565827E-05
290 0 -7.433396765E-05
290.2 0 -7.44047619E-05
290.4 0 -5.585676835E-05
290.6 0 -5.591006679E-05
290.8 0 -3.730897803E-05
291 0 -3.734464627E-05
291.2 0 -5.607057416E-05
291.4 0 -3.741618774E-05
291.6 0 -5.617809204E-05
291.8 0 -5.623200576E-05
292 0 2.014182422E-20
292.2 0 -3.756009615E-05
292.4 0 -9.399061598E-05
292.6 0 -9.40811657E-05
292.8 0 -5.650313404E-05
293 0 -7.541023166E-05
293.2 0 -9.435386473E-05
293.4 0 -9.444511605E-05
293.6 0 -7.562923524E-05
293.8 0 -3.406168316E-21
294 0 -1.894398642E-05
294.2 0 -5.688713592E-05
294.4 0 -1.898080661E-05
294.6 0 -1.899927043E-05
294.8 0 -5.705331061E-05
295 0 -3.807261209E-05
295.2 0 -3.81097561E-05
295.4 0 -7.629394531E-05
295.6 0 -7.636852395E-05
295.8 0 -5.73324364E-05
296 0 -5.738858962E-05
296.2 0 -3.829656863E-05
296.4 0 2.783816553E-20
296.6 0 -5.75577112E-05
296.8 0 -9.602384464E-05
297 0 -3.844734252E-05
297.2 0 6.797402816E-20
297.4 0 -5.778476331E-05
297.6 0 -7.712240869E-05
297.8 0 -3.85993083E-05
298 0 -3.863748764E-05
298.2 0 -7.735148515E-05
298.4 0 -9.678518335E-05
298.6 0 -7.750496032E-05
298.8 0 -3.879096326E-05
299 0 1.941476143E-05
299.2 0 3.30021049E-20
299.4 0 -7.781374502E-05
299.6 0 -7.789132602E-05
299.8 0 -1.949226547E-05
300 0 1.951173826E-05
300.2 0 5.859375E-05
300.4 0 3.91016016E-05
300.6 0 1.957039078E-05
300.8 0 1.959002006E-05
301 0 -1.960968876E-05
301.2 0 9.790852148E-21
301.4 0 1.964914487E-05
301.6 0 -1.966893253E-05
301.8 0 -3.937752016E-05
302 0 -3.94172553E-05
302.2 0 -1.972853535E-05
302.4 0 1.974848332E-05
302.6 0 1.976847166E-05
302.8 0 6.372105601E-21
303 0 -1.360456105E-20
303.2 0 -9.479661314E-21
303.4 0 -2.903019691E-20
303.6 0 2.088363571E-20
303.8 0 -1.988925662E-05
304 0 -1.990953109E-05
304.2 0 3.247156403E-20
304.4 0 2.622215178E-20
304.6 0 2.973805925E-20
304.8 0 1.999104401E-05
305 0 2.001152664E-05
305.2 0 2.003205128E-05
305.4 0 4.010523614E-05
305.6 0 4.014645427E-05
305.8 0 2.00938786E-05
306 0 -1.001138448E-20
306.2 0 -2.013530928E-05
306.4 0 -4.03121775E-05
306.6 0 -2.017691116E-05
306.8 0 2.770001826E-20
307 0 2.02186853E-05
307.2 0 2.023963731E-05
307.4 0 6.171103576E-20
307.6 0 -2.028167186E-05
307.8 0 3.215761393E-20
308 0 4.259979233E-20
308.2 0 2.034505208E-05
308.4 0 4.073253389E-05
308.6 0 1.026501303E-20
308.8 0 2.040882968E-05
309 0 4.086035565E-05
309.2 0 2.045157068E-05
309.4 0 -2.047300839E-05
309.6 0 -4.098898216E-05
309.8 0 -4.103203782E-05
310 0 2.751809205E-20
310.2 0 2.055921053E-05
310.4 0 -1.515470071E-20
310.6 0 -2.060258439E-05
310.8 0 4.964928221E-21
311 0 6.193842495E-05
311.2 0 8.267195767E-05
311.4 0 2.068988347E-05
311.6 0 -4.142364793E-05
311.8 0 -4.146762208E-05
312 0 -4.151168969E-05
312.2 0 -2.077792553E-05
312.4 0 -4.16001065E-05
312.6 0 -6.246668443E-05
312.8 0 3.019838379E-20
313 0 4.173344017E-05
313.2 0 2.088903743E-05
313.4 0 2.091140257E-05
313.6 0 -5.484999899E-21
313.8 0 -2.095627682E-05
314 0 2.097878625E-05
314.2 0 2.100134409E-05
314.4 0 2.578081339E-20
314.6 0 2.10466056E-05
314.8 0 4.21386192E-05
315 0 2.109206263E-05
315.2 0 -9.373646997E-21
315.4 0 3.646711601E-20
315.6 0 5.973260202E-20
315.8 0 5.49026763E-20
316 0 -3.823689335E-21
316.2 0 8.207927872E-21
316.4 0 7.843859724E-20
316.6 0 2.852816766E-20
316.8 0 1.297533847E-20
317 0 4.68989869E-20
317.2 0 5.721835468E-20
317.4 0 3.66521902E-20
317.6 0 1.293329929E-21
317.8 0 1.69774732E-20
318 0 1.886462493E-20
318.2 0 9.211820762E-21
318.4 0 7.542590146E-20
318.6 0 4.323218175E-20
318.8 0 2.745230381E-20
319 0 -1.174299928E-20
319.2 0 -1.109125509E-20
319.4 0 5.609165772E-21
319.6 0 4.219256546E-20
319.8 0 1.597114495E-20
320 0 3.850304644E-21
320.2 0 -1.546396629E-20
320.4 0 2.739583855E-20
320.6 0 1.353338675E-20
320.8 0 3.692541259E-20
321 0 -3.694874049E-21
321.2 0 -3.648298619E-20
321.4 0 -4.133535219E-21
321.6 0 2.187150056E-05
321.8 0 2.189602018E-05
322 0 -2.192059484E-05
322.2 0 -2.194522472E-05
322.4 0 -1.060559129E-20
322.6 0 -6.048728858E-21
322.8 0 1.136516288E-21
323 0 2.204430023E-05
323.2 0 4.413841808E-05
323.4 0 4.418834842E-05
323.6 0 2.211919592E-05
323.8 0 2.214427438E-05
324 0 4.433881952E-05
324.2 0 2.219460227E-05
324.4 0 1.652576455E-20
324.6 0 2.224515945E-05
324.8 0 2.227052452E-05
325 0 -1.768968487E-20
325.2 0 2.232142857E-05
325.4 0 2.234696796E-05
325.6 0 -2.237256586E-05
325.8 0 -4.479644495E-05
326 0 -4.4847876E-05
326.2 0 -4.489942529E-05
326.4 0 -2.247554661E-05
326.6 0 6.698858317E-21
326.8 0 -2.252739331E-05
327 0 -2.255340647E-05
327.2 0 1.371808777E-20
327.4 0 -4.552132975E-20
327.6 0 2.237554956E-20
327.8 0 -5.875004E-20
328 0 -2.49159946E-20
328.2 0 -1.045631507E-20
328.4 0 4.5939652E-21
328.6 0 -2.043548919E-20
328.8 0 -1.758143751E-21
329 0 3.413412779E-20
329.2 0 2.310685625E-20
329.4 0 -6.157647641E-20
329.6 0 -2.848041308E-20
329.8 0 2.116465763E-20
330 0 4.590188014E-05
330.2 0 4.595588235E-05
330.4 9.202002356E-06 1.040794262E-20
330.6 9.212853774E-06 -1.498823244E-20
330.8 0 2.795979702E-20
331 1.846926714E-05 -1.693824961E-20
331.2 1.849112426E-05 -2.311390533E-05
331.4 2.776954976E-05 -4.628258294E-05
331.6 2.78024911E-05 -2.316874259E-05
331.8 1.855700713E-05 3.231487784E-20
332 9.289536266E-06 2.799870108E-24
332.2 9.300595238E-06 1.107441848E-20
332.4 0 5.090763792E-20
332.6 0 -5.532639585E-21
332.8 0 2.333482676E-05
333 0 4.672547847E-05
333.2 9.356287425E-06 -2.339071856E-05
333.4 1.873501199E-05 -4.683752998E-05
333.6 1.8757503E-05 -2.344687875E-05
333.8 1.878004808E-05 -4.695012019E-05
334 1.880264741E-05 -4.700661853E-05
334.2 2.823795181E-05 1.217694277E-20
334.4 2.827201448E-05 -2.356001206E-05
334.6 2.830615942E-05 -4.717693237E-05
334.8 1.889359129E-05 -2.361698912E-05
335 1.891646489E-05 -2.364558111E-05
335.2 2.840909091E-05 -4.734848485E-05
335.4 2.844356796E-05 6.237185775E-20
335.6 2.84781288E-05 2.3731774E-05
335.8 2.851277372E-05 -2.376064477E-05
336 2.854750305E-05 4.757917174E-05
336.2 1.905487805E-05 2.381859756E-05
336.4 2.861721612E-05 2.38476801E-05
336.6 1.910146699E-05 4.775366748E-05
336.8 1.9124847E-05 4.78121175E-05
337 1.914828431E-05 4.787071078E-05
337.2 1.917177914E-05 4.792944785E-05
337.4 1.91953317E-05 7.198249386E-05
337.6 1.921894219E-05 4.804735547E-05
337.8 1.924261084E-05 7.215979064E-05
338 1.926633785E-05 4.816584464E-05
338.2 2.893518519E-05 -3.241501558E-20
338.4 3.862793572E-05 -2.414245983E-05
338.6 4.834467822E-05 2.417233911E-05
338.8 5.808550186E-05 2.420229244E-05
339 6.785049628E-05 7.568238656E-21
339.2 6.793478261E-05 2.426242236E-05
339.4 5.830223881E-05 2.42925995E-05
339.6 6.810398506E-05 -2.432285181E-05
339.8 7.793017456E-05 -4.87063591E-05
340 8.778089888E-05 7.315074906E-05
340.2 8.7890625E-05 9.765625E-05
340.4 8.800062578E-05 4.888923655E-05
340.6 8.811090226E-05 4.895050125E-05
340.8 9.80238394E-05 7.351787955E-05
341 8.833228643E-05 4.907349246E-05
341.2 8.844339623E-05 -4.913522013E-05
341.4 9.839420655E-05 2.459855164E-05
341.6 8.866645649E-05 7.388871375E-05
341.8 9.864267677E-05 -2.466066919E-05
342 9.876738306E-05 -4.938369153E-05
342.2 9.889240506E-05 -7.41693038E-05
342.4 0.0001089195184 -3.263275383E-20
342.6 9.914340102E-05 4.957170051E-05
342.8 0.0001091963151 -4.963468869E-05
343 0.0001093352417 -2.484891858E-05
343.2 0.0001094745223 4.97611465E-05
343.4 0.0001096141582 2.491230867E-05
343.6 0.0001097541507 4.988825032E-05
343.8 0.0001098945013 9.990409207E-05
344 0.0001100352113 -5.905257428E-21
344.2 0.0001101762821 -7.512019231E-05
344.4 0.000110317715 -2.507220796E-05
344.6 0.0001205012853 -5.020886889E-05
344.8 0.0001307110682 -0.0001005469755
345 0.0001409471649 -5.03382732E-05
345.2 0.0001512096774 -3.546791701E-20
345.4 0.000161498708 -0.0001009366925
345.6 0.0001718143596 -7.580045278E-05
345.8 0.0001821567358 4.438221915E-20
346 0.0001925259403 -5.066472114E-05
346.2 0.0002029220779 -7.609577922E-05
346.4 0.0002133452536 -5.079648895E-05
346.6 0.0002136230469 -2.54313151E-05
346.8 0.0002240873533 -7.639341591E-05
347 0.0002243798956 -5.099543081E-05
347.2 0.0002246732026 2.553104575E-05
347.4 0.0002249672775 2.556446335E-05
347.6 0.0002252621232 2.559796855E-05
347.8 0.0002255577428 2.563156168E-05
348 0.0002258541393 -3.915454375E-20
348.2 0.0002261513158 -2.231384398E-20
348.4 0.0002264492754 -1.583946326E-22
348.6 0.0002164412929 -2.002024505E-20
348.8 0.0002064068692 2.580085865E-05
349 0.0001963458995 4.317860372E-20
349.2 0.0001966059603 -2.58692053E-05
349.4 0.000186505305 -2.590351459E-05
349.6 0.000176377822 1.601494914E-20
349.8 0.0001558344415 5.194481383E-05
350 0.0001352363515 5.201398136E-05
350.2 0.0001145833333 5.208333333E-05
350.4 9.387516689E-05 5.215287049E-05
350.6 7.311163102E-05 5.222259358E-05
350.8 5.229250335E-05 5.229250335E-05
351 3.141756032E-05 2.618130027E-05
351.2 2.097315436E-05 8.482410123E-21
351.4 1.050067204E-05 -2.80529057E-20
351.6 1.051480485E-05 -2.042883738E-20
351.8 0 -5.317100699E-20
352 0 -3.763788885E-20
352.2 0 -1.392924193E-20
352.4 0 -2.696937095E-20
352.6 0 1.128156675E-20
352.8 0 -1.493857418E-20
353 0 -2.191367319E-20
353.2 0 -5.179896108E-20
353.4 0 -1.566320736E-20
353.6 0 2.716001059E-21
353.8 0 5.959640618E-20
354 0 5.34370725E-05
354.2 0 5.351027397E-05
354.4 0 5.358367627E-05
354.6 0 5.365728022E-05
354.8 0 -5.373108666E-05
355 1.076101928E-05 -2.690254821E-05
355.2 0 2.693965517E-05
355.4 0 -2.697686464E-05
355.6 0 -2.701417704E-05
355.8 0 2.70515928E-05
356 0 2.708911234E-05
356.2 0 -2.712673611E-05
356.4 0 -2.716446453E-05
356.6 0 -2.720229805E-05
356.8 0 -5.44804742E-05
357 0 -8.183484637E-05
357.2 0 -8.19493007E-05
357.4 0 -2.735469188E-05
357.6 0 -2.73930575E-05
357.8 0 -2.74315309E-05
358 0 -1.385815639E-20
358.2 0 4.333960591E-20
358.4 0 -1.352316922E-20
358.6 0 -5.51730226E-05
358.8 0 -8.287659123E-05
359 0 -8.299398017E-05
359.2 0 -8.495111392E-21
359.4 0 5.548650568E-05
359.6 0 -5.556543385E-05
359.8 0 -0.0001112891738
360 0 -5.572396576E-05
360.2 0 -2.435968213E-20
360.4 0 -3.907241813E-20
360.6 0 -2.798173352E-05
360.8 0 1.540282169E-20
361 0 2.80621408E-05
361.2 0 -4.560024773E-20
361.4 0 2.814301153E-05
361.6 0 2.818362193E-05
361.8 0 -5.380362937E-20
362 0 -2.937648473E-20
362.2 0 -5.661231884E-05
362.4 0 -8.504172714E-05
362.6 0 2.838844477E-05
362.8 0 2.84297671E-05
363 0 -2.847120991E-05
363.2 0 2.851277372E-05
363.4 0 5.26285325E-20
363.6 0 -2.859626647E-05
363.8 0 2.863819648E-05
364 0 1.811253015E-20
364.2 0 -4.648090833E-21
364.4 0 2.876472754E-05
364.6 0 -5.761736262E-20
364.8 0 2.884970458E-05
365 0 5.778476331E-05
365.2 0 -5.451969785E-20
365.4 0 -7.088603235E-20
365.6 0 2.902117385E-05
365.8 0 -4.662461356E-20
366 0 2.910767511E-05
366.2 0 2.91511194E-05
366.4 0 2.919469357E-05
366.6 0 5.847679641E-05
366.8 0 -4.752811235E-20
367 1.173048048E-05 -5.86524024E-05
367.2 1.17481203E-05 -5.87406015E-05
367.4 2.353162651E-05 2.941453313E-05
367.6 1.178355958E-05 5.891779789E-05
367.8 2.360271903E-05 5.900679758E-05
368 2.363842663E-05 0.0001477401664
368.2 1.183712121E-05 0.0001183712121
368.4 3.556525038E-05 5.92754173E-05
368.6 3.561930091E-05 2.968275076E-05
368.8 4.756468798E-05 -1.49700306E-20
369 5.95464939E-05 2.977324695E-05
369.2 7.15648855E-05 7.81738087E-20
369.4 9.556574924E-05 -5.972859327E-05
369.6 0.0001196401225 -5.982006126E-05
369.8 0.0001437883436 -2.995590491E-05
370 0.0001560099846 -5.081144128E-20
370.2 0.00015625 3.004807692E-05
370.4 0.000156490755 -3.009437596E-05
370.6 0.0001567322531 -6.02816358E-05
370.8 0.0001448995363 3.01874034E-05
371 0.0001572174923 3.429753945E-20
371.2 0.0001453488372 3.53884964E-20
371.4 0.0001455745342 1.063094208E-19
371.6 0.0001458009331 -9.11255832E-05
371.8 0.0001460280374 -1.407191794E-21
372 0.0001462558502 0.0001218798752
372.2 0.000146484375 1.212764033E-20
372.4 0.0001344874804 -3.056533646E-05
372.6 0.0001591888715 3.061324451E-05
372.8 0.0001349097331 -3.066130298E-05
373 0.0001351218553 -6.141902516E-05
373.2 0.0001230314961 3.075787402E-05
373.4 9.858044164E-05 0.0001540319401
373.6 8.639415482E-05 0.0001234202212
373.8 8.653085443E-05 0.0001236155063
374 7.428684628E-05 0.0001238114105
374.2 7.44047619E-05 0.0001240079365
374.4 6.210254372E-05 0.000217358903
374.6 4.97611465E-05 0.0001555035828
374.8 6.230063796E-05 9.345095694E-05
375 6.240015974E-05 0.0001248003195
375.2 6.25E-05 9.375E-05
375.4 6.260016026E-05 9.390024038E-05
375.6 6.270064205E-05 9.405096308E-05
375.8 6.280144695E-05 3.140072347E-05
376 6.290257649E-05 6.290257649E-05
376.2 6.300403226E-05 6.300403226E-05
376.4 6.310581583E-05 3.155290792E-05
376.6 7.584951456E-05 6.32079288E-05
376.8 6.331037277E-05 3.165518639E-05
377 6.341314935E-05 -3.170657468E-05
377.2 7.62195122E-05 -3.175813008E-05
377.4 7.634364821E-05 2.814404558E-20
377.6 0.0001019575856 -3.186174551E-05
377.8 0.000102124183 3.191380719E-05
378 0.0001022913257 -3.196603928E-05
378.2 0.0001280737705 -0.0001600922131
378.4 0.0001411124795 -0.0001282840722
378.6 0.0001413445724 -0.0001606188322
378.8 0.0001287067545 -9.65300659E-05
379 0.0001160272277 9.668935644E-05
379.2 0.0001162190083 6.45661157E-05
379.4 0.0001164114238 -3.233650662E-05
379.6 0.0001166044776 -6.478026534E-05
379.8 0.0001167981728 -9.733181063E-05
380 0.0001169925125 1.628436202E-20
380.2 0.0001171875 6.510416667E-05
380.4 0.0001173831386 3.260642738E-05
380.6 0.0001045150502 -3.266095318E-05
380.8 9.16038526E-05 1.043789038E-19
381 7.864932886E-05 2.493356784E-20
381.2 7.878151261E-05 -6.56512605E-05
381.4 7.891414141E-05 3.288089226E-05
381.6 6.587268128E-05 6.587268128E-05
381.8 7.918074324E-05 3.299197635E-05
382 6.609560068E-05 3.304780034E-05
382.2 7.944915254E-05 -3.310381356E-05
382.4 9.284804754E-05 -3.316001698E-05
382.6 0.000106292517 3.321641156E-05
382.8 0.0001064735945 -8.393017419E-20
383 0.0001333191126 -6.665955631E-05
383.2 0.0001469017094 -3.338675214E-05
383.4 0.0001605308219 -3.344392123E-05
383.6 0.0001742066895 -6.70025729E-05
383.8 0.0001879295533 -0.0001006765464
384 0.0002016996558 -0.0001008498279
384.2 0.0002020474138 -6.734913793E-05
384.4 0.0002023963731 -6.746545769E-05
384.6 0.0002027465398 -0.0001013732699
384.8 0.0002030979203 -0.0001692482669
385 0.0002170138889 -0.0001695421007
385.2 0.0002173913043 -0.0001358695652
385.4 0.0002177700348 -6.805313589E-05
385.6 0.0002181500873 -0.0001022578534
385.8 0.0002321896853 -0.0001707277098
386 0.0002462784588 -0.0001026160245
386.2 0.0002604166667 -0.0001027960526
386.4 0.0002746045694 -0.0001373022847
386.6 0.0002888424296 -0.0001031580106
386.8 0.0003031305115 3.444664903E-05
387 0.0002898630742 6.901501767E-05
387.2 0.0002903761062 2.877178142E-20
387.4 0.0002908909574 -2.68660096E-20
387.6 0.0002775310835 -7.23067152E-20
387.8 0.000278024911 3.475311388E-05
388 0.0002645944742 3.481506239E-05
388.2 0.0002511160714 -3.487723214E-05
388.4 0.0002375894454 -3.493962433E-05
388.6 0.0002240143369 4.861981528E-20
388.8 0.0002103904847 3.506508079E-05
389 0.0001967176259 3.512814748E-05
389.2 0.0001829954955 -4.347686451E-20
389.4 0.0001833258123 7.05099278E-05
389.6 0.0001695298373 0.0001059561483
389.8 0.0001556838768 7.076539855E-05
390 0.0001559664247 -4.770510647E-21
390.2 0.0001278409091 -7.102272727E-05
390.4 0.0001565346084 -7.115209472E-05
390.6 0.0001710766423 -0.0001069229015
390.8 0.0001856718464 -0.0001071183729
391 0.0002003205128 -3.577152015E-05
391.2 0.0002006880734 -3.583715596E-05
391.4 0.0002010569853 -3.590303309E-05
391.6 0.000201427256 7.481471202E-21
391.8 0.0001873846863 -3.603551661E-05
392 0.0002021719039 -3.610212569E-05
392.2 0.0001880787037 5.027519504E-20
392.4 0.0001884276438 -3.623608534E-05
392.6 0.000188777881 -3.630343866E-05
392.8 0.0001745810056 -3.637104283E-05
393 0.0001749067164 -3.643889925E-05
393.2 0.0001752336449 -1.863335563E-20
393.4 0.0001755617978 7.315074906E-05
393.6 0.0001905487805 0.0001099319887
393.8 0.0001909069549 3.671287594E-05
394 0.0001912664783 -3.678201507E-05
394.2 0.0001916273585 -3.685141509E-05
394.4 0.000177221172 3.69210775E-05
394.6 0.0001775568182 1.001894448E-20
394.8 0.00016306926 -3.706119545E-05
395 0.0001336739544 -7.366253444E-20
395.2 0.000119047619 3.720238095E-05
395.4 8.945610687E-05 7.454675573E-05
395.6 7.468929254E-05 7.468929254E-05
395.8 5.986590038E-05 7.483237548E-05
396 4.498560461E-05 7.497600768E-05
396.2 3.004807692E-05 7.512019231E-05
396.4 1.505298651E-05 7.526493256E-05
396.6 0 -3.770511583E-05
396.8 0 -0.0001133341393
397 0 -3.785125969E-05
397.2 0 -3.995387632E-21
397.4 0 3.799854086E-05
397.6 0 7.614522417E-05
397.8 0 3.814697266E-05
398 0 3.197390357E-20
398.2 0 4.565917726E-20
398.4 0 -3.837180747E-05
398.6 0 -3.844734252E-05
398.8 0 3.852317554E-05
399 0 3.85993083E-05
399.2 0 4.433712494E-20
399.4 0 -3.875248016E-05
399.6 0 -7.765904573E-05
399.8 0 -7.452037106E-20
400 0 3.898453094E-05
400.2 0 2.993307527E-20
400.4 0 3.914078156E-05
400.6 0 3.921937751E-05
400.8 0 3.929828974E-05
401 0 3.937752016E-05
401.2 0 -3.945707071E-05
401.4 0 -3.953694332E-05
401.6 0 3.961713996E-05
401.8 0 7.93953252E-05
402 0 0.000159114053
402.2 0 0.0001195790816
402.4 0 3.994120654E-05
402.6 0 8.004610656E-05
402.8 0 4.010523614E-05
403 0 4.01877572E-05
403.2 0 0.0001208118557
403.4 0 8.070764463E-05
403.6 0 4.04373706E-05
403.8 0 4.052126556E-05
404 0 4.060550936E-05
404.2 0 4.069010417E-05
404.4 0 8.155010438E-05
404.6 0 0.0001225810669
404.8 0 8.189203354E-05
405 0 4.103203782E-05
405.2 0 4.111842105E-05
405.4 0 8.241033755E-05
405.6 0 -2.169268221E-20
405.8 0 -5.652758723E-20
406 0 8.293524416E-05
406.2 0 8.311170213E-05
406.4 0 0.0001665778252
406.6 0 3.616381555E-20
406.8 0 -4.182280514E-05
407 0 0.0001257376609
407.2 0 8.400537634E-05
407.4 0 8.418642241E-05
407.6 0 0.0001265523758
407.8 0 0.0001268262987
408 0 8.473427332E-05
408.2 0 4.245923913E-05
408.4 0 4.255174292E-05
408.6 0 4.264465066E-05
408.8 0 8.547592998E-05
409 0 8.566337719E-05
409.2 0 -4.13988535E-20
409.4 0 8.60407489E-05
409.6 0 4.311534216E-05
409.8 0 4.321073009E-05
410 0 4.330654102E-05
410.2 0 -4.248029354E-20
410.4 0 4.349944321E-05
410.6 1.743861607E-05 -4.359654018E-05
410.8 3.495525727E-05 -4.369407159E-05
411 5.255044843E-05 -4.379204036E-05
411.2 7.02247191E-05 -8.778089888E-05
411.4 8.79786036E-05 -0.0001319679054
411.6 0.0001058126411 -0.0001763544018
411.8 0.0001237273756 -0.0001325650452
412 0.000141723356 -4.428854875E-05
412.2 0.0001598011364 -8.877840909E-05
412.4 0.0001779612756 -0.0001779612756
412.6 0.0001962043379 -8.918378995E-05
412.8 0.0002145308924 -4.469393593E-05
413 0.0002150229358 -4.479644495E-05
413.2 0.0002155172414 4.197649433E-20
413.4 0.0002160138249 8.23497941E-21
413.6 0.0002345554273 -4.510681293E-05
413.8 0.0002170138889 -9.04224537E-05
414 0.0002175174014 -4.531612529E-05
414.2 0.0002180232558 -9.084302326E-05
414.4 0.0002185314685 -9.105477855E-05
414.6 0.0002190420561 -4.563376168E-05
414.8 0.0002195550351 -0.0001829625293
415 0.0002200704225 -0.0001833920188
415.2 0.0002205882353 -4.595588235E-05
415.4 0.0002211084906 -4.606426887E-05
415.6 0.0002216312057 -0.0001385195035
415.8 0.0002221563981 -0.0002314129147
416 0.0002226840855 -0.0002319625891
416.2 0.0002418154762 -0.0001395089286
416.4 0.0002423926014 -9.322792363E-05
416.6 0.000242972488 -4.672547847E-05
416.8 0.0002435551559 -9.367505995E-05
417 0.000244140625 -9.390024038E-05
417.2 0.0002447289157 -9.412650602E-05
417.4 0.0002453200483 -0.0001887077295
417.6 0.0002459140436 -0.0001418734867
417.8 0.0002275485437 -9.48118932E-05
418 0.0002281021898 -4.752128954E-05
418.2 0.0002286585366 -3.265044127E-20
418.4 0.0002101161369 -5.764600704E-20
418.6 0.0001914828431 -2.346935603E-20
418.8 0.0001727579853 2.436990459E-20
419 0.0001539408867 4.810652709E-05
419.2 0.0001350308642 5.325593384E-21
419.4 0.0001160272277 -9.668935644E-05
419.6 9.69292804E-05 -1.17082793E-19
419.8 7.773631841E-05 4.8585199E-05
420 5.844763092E-05 5.064902694E-21
420.2 3.90625E-05 -1.458729239E-19
420.4 1.95802005E-05 -1.693899046E-20
420.6 0 6.069146843E-20
420.8 0 -4.919710327E-05
421 0 -4.932133838E-05
421.2 0 7.613473903E-20
421.4 0 -4.232693435E-20
421.6 0 -2.989991921E-20
421.8 0 -1.078434034E-19
422 0 -1.08479746E-19
422.2 0 -9.579463944E-20
422.4 0 -2.810064286E-20
422.6 0 -2.796958891E-20
422.8 0 2.645280117E-21
423 0 -9.500553804E-20
423.2 0 -5.997179123E-20
423.4 0 -5.086263021E-05
423.6 0 -5.099543081E-05
423.8 0 -8.541350414E-20
424 0 -1.461595356E-19
424.2 0 -9.240500517E-20
424.4 0 -5.023050994E-20
424.6 0 -4.861715272E-20
424.8 0 -6.042943211E-21
425 0 -5.194481383E-05
425.2 0 -0.0001041666667
425.4 0 -0.0001044451872
425.6 0 -0.0001047252011
425.8 0 -5.250336022E-05
426 0 -5.264487871E-05
426.2 0 -6.741272213E-20
426.4 0 5.29302168E-05
426.6 0 -1.126768481E-20
426.8 0 -5.833932035E-20
427 0 -7.708332317E-20
427.2 0 6.843271898E-20
427.4 0 3.484687518E-20
427.6 0 -8.737276466E-21
427.8 0 -6.811864813E-20
428 0 3.510847305E-20
428.2 0 1.329939426E-19
428.4 0 -6.38375834E-20
428.6 0 -8.184963955E-20
428.8 0 -4.251843204E-20
429 0 5.999264358E-21
429.2 0 -5.028505963E-20
429.4 0 -5.51730226E-05
429.6 0 -7.820079967E-20
429.8 0 5.548650568E-05
430 0 -2.855504279E-21
430.2 0 5.190854711E-20
430.4 0 1.176230263E-19
430.6 0 -1.023874258E-20
430.8 0 -2.309100962E-20
431 0 5.644869942E-05
431.2 0 0.0001132246377
431.4 0 5.677688953E-05
431.6 0 -4.705557019E-20
431.8 0 -2.39568239E-19
432 0 4.993130075E-21
432.2 0 -3.214868137E-20
432.4 0 -5.761430678E-05
432.6 0 -1.313645727E-19
432.8 0 0.0001738686944
433 0 0.0001743861607
433.2 0 0.0001166044776
433.4 0 0.0001169535928
433.6 0 0.0001173048048
433.8 0 5.882906627E-05
434 0 -5.900679758E-05
434.2 0 -5.918560606E-05
434.4 0 -5.936550152E-05
434.6 0 -5.347479972E-20
434.8 0 5.972859327E-05
435 0 1.598201707E-19
435.2 0 8.784767143E-21
435.4 0 -6.02816358E-05
435.6 0 -6.046826625E-05
435.8 0 -7.783397311E-20
436 0 -3.693663754E-21
436.2 0 6.986146061E-20
436.4 0 -1.930663592E-21
436.6 0 6.141902516E-05
436.8 0 6.161277603E-05
437 0 -5.127261861E-20
437.2 0 3.981180747E-20
437.4 0 1.05985045E-19
437.6 0 -1.327326436E-21
437.8 0 -6.260016026E-05
438 0 -0.0001256028939
438.2 0 -0.0001260080645
438.4 0 -0.0001264158576
438.6 0 -0.0001268262987
438.8 0 -0.0001272394137
439 0 -0.0001914828431
439.2 0 -6.403688525E-05
439.4 0 6.424753289E-05
439.6 0 8.275425705E-21
439.8 0 5.914104226E-20
440 0 4.758841277E-20
440.2 0 2.065777061E-20
440.4 0 -2.880821913E-20
440.6 0 -6.170159302E-20
440.8 0 5.573558098E-22
441 0 -6.59839527E-05
441.2 0 -6.620762712E-05
441.4 0 6.643282313E-05
441.6 0 6.665955631E-05
441.8 0 6.688784247E-05
442 0 -1.115577823E-19
442.2 2.693965517E-05 5.472348735E-20
442.4 0 0.0001351643599
442.6 0 1.074659204E-19
442.8 0 -6.805313589E-05
443 0 -7.629037057E-20
443.2 0 2.837737507E-20
443.4 0 -6.877200704E-05
443.6 0 -6.901501767E-05
443.8 0 6.48040866E-20
444 0 5.130880833E-20
444.2 0 3.856537343E-20
444.4 0 -3.793379157E-22
444.6 0 -7.025629496E-05
444.8 0 9.223162104E-20
445 0 7.076539855E-05
445.2 0 0.0001420454545
445.4 0 7.128193431E-05
445.6 0 -7.154304029E-05
445.8 0 2.851832605E-20
446 0 1.001585109E-19
446.2 2.893518519E-05 2.505077672E-19
446.4 2.904275093E-05 4.401275272E-20
446.6 2.91511194E-05 7.287779851E-05
446.8 0 -9.244826406E-22
447 2.937030075E-05 -7.342575188E-05
447.2 2.948113208E-05 7.370283019E-05
447.4 0 1.856280443E-20
447.6 2.970532319E-05 -7.426330798E-05
447.8 2.981870229E-05 4.311592431E-21
448 2.993295019E-05 1.550589178E-19
448.2 3.004807692E-05 7.512019231E-05
448.4 0 -0.0001508204633
448.6 3.028100775E-05 -7.570251938E-05
448.8 3.039883268E-05 0.0001519941634
449 3.051757812E-05 3.907161883E-20
449.2 3.06372549E-05 -6.070103541E-20
449.4 3.075787402E-05 -3.076156975E-20
449.6 3.087944664E-05 1.43821102E-19
449.8 3.100198413E-05 1.205920991E-19
450 3.112549801E-05 -9.570270722E-20
450.2 3.125E-05 2.630768319E-20
450.4 3.137550201E-05 1.274667745E-20
450.6 3.150201613E-05 -7.459950335E-20
450.8 3.162955466E-05 -3.766083764E-20
451 3.175813008E-05 8.483167083E-20
451.2 3.18877551E-05 4.95399474E-20
451.4 3.201844262E-05 -8.48507907E-20
451.6 3.215020576E-05 -4.361050272E-21
451.8 3.228305785E-05 -1.52534077E-19
452 3.241701245E-05 -4.651938407E-20
452.2 3.255208333E-05 2.707640725E-20
452.4 3.268828452E-05 -1.099652806E-21
452.6 3.282563025E-05 4.222580938E-20
452.8 3.296413502E-05 1.128712903E-19
453 3.310381356E-05 -8.27595339E-05
453.2 3.324468085E-05 -8.311170213E-05
453.4 3.338675214E-05 3.007660458E-20
453.6 3.353004292E-05 -9.751047776E-21
453.8 3.367456897E-05 6.43616163E-20
454 3.382034632E-05 4.152432414E-20
454.2 3.39673913E-05 1.130263578E-19
454.4 3.411572052E-05 -1.886264558E-19
454.6 3.426535088E-05 -1.858835324E-19
454.8 3.441629956E-05 -9.243274352E-21
455 3.456858407E-05 -4.378421014E-20
455.2 3.472222222E-05 -7.764727012E-20
455.4 3.487723214E-05 -1.333333322E-19
455.6 3.503363229E-05 -7.457896602E-21
455.8 3.519144144E-05 -1.8819877E-19
456 3.535067873E-05 -4.484153846E-20
456.2 3.551136364E-05 7.092320311E-20
456.4 3.567351598E-05 -2.616353698E-20
456.6 3.583715596E-05 -4.310240685E-20
456.8 3.600230415E-05 -5.270532942E-20
457 3.616898148E-05 1.015971197E-19
457.2 3.63372093E-05 5.650801261E-20
457.4 3.650700935E-05 1.570988464E-19
457.6 0 -9.169600939E-05
457.8 0 -9.212853774E-05
458 0 2.065618617E-19
458.2 0 1.522602836E-19
458.4 0 1.972173321E-19
458.6 0 -2.547968256E-21
458.8 0 7.481085763E-20
459 0 2.381082458E-19
459.2 0 2.710001851E-19
459.4 0 -7.779993612E-21
459.6 0 5.454410996E-20
459.8 0 2.046586866E-19
460 0 8.350604409E-20
460.2 0 1.184930081E-19
460.4 0 2.685720794E-19
460.6 0 -2.099633192E-20
460.8 0 2.484143598E-19
461 0 -5.362708592E-20
461.2 0 -6.893335298E-20
461.4 0 9.227358705E-20
461.6 0 1.849464636E-19
461.8 0 7.647826826E-20
462 0 1.249085791E-20
462.2 0 1.022696212E-20
462.4 0 8.525754648E-20
462.6 0 9.69517341E-20
462.8 0 6.917035152E-20
463 0 6.680375424E-20
463.2 0 9.32475902E-20
463.4 0 -3.488838792E-20
463.6 0 1.693870451E-19
463.8 0 -1.02602827E-20
464 0 -8.067510979E-20
464.2 0 -8.476638438E-21
464.4 0 -1.046684189E-19
464.6 0 -2.548092306E-19
464.8 0 -2.640053213E-20
465 0 -1.188916843E-19
465.2 0 -4.623336178E-20
465.4 0 -3.818273189E-21
465.6 0 -1.761274285E-19
465.8 0 -2.350557511E-19
466 0 -1.358409336E-19
466.2 0 4.40975182E-20
466.4 0 3.844656471E-20
466.6 0 -5.27448827E-20
466.8 0 -1.224432723E-19
467 0 -1.081785641E-19
467.2 0 -8.506063935E-20
467.4 0 -2.361541733E-19
467.6 0 -2.298839068E-19
467.8 0 -4.342772563E-19
468 0 -2.421368677E-19
468.2 0 -2.54388282E-19
468.4 0 -9.325264551E-20
468.6 0 -1.988380105E-19
468.8 0 -3.473272631E-19
469 0 -2.345989531E-19
469.2 0 -2.063151771E-19
469.4 0 -8.937250271E-20
469.6 0 8.412661548E-20
469.8 0 1.825451521E-19
470 0 4.01264202E-20
470.2 0 2.799123897E-20
470.4 0 2.18910196E-19
470.6 0 1.928795758E-19
470.8 0 1.22846757E-19
471 0 3.038758762E-20
471.2 0 2.406443199E-19
471.4 0 1.612048002E-19
471.6 0 -3.115103386E-19
471.8 0 -4.494941394E-21
472 0 2.700925924E-19
472.2 0 3.039623654E-19
472.4 0 -2.750066923E-19
472.6 0 -4.82578862E-20
472.8 0 1.184199191E-19
473 0 -2.126657021E-20
473.2 0 -8.897263842E-20
473.4 0 -1.111017776E-19
473.6 0 1.535973152E-20
473.8 0 2.442057833E-19
474 0 -1.780507693E-19
474.2 0 -2.351910613E-19
474.4 0 -1.463031681E-19
474.6 0 -2.005031762E-19
474.8 0 -6.167731479E-20
475 0 -2.258986875E-19
475.2 0 -2.348557598E-20
475.4 0 1.115016358E-19
475.6 0 -1.488885776E-19
475.8 0 4.898810981E-19
476 0 9.304068861E-20
476.2 0 2.339987531E-19
476.4 0 -2.108302857E-19
476.6 0 3.360309482E-19
476.8 0 4.233844994E-19
477 0 -1.082892652E-19
477.2 0 9.774322131E-20
477.4 0 1.528990196E-19
477.6 0 -2.471949488E-20
477.8 0 -2.36369429E-19
478 0 -4.110350345E-19
478.2 0 -3.947227178E-19
478.4 0 -1.196788128E-19
478.6 0 -4.662491948E-19
478.8 0 -2.172241626E-19
479 0 2.598944453E-20
479.2 0 5.256107493E-20
479.4 0 -2.125470953E-20
479.6 0 4.317319525E-20
479.8 0 3.533141283E-19
480 0 -1.525729387E-19
480.2 0 -9.007114493E-20
480.4 0 -1.835716112E-20
480.6 0 -1.019156319E-19
480.8 0 -4.706761112E-20
481 0 -3.166110203E-19
481.2 0 -2.469295439E-19
481.4 0 -1.828632253E-19
481.6 0 -5.910967926E-20
481.8 0 -6.474864031E-19
482 0 -4.623881501E-19
482.2 0 -1.958843068E-19
482.4 0 -5.810144759E-20
482.6 0 -9.732083531E-20
482.8 0 -1.113868353E-19
483 0 2.365490861E-19
483.2 0 8.67766188E-20
483.4 0 -1.522587831E-19
483.6 0 -1.337987681E-19
483.8 0 -8.310644914E-20
484 0 -3.449901657E-19
484.2 0 -1.345765423E-19
484.4 0 1.027928166E-20
484.6 0 -1.514121611E-19
484.8 0 -1.429147798E-19
485 0 -1.519232778E-19
485.2 0 5.237585053E-20
485.4 0 5.291868734E-19
485.6 0 1.173255149E-19
485.8 0 3.882770462E-19
486 0 -7.55939251E-21
486.2 0 -1.77918746E-19
486.4 0 2.489057334E-20
486.6 0 -5.14657086E-20
486.8 0 -2.939520712E-20
487 0 -1.388485699E-19
487.2 0 -4.41724795E-19
487.4 0 -1.598511453E-19
487.6 0 -7.061948487E-20
487.8 0 5.711135231E-20
488 0 -5.302800015E-19
488.2 0 -3.400351029E-19
488.4 0 4.910127107E-19
488.6 0 2.306956006E-19
488.8 0 -3.55536874E-20
489 0 -1.039959764E-19
489.2 0 -2.609214136E-19
489.4 0 3.424161951E-19
489.6 0 1.171950678E-19
489.8 0 -3.033146186E-19
490 0 1.221509221E-19
490.2 0 -1.463008058E-19
490.4 0 -9.18904681E-19
490.6 0 7.489274524E-20
490.8 0 1.083872084E-19
491 0 -6.560550523E-19
491.2 0 -1.328061022E-18
491.4 0 -6.116260643E-19
491.6 0 4.291820638E-19
491.8 0 1.500583247E-18
492 0 1.163456301E-18
492.2 0 1.234984345E-18
492.4 0 6.436886003E-19
492.6 0 1.953036734E-18
492.8 0 4.185137099E-20
493 0 -2.809113268E-19
493.2 0 -1.343401861E-19
493.4 0 1.007054101E-18
493.6 0 4.686389717E-20
493.8 0 2.692191059E-19
494 0 7.68015253E-19
494.2 0 1.296134143E-18
494.4 0 -1.033881957E-18
494.6 0 1.407476749E-19
494.8 0 1.138925175E-18
495 0 9.512226542E-19
495.2 0 -1.765655176E-18
495.4 0 -5.389383431E-19
495.6 0 2.751835243E-19
495.8 0 -2.331510645E-19
496 0 2.441056349E-20
496.2 0 -1.190946056E-18
496.4 0 -6.61823731E-19
496.6 0 5.594496214E-19
496.8 0 6.973021736E-19
497 0 -2.137453647E-18
497.2 0 -8.307846582E-19
497.4 0 -5.554140166E-19
497.6 0 -1.776153283E-18
497.8 0 -5.591585794E-18
498 0 -1.080860737E-18
498.2 0 -2.521262207E-18
498.4 0 -1.411989207E-18
498.6 0 2.709030339E-18
498.8 0 -3.816980046E-18
499 0 -2.641194616E-18
499.2 0 -4.843553853E-18
499.4 0 1.48382534E-18
499.6 0 -1.671794128E-17
499.8 0 -3.459457325E-18
500 0 3.141178492E-17
