0 0.007340813675 2.342812875E-05
0.2 0.00645625 0.001484375
0.4 0.006071178471 0.0004923844538
0.6 0.005723328663 0.0004378502802
0.8 0.005415874049 0.0003285192231
1 0.005139473157 0.0002738757011
1.2 0.004884769539 0.0002661573146
1.4 0.004629861668 0.0002819266239
1.6 0.00443115724 0.0002271986562
1.8 0.00421975321 0.0002978280498
2 0.00402699719 0.0002822661582
2.2 0.003846636546 0.000172565261
2.4 0.003691241462 0.0001333994576
2.6 0.003532581391 6.280144695E-05
2.8 0.003402065742 6.282669883E-05
3 0.0032557321 0.0001021344529
3.2 0.003143863179 0.0001021755533
3.4 0.003016178543 9.435386473E-05
3.6 0.002891537455 7.079389851E-05
3.8 0.002779386583 0.0001180373691
4 0.002663996372 0.0001180849456
4.2 0.00255796371 0.0001102570565
4.4 0.002458148447 0.0001418162566
4.6 0.002342488902 0.0001182279056
4.8 0.002245660073 5.519529673E-05
5 0.002158218901 -3.944113489E-05
5.2 0.002095959596 -7.891414141E-06
5.4 0.002027334276 1.578920776E-05
5.6 0.001942857865 -1.57955924E-05
5.8 0.001870954693 -2.37029733E-05
6 0.001792669972 5.585222321E-21
6.2 0.001704832996 2.372216599E-05
6.4 0.001639074524 -1.582118267E-05
6.6 0.001566931726 -1.582759319E-05
6.8 0.001507397649 1.583400892E-05
7 0.00143831103 5.544150446E-05
7.2 0.001378676471 4.754056795E-05
7.4 0.001334846794 -2.377993101E-05
7.6 0.001284637637 7.929861957E-06
7.8 0.001218521527 1.586616572E-05
8 0.001158700731 -7.93630638E-05
8.2 0.001127413618 -9.527439024E-05
8.4 0.001096101057 -7.148485157E-05
8.6 0.001067941416 -0.0001032979048
8.8 0.001039758852 -0.0001033399471
9 0.001008372353 -5.566724349E-05
9.2 0.0009865071283 2.386710794E-05
9.4 0.0009550733496 3.97947229E-05
9.6 0.0009299836934 -2.388656747E-05
9.8 0.0009144320962 -4.779261827E-05
10 0.0008924928601 -5.578080375E-05
10.2 0.0008737244898 -7.971938776E-05
10.4 0.0008549407922 -0.0001276031033
10.6 0.0008393331291 -7.978451797E-05
10.8 0.0008173273396 -3.99085615E-05
11 0.0007953035568 -8.783473017E-05
11.2 0.0007732617587 -5.591768916E-05
11.4 0.000754398527 1.598301964E-05
11.6 0.000722728203 1.598956201E-05
11.8 0.0007070280508 -4.798832924E-05
12 0.0006913150348 2.400399426E-05
12.2 0.0006691854508 6.403688525E-05
12.4 0.0006470377204 -1.601578516E-05
12.6 0.0006312807629 -8.812294914E-05
12.8 0.0006090993024 -4.007232253E-05
13 0.0005933138342 -1.603550903E-05
13.2 0.0005710985626 -7.218942505E-05
13.4 0.000548865037 -1.604868529E-05
13.6 0.000529824291 -2.408292232E-05
13.8 0.0005171926398 -2.409282484E-05
14 0.0005045505965 -8.034245167E-06
14.2 0.0004918981481 1.787929694E-20
14.4 0.0004728025937 3.216344175E-05
14.6 0.0004665619852 4.826503295E-05
14.8 0.000460316234 5.633240626E-05
15 0.0004444043693 3.220321517E-05
15.2 0.0004349226804 3.221649485E-05
15.4 0.0004222101898 -2.417233911E-05
15.6 0.0004127115147 -8.060771771E-06
15.8 0.0004096562758 8.064099917E-05
16 0.0004033715407 1.613486163E-05
16.2 0.0003970816116 -4.842458678E-05
16.4 0.0003972457627 -4.844460521E-05
16.6 0.0004006410256 -9.69292804E-05
16.8 0.0004105037236 -0.0001616156392
17 0.0004203745861 -0.0001212618998
17.2 0.0004237836439 -0.0001213121118
17.4 0.0004401408451 -0.0001375440141
17.6 0.0004403232491 -4.047088686E-05
17.8 0.0004469838308 8.097533167E-06
18 0.0004374481543 1.620178349E-05
18.2 0.0004279045643 3.241701245E-05
18.4 0.0004118669572 -1.621523454E-05
18.6 0.000405549211 -6.488787375E-05
18.8 0.0003894889904 -9.737224761E-05
19 0.0003831566916 -0.0001217658978
19.2 0.0003800675676 -9.745322245E-05
19.4 0.0003769758735 -0.0001056182404
19.6 0.0003803838951 -0.0001056621931
19.8 0.0003642797669 -6.504995837E-05
20 0.0003579237818 -8.134631404E-05
20.2 0.0003483072917 -2.44140625E-05
20.4 0.0003386827845 -3.256565236E-05
20.6 0.0003420819433 -0.0001058825063
20.8 0.0003454839383 -5.703744264E-05
21 0.0003423674875 -4.075803422E-05
21.2 0.0003490344468 -1.631002088E-05
21.4 0.0003361267753 -4.079208438E-05
21.6 0.0003427966987 -8.978008776E-05
21.8 0.0003298756271 -0.0001143133361
22 0.0003267461313 -0.000114361146
22.2 0.0003203451883 -8.989278243E-05
22.4 0.0003237494768 -8.993041021E-05
22.6 0.0003173419179 -7.361023869E-05
22.8 0.0003207478006 -8.182341852E-05
23 0.0003143336127 -9.822925398E-05
23.2 0.0003177410901 -6.551362683E-05
23.4 0.0003145973154 -9.011902265E-05
23.6 0.0003180077633 -9.835291649E-05
23.8 0.0003214210747 -8.199517212E-05
24 0.0003281184376 -0.0001148414532
24.2 0.0003315388655 -0.000131302521
24.4 0.0003382461118 -0.0001149379992
24.6 0.0003351030278 -5.749316653E-05
24.8 0.000335244005 -5.751735381E-05
25 0.000335385101 -0.0001150831229
25.2 0.0003388157895 -6.578947368E-05
25.4 0.0003323767902 -7.555234103E-21
25.6 0.0003259323641 3.292246102E-05
25.8 0.0003128952361 8.23408516E-06
26 0.0003130272037 -4.942534795E-05
26.2 0.0003032700422 -4.944620253E-05
26.4 0.0003033980583 -2.473353736E-05
26.6 0.0002969277872 1.649598818E-05
26.8 0.0002937526405 -3.300591466E-05
27 0.0002905748098 4.591766742E-21
27.2 0.0002807875264 3.303382664E-05
27.4 0.0002842110829 8.261950085E-06
27.6 0.0002810251799 1.653089293E-05
27.8 0.0002745290008 -1.653789162E-05
28 0.0002680273189 -3.308979246E-05
28.2 0.0002615201271 -1.655190678E-05
28.4 0.0002550074184 -3.311784655E-05
28.6 0.000255115564 -4.969783715E-05
28.8 0.0002485946118 -1.657297412E-05
29 0.0002420681239 1.658000849E-05
29.2 0.0002355360934 2.488057325E-05
29.4 0.0002323173322 6.637638063E-05
29.6 0.0002257756056 6.640458989E-05
29.8 0.0002225499575 3.321641156E-05
30 0.0002193215653 8.307635049E-06
30.2 0.0002094414894 -1.662234043E-05
30.4 0.0002028788846 2.510881149E-20
30.6 0.0001929833901 -8.318249574E-06
30.8 0.0001864081807 1.664358756E-05
31 0.0001798273657 2.497602302E-05
31.2 0.0001732409382 -8.328891258E-06
31.4 0.000163315913 -8.332444539E-06
31.6 0.000156716816 1.667200171E-05
31.8 0.0001501120837 3.335824082E-05
32 0.0001435017087 8.343122597E-06
32.2 0.0001368856838 -1.669337607E-05
32.4 0.0001336041043 -1.670051304E-05
32.6 0.0001303197177 -2.506148417E-05
32.8 0.0001303754814 -4.151039589E-21
33 0.0001304312928 -8.360980308E-06
33.2 0.000130487152 8.364561028E-06
33.4 0.0001271958012 5.857701371E-05
33.6 0.0001239016288 4.185865838E-05
33.8 0.0001206046312 -1.675064322E-05
34 0.0001206563707 -7.541023166E-05
34.2 0.0001240611588 -8.38251073E-05
34.4 0.0001308233147 -6.708887935E-05
34.6 0.0001308795103 -3.35588488E-05
34.8 0.0001309357542 -3.357327031E-05
35 0.0001309920464 -4.198463027E-05
35.2 0.0001344086022 -5.880376344E-05
35.4 0.0001344664372 -5.882906627E-05
35.6 0.000134524322 -1.681554025E-05
35.8 0.0001312177003 -2.523417313E-05
36 0.0001279082292 8.41501508E-06
36.2 0.0001245959052 1.683728448E-05
36.4 0.0001212807245 -5.895590772E-05
36.6 0.0001179626833 -6.740724763E-05
36.8 0.0001146417782 -4.214771256E-05
37 0.0001113180052 -2.529954663E-05
37.2 0.0001113660907 -1.523232636E-20
37.4 0.0001181665946 1.688094209E-05
37.6 0.0001182176827 1.688824038E-05
37.8 0.0001216479239 -8.447772491E-06
38 0.0001250811337 1.872832531E-20
38.2 0.0001251352814 -2.536525974E-05
38.4 0.000125189476 -2.537624513E-05
38.6 0.0001286286828 -8.462413345E-06
38.8 0.0001320708713 -5.926257044E-05
39 0.0001355160451 -1.693950564E-05
39.2 0.0001355748373 -8.473427332E-06
39.4 0.0001288519965 1.695421007E-05
39.6 0.0001221233174 1.696157186E-05
39.8 0.0001187825804 -3.39378801E-05
40 0.0001154389396 -1.697631465E-05
40.2 0.0001154891304 -1.698369565E-05
40.4 0.0001189375816 -8.49554154E-06
40.6 0.0001155896432 2.54977154E-05
40.8 0.0001122387897 3.401175446E-05
41 0.0001020797038 4.253320993E-05
41.2 9.531590414E-05 5.957244009E-05
41.4 9.195183086E-05 -8.534917104E-21
41.6 8.858482338E-05 -3.407108591E-05
41.8 8.862347295E-05 1.704297557E-05
42 8.525207333E-05 2.5575622E-05
42.2 7.846615721E-05 -1.705786026E-05
42.4 8.191349934E-05 8.532656182E-06
42.6 7.85347465E-05 2.560915647E-05
42.8 7.515303892E-05 1.708023612E-05
43 7.518591426E-05 2.563156168E-05
43.2 6.838074398E-05 8.547592998E-06
43.4 6.156961471E-05 -1.710267075E-05
43.6 6.501861586E-05 -1.711016207E-05
43.8 6.50471078E-05 -1.711765995E-05
44 6.165059185E-05 -4.2812911E-05
44.2 6.853070175E-05 -5.139802632E-05
44.4 7.198881088E-05 -6.856077227E-05
44.6 7.887949956E-05 -6.001701054E-05
44.8 8.234519104E-05 -4.288812033E-05
45 8.238137083E-05 -3.432557118E-05
45.2 8.241758242E-05 -3.434065934E-05
45.4 8.245382586E-05 -1.717788039E-05
45.6 8.249010119E-05 -8.592718874E-06
45.8 7.90878081E-05 -6.017550616E-05
46 7.91226332E-05 -5.160171731E-05
46.2 7.915748899E-05 -1.720814978E-05
46.4 7.574922874E-05 -8.607866902E-06
46.6 7.233796296E-05 3.444664903E-05
46.8 7.581605646E-05 3.446171398E-20
47 7.929721977E-05 -4.309631509E-05
47.2 7.933222958E-05 -8.623068433E-06
47.4 8.28180212E-05 -5.176126325E-05
47.6 8.285461776E-05 -6.041482545E-05
47.8 8.979885057E-05 1.726900973E-05
48 9.329389651E-05 2.591497125E-05
48.2 0.0001002488938 -1.889623391E-21
48.4 0.00010375166 -2.593791501E-05
48.6 0.0001072575288 1.729960142E-05
48.8 0.0001107665042 8.653633141E-06
49 0.0001073526152 8.657468972E-06
49.2 0.000110864745 2.598392461E-05
49.4 0.0001109139308 8.665150843E-06
49.6 0.0001109631602 1.733799379E-05
49.8 0.0001110124334 -2.601853908E-05
50 0.0001110617503 -4.338349622E-05
50.2 0.0001111111111 -6.944444444E-05
50.4 0.0001111605158 -6.947532237E-05
50.6 0.0001112099644 -3.475311388E-05
50.8 0.000100828883 -8.692145082E-06
51 9.739536955E-05 3.478406055E-05
51.2 8.699888641E-05 5.219933185E-05
51.4 7.659313725E-05 6.092635918E-05
51.6 6.617810967E-05 6.966116808E-05
51.8 5.575379126E-05 3.484611954E-05
52 4.532016957E-05 8.715417224E-06
52.2 3.836495536E-05 -2.615792411E-05
52.4 2.791424743E-05 -1.744640464E-05
52.6 2.094504021E-05 2.618130027E-05
52.8 1.746200268E-05 4.365500671E-05
53 1.397584973E-05 1.746981216E-05
53.2 1.048657718E-05 -8.738814318E-06
53.4 6.994180842E-06 -1.74854521E-05
53.6 6.997313032E-06 -6.997313032E-05
53.8 3.500224014E-06 -5.250336022E-05
54 3.501792918E-06 -3.501792918E-05
54.2 3.503363229E-06 -4.379204036E-05
54.4 1.051480485E-05 -1.752467474E-05
54.6 1.051952424E-05 -2.629881059E-05
54.8 1.403233049E-05 -2.631061967E-05
55 1.75482929E-05 -8.774146451E-06
55.2 2.106741573E-05 4.358149107E-21
55.4 2.458970324E-05 -2.634611061E-05
55.6 2.811515969E-05 -7.907388664E-05
55.8 3.164378938E-05 -3.515976598E-05
56 3.517559658E-05 8.793899145E-06
56.2 3.871058559E-05 -1.759572072E-05
56.4 4.22487607E-05 -3.520730059E-05
56.6 4.579012624E-05 -3.522317403E-05
56.8 5.285859269E-05 -8.809765449E-06
57 5.993343863E-05 -1.762748195E-05
57.2 6.348758465E-05 -3.527088036E-05
57.4 6.704494128E-05 -3.52868112E-05
57.6 7.060551288E-05 4.254828127E-21
57.8 7.41693038E-05 -2.648903707E-05
58 7.773631841E-05 -5.300203528E-05
58.2 8.130656109E-05 -1.767533937E-05
58.4 8.488003622E-05 -2.652501132E-05
58.6 8.491847826E-05 -8.845674819E-06
58.8 8.849682827E-05 8.849682827E-06
59 8.85369447E-05 1.770738894E-05
59.2 8.503401361E-05 1.77154195E-05
59.4 8.507259528E-05 8.861728675E-06
59.6 8.156491148E-05 -8.865751248E-06
59.8 7.805404178E-05 -2.660933243E-05
60 7.099045888E-05 1.613330049E-21
60.2 6.392045455E-05 1.775568182E-05
60.4 5.684402001E-05 2.664563438E-05
60.6 4.97611465E-05 -1.777183803E-05
60.8 4.622781065E-05 -5.333978152E-05
61 3.913365209E-05 -4.44700592E-05
61.2 3.203302961E-05 -4.036923729E-21
61.4 2.13650866E-05 4.451059708E-05
61.6 1.4249886E-05 8.906178751E-06
61.8 1.425638686E-05 -3.564096715E-05
62 1.426289366E-05 -1.782861707E-05
62.2 1.426940639E-05 8.918378995E-06
62.4 1.427592508E-05 -1.784490635E-05
62.6 1.428244973E-05 -1.785306216E-05
62.8 1.786122542E-05 1.786122542E-05
63 2.501715462E-05 1.786939616E-05
63.2 2.860411899E-05 4.357000342E-21
63.4 3.219436813E-05 -3.577152015E-05
63.6 3.578790655E-05 -2.684092991E-05
63.8 3.580430797E-05 -8.951076994E-06
64 3.940279688E-05 -2.686554333E-05
64.2 3.942087156E-05 -1.791857798E-05
64.4 3.585360257E-05 -3.585360257E-05
64.6 3.587006428E-05 -2.690254821E-05
64.8 3.588654111E-05 3.765616718E-21
65 3.590303309E-05 -2.692727482E-05
65.2 3.591954023E-05 -8.979885057E-06
65.4 3.593606256E-05 2.695204692E-05
65.6 3.595260009E-05 8.988150023E-06
65.8 3.237223757E-05 -1.798457643E-05
66 2.878857669E-05 -1.799286043E-05
66.2 2.52016129E-05 1.094919589E-20
66.4 2.161134163E-05 -9.00472568E-06
66.6 1.80177583E-05 -1.80177583E-05
66.8 1.442085833E-05 -2.703910937E-05
67 1.082063712E-05 -2.70515928E-05
67.2 7.217090069E-06 -2.706408776E-05
67.4 3.610212569E-06 -2.707659427E-05
67.6 3.611881646E-06 -1.805940823E-05
67.8 7.227104533E-06 9.033880666E-06
68 7.230448866E-06 2.711418325E-05
68.2 1.085069444E-05 1.808449074E-05
68.4 1.447429365E-05 -9.046433534E-06
68.6 1.810125116E-05 -3.620250232E-05
68.8 1.810964302E-05 2.402770061E-21
69 1.811804267E-05 9.059021336E-06
69.2 2.175174014E-05 1.812645012E-05
69.4 2.538881151E-05 5.44045961E-05
69.6 2.90292615E-05 1.814328843E-05
69.8 2.541240706E-05 -4.537929833E-05
70 1.816015807E-05 -6.356055323E-05
70.2 1.090116279E-05 -1.816860465E-05
70.4 1.090623546E-05 2.726558865E-05
70.6 1.091131285E-05 -9.092760708E-06
70.8 1.091639497E-05 -2.729098742E-05
71 1.092148183E-05 -9.101234856E-06
71.2 1.092657343E-05 -2.387587458E-20
71.4 1.093166978E-05 9.109724813E-06
71.6 1.093677088E-05 -1.822795147E-05
71.8 1.4589169E-05 -1.823646125E-05
72 1.459598319E-05 1.824497898E-05
72.2 1.460280374E-05 1.825350467E-05
72.4 1.460963067E-05 -3.939724073E-21
72.6 1.461646399E-05 5.481173994E-05
72.8 1.46233037E-05 8.225608329E-05
73 2.194522472E-05 3.657537453E-05
73.2 2.927400468E-05 2.744437939E-05
73.4 2.562675726E-05 9.152413308E-06
73.6 2.197609001E-05 -9.156704173E-06
73.8 2.198639775E-05 -9.160999062E-06
74 2.566283435E-05 -4.582648991E-05
74.2 2.567488263E-05 -2.750880282E-05
74.4 2.568694223E-05 1.834781588E-05
74.6 3.304158835E-05 -3.304763785E-20
74.8 4.040314998E-05 -5.36563967E-21
75 4.409689558E-05 -1.785135454E-20
75.2 4.779411765E-05 -1.838235294E-05
75.4 4.413841808E-05 -4.597751883E-05
75.6 4.415920867E-05 -2.759950542E-05
75.8 3.681668238E-05 2.399852534E-21
76 3.315063649E-05 9.208510137E-06
76.2 2.948113208E-05 9.212853774E-06
76.4 1.843440302E-05 -9.21720151E-06
76.6 1.106586402E-05 -7.517628553E-21
76.8 3.690363722E-06 -1.845181861E-05
77 3.69210775E-06 -3.69210775E-05
77.2 3.693853428E-06 -1.846926714E-05
77.4 3.695600757E-06 -1.160469601E-20
77.6 3.69734974E-06 1.84867487E-05
77.8 0 -1.57503413E-20
78 0 -2.775639507E-05
78.2 0 -8.026511272E-21
78.4 0 9.260905642E-06
78.6 0 -9.265298861E-06
78.8 0 -2.780908875E-05
79 0 -5.564458689E-05
79.2 0 -4.639251781E-05
79.4 0 -2.227083922E-21
79.6 0 2.786198288E-05
79.8 0 9.291745956E-06
80 0 -3.718467396E-05
80.2 0 -9.300595238E-06
80.4 0 4.652513101E-05
80.6 7.447569113E-06 4.654730696E-05
80.8 1.117668097E-05 1.862780162E-05
81 1.490935115E-05 9.318344466E-06
81.2 1.864558473E-05 2.796837709E-05
81.4 2.238538682E-05 4.663622254E-05
81.6 2.612876254E-05 9.331700908E-06
81.8 2.614125239E-05 -1.867232314E-05
82 1.868125299E-05 1.868125299E-05
82.2 1.869019139E-05 -2.701008775E-20
82.4 1.495931067E-05 -1.869913834E-05
82.6 7.483237548E-06 -9.354046935E-06
82.8 7.486823191E-06 1.871705798E-05
83 3.745206136E-06 4.68150767E-05
83.2 0 -3.960433973E-22
83.4 3.748800384E-06 9.37200096E-06
83.6 0 6.563550168E-05
83.8 0 1.876200768E-05
84 3.754204709E-06 -9.385511773E-06
84.2 3.756009615E-06 9.390024038E-06
84.4 3.757816258E-06 -9.394540645E-06
84.6 3.759624639E-06 -2.819718479E-05
84.8 3.761434762E-06 9.403586904E-06
85 7.526493256E-06 2.822434971E-05
85.2 1.129518072E-05 -9.412650602E-06
85.4 1.506750241E-05 -2.825156702E-05
85.6 1.507477086E-05 -1.884346358E-05
85.8 1.508204633E-05 1.885255792E-05
86 1.131699662E-05 9.430830517E-06
86.2 1.132246377E-05 2.830615942E-05
86.4 1.13279362E-05 9.439946834E-06
86.6 1.133341393E-05 -3.777804642E-05
86.8 1.133889695E-05 1.889816159E-05
87 7.562923524E-06 1.890730881E-05
87.2 3.783292978E-06 -1.153137035E-20
87.4 0 9.462814922E-06
87.6 0 9.467401842E-06
87.8 0 -1.314614327E-20
88 0 1.895317807E-05
88.2 0 1.896237864E-05
88.4 0 -4.742897037E-05
88.6 0 -5.694241983E-05
88.8 3.798006806E-06 -3.798006806E-05
89 3.799854086E-06 -1.899927043E-05
89.2 3.801703163E-06 -3.801703163E-05
89.4 3.803554041E-06 -3.803554041E-05
89.6 3.805406722E-06 -9.513516805E-06
89.8 3.807261209E-06 -1.903630604E-05
90 3.809117504E-06 9.522793759E-06
90.2 3.81097561E-06 -1.957040019E-20
90.4 0 -1.906417765E-05
90.6 0 -9.536743164E-06
90.8 3.816560821E-06 1.90828041E-05
91 3.818426197E-06 1.909213099E-05
91.2 3.820293399E-06 -1.046723112E-20
91.4 3.822162427E-06 2.86662182E-05
91.6 3.824033284E-06 9.560083211E-06
91.8 1.147771792E-05 -3.356643751E-21
92 1.14833415E-05 1.91389025E-05
92.2 1.148897059E-05 1.153127184E-22
92.4 7.663070132E-06 -3.831535066E-05
92.6 3.833415113E-06 -1.916707556E-05
92.8 3.835297005E-06 9.588242514E-06
93 7.674361493E-06 -9.592951866E-06
93.2 1.151719902E-05 -7.678132678E-05
93.4 7.681907571E-06 -7.681907571E-05
93.6 1.152852927E-05 -4.803553861E-05
93.8 1.153420276E-05 -5.767101378E-05
94 1.153988183E-05 -1.923313639E-05
94.2 1.15455665E-05 -9.621305419E-06
94.4 7.700837851E-06 -9.626047314E-06
94.6 0 1.926158777E-05
94.8 0 2.890663542E-05
95 0 9.640301086E-06
95.2 0 -9.645061728E-06
95.4 0 9.649827075E-06
95.6 0 9.654597133E-06
95.8 0 9.659371909E-06
96 0 1.932830282E-05
96.2 0 -3.488138717E-21
96.4 0 -1.342400528E-20
96.6 0 -9.531100712E-22
96.8 0 -9.683316807E-06
97 0 -9.68812004E-06
97.2 0 -2.087398383E-20
97.4 0 9.697740814E-06
97.6 0 2.910767511E-05
97.8 0 1.941476143E-05
98 0 1.942441571E-05
98.2 0 9.717039801E-06
98.4 0 -1.308774931E-20
98.6 0 -1.945343625E-05
98.8 0 -2.919469357E-05
99 0 -9.736415753E-06
99.2 0 -9.74127182E-06
99.4 3.898453094E-06 -1.949226547E-05
99.6 3.900399401E-06 -3.900399401E-05
99.8 7.804695305E-06 -4.877934565E-05
100 1.171289355E-05 -4.880372314E-05
100.2 1.953125E-05 -1.953125E-05
100.4 2.735742871E-05 2.130700743E-20
100.6 3.128128128E-05 1.95508008E-05
100.8 3.52090636E-05 9.780295443E-06
101 3.522670341E-05 9.785195391E-06
101.2 3.52443609E-05 2.937030075E-05
101.4 3.918004012E-05 2.938503009E-05
101.6 4.311966884E-05 3.919969895E-05
101.8 4.706325301E-05 3.921937751E-05
102 4.708689101E-05 3.923907584E-05
102.2 4.711055276E-05 2.944409548E-05
102.4 4.713423831E-05 -1.577821428E-20
102.6 4.715794769E-05 -2.739571586E-20
102.8 4.324987418E-05 1.965903372E-05
103 3.540407855E-05 2.950339879E-05
103.2 3.14861461E-05 1.967884131E-05
103.4 2.756426411E-05 -6.460157571E-21
103.6 2.75781644E-05 -8.472301335E-21
103.8 2.759207871E-05 -1.907985512E-21
104 2.760600707E-05 3.943715295E-05
104.2 2.367424242E-05 1.972853535E-05
104.4 1.97385043E-05 -1.97385043E-05
104.6 1.579878665E-05 9.874241658E-06
104.8 1.185508346E-05 -1.975847243E-05
105 1.1861083E-05 -4.942117915E-05
105.2 7.911392405E-06 -9.889240506E-06
105.4 3.957700101E-06 -9.894250253E-06
105.6 3.959706031E-06 -2.969779524E-05
105.8 3.961713996E-06 -9.90428499E-06
106 3.963723998E-06 1.981861999E-05
106.2 7.931472081E-06 1.98286802E-05
106.4 3.967750127E-06 1.983875063E-05
106.6 3.96976626E-06 -7.617267434E-21
106.8 7.943568887E-06 -1.985892222E-05
107 7.947609359E-06 -9.934511699E-06
107.2 7.951653944E-06 -9.93956743E-06
107.4 7.955702648E-06 3.124801532E-20
107.6 7.959755476E-06 9.949694345E-06
107.8 7.963812436E-06 1.990953109E-05
108 7.967873534E-06 1.991968383E-05
108.2 7.971938776E-06 1.992984694E-05
108.4 3.988004084E-06 9.970010209E-06
108.6 7.980081716E-06 -1.670711911E-21
108.8 3.992079714E-06 1.536209224E-20
109 3.994120654E-06 7.451602119E-21
109.2 7.992327366E-06 7.053989162E-21
109.4 1.599283521E-05 -9.995522006E-06
109.6 2.000128008E-05 -3.000192012E-05
109.8 2.401383197E-05 -5.00288166E-05
110 2.803049718E-05 -6.00653511E-05
110.2 3.205128205E-05 -6.009615385E-05
110.4 3.607619292E-05 -6.01269882E-05
110.6 4.010523614E-05 -6.015785421E-05
110.8 4.413841808E-05 -5.015729327E-05
111 4.817574512E-05 -3.01098407E-05
111.2 4.820051414E-05 -2.008354756E-05
111.4 4.822530864E-05 -3.01408179E-05
111.6 4.825012867E-05 -5.026055069E-05
111.8 4.827497425E-05 -6.034371782E-05
112 4.829984544E-05 -3.01874034E-05
112.2 4.832474227E-05 1.006765464E-05
112.4 4.834966478E-05 1.007284683E-05
112.6 4.8374613E-05 1.45736291E-20
112.8 4.839958699E-05 2.2024438E-20
113 4.438920455E-05 1.008845558E-05
113.2 4.44121447E-05 5.046834625E-05
113.4 4.443510858E-05 5.049444157E-05
113.6 4.445809622E-05 -1.597617501E-21
113.8 4.448110766E-05 3.032802795E-05
114 4.450414293E-05 7.080204557E-05
114.2 3.643134715E-05 3.035945596E-05
114.4 3.645023328E-05 4.05002592E-05
114.6 3.241701245E-05 8.104253112E-05
114.8 2.83796056E-05 6.081344058E-05
115 2.433800623E-05 1.014083593E-05
115.2 2.029220779E-05 2.029220779E-05
115.4 1.624220374E-05 5.075688669E-05
115.6 1.218798752E-05 3.04699688E-05
115.8 4.064776275E-06 3.048582206E-05
116 0 5.083615305E-05
116.2 0 4.069010417E-05
116.4 0 2.035565399E-05
116.6 0 2.036626694E-05
116.8 0 2.037689098E-05
117 0 2.03875261E-05
117.2 0 2.039817232E-05
117.4 0 2.040882968E-05
117.6 0 1.020974909E-05
117.8 0 1.021508891E-05
118 0 4.088173731E-05
118.2 0 4.090314136E-05
118.4 0 4.092456784E-05
118.6 0 5.118252096E-05
118.8 0 5.120936025E-05
119 0 7.173071878E-05
119.2 0 6.151574803E-05
119.4 0 4.103203782E-05
119.6 0 6.158039937E-05
119.8 0 6.161277603E-05
120 0 5.137098895E-05
120.2 0 5.139802632E-05
120.4 0 3.085505529E-05
120.6 0 5.145218651E-05
120.8 0 8.23668951E-05
121 0 6.180775316E-05
121.2 0 2.061345646E-05
121.4 0 -1.50550343E-20
121.6 0 -2.063523508E-05
121.8 0 -1.032307082E-05
122 0 1.032852988E-05
122.2 0 4.133597884E-05
122.4 0 3.101839598E-05
122.6 4.137976695E-06 -2.28510777E-20
122.8 4.140169581E-06 -1.035042395E-05
123 4.142364793E-06 -1.035591198E-05
123.2 4.144562334E-06 2.072281167E-05
123.4 4.146762208E-06 -4.353932459E-22
123.6 0 -4.148964418E-05
123.8 0 -4.151168969E-05
124 0 -2.076687932E-05
124.2 0 -2.077792553E-05
124.4 0 -3.118347525E-05
124.6 0 -4.16001065E-05
124.8 0 -6.243340437E-05
125 0 -8.328891258E-05
125.2 0 -4.166666667E-05
125.4 0 -2.084445037E-05
125.6 0 -4.171115857E-05
125.8 0 -4.173344017E-05
126 4.175574559E-06 -5.219468199E-05
126.2 8.355614973E-06 -7.311163102E-05
126.4 1.672017121E-05 -5.225053505E-05
126.6 2.091140257E-05 -4.182280514E-05
126.8 2.510712373E-05 -4.184520621E-05
127 2.930734191E-05 -5.233453912E-05
127.2 3.351206434E-05 -5.236260054E-05
127.4 3.772129828E-05 1.047813841E-05
127.6 4.193505099E-05 -2.09675255E-05
127.8 4.615332975E-05 -5.244696563E-05
128 5.037614186E-05 -3.148508866E-05
128.2 5.460349462E-05 -5.250336022E-05
128.4 5.463286713E-05 -6.303792361E-05
128.6 5.886706136E-05 -2.102395048E-05
128.8 6.310581583E-05 2.103527194E-05
129 6.734913793E-05 -2.10466056E-05
129.2 7.159703504E-05 -3.158692722E-05
129.4 7.584951456E-05 1.05346548E-05
129.6 8.010658392E-05 -2.108067998E-05
129.8 8.858666307E-05 -2.109206263E-05
130 9.28552134E-05 -1.469670433E-20
130.2 9.712837838E-05 -3.16722973E-05
130.4 0.0001014061655 -3.168942672E-05
130.6 0.000101461039 1.056885823E-05
130.8 0.000105745804 3.17237412E-05
131 0.0001100352113 -1.058030878E-05
131.2 0.0001143292683 -3.175813008E-05
131.4 0.0001186279826 -1.059178416E-05
131.6 0.0001229313619 -1.05975312E-05
131.8 0.0001272394137 -1.060328447E-05
132 0.0001315521456 1.0609044E-05
132.2 0.0001358695652 2.122961957E-05
132.4 0.0001401916803 3.186174551E-05
132.6 0.0001445184984 4.25054407E-05
132.8 0.0001445971693 3.18964344E-05
133 0.0001489311002 2.127587146E-05
133.2 0.0001532697548 5.321866485E-05
133.4 0.0001533533261 8.519629226E-05
133.6 0.0001534369885 5.327673213E-05
133.8 0.0001577852074 1.034256141E-20
134 0.0001578713818 3.200095576E-05
134.2 0.0001494193989 4.269125683E-05
134.4 0.0001452296337 -2.003004451E-20
134.6 0.000136761488 -2.136898249E-05
134.8 0.000132560208 -4.276135742E-05
135 0.0001326328039 -3.20885816E-05
135.2 0.0001327054795 -1.070205479E-05
135.4 0.0001242118969 8.053056202E-21
135.6 0.0001199945145 -3.214138782E-05
135.8 0.0001200603732 -3.215902854E-05
136 0.0001115458539 -1.883915375E-20
136.2 0.0001073145604 2.146291209E-05
136.4 9.878367235E-05 2.147471138E-05
136.6 0.0001031353135 2.148652365E-05
136.8 0.0001031920748 2.149834893E-05
137 9.894686123E-05 2.151018722E-05
137.2 9.46969697E-05 1.076101928E-05
137.4 9.04423925E-05 -2.153390298E-05
137.6 8.61831219E-05 -1.077289024E-05
137.8 8.623068433E-05 4.311534216E-05
138 7.333655439E-05 -9.740794837E-21
138.2 7.337707182E-05 -2.158149171E-05
138.4 6.90989497E-05 9.631366274E-21
138.6 6.481609513E-05 -1.080268252E-05
138.8 6.052850028E-05 4.323464305E-05
139 5.623615725E-05 4.32585825E-05
139.2 5.626731302E-05 3.246191136E-05
139.4 5.196784922E-05 -7.271294137E-21
139.6 4.76636162E-05 -3.249792013E-05
139.8 4.335460599E-05 -3.25159545E-05
140 3.904081066E-05 -2.30893637E-20
140.2 3.038194444E-05 1.085069444E-05
140.4 3.039883268E-05 -1.085672596E-05
140.6 2.607063404E-05 -1.086276418E-05
140.8 2.173761825E-05 2.173761825E-05
141 1.739977728E-05 4.349944321E-05
141.2 1.305710306E-05 1.088091922E-05
141.4 8.709587514E-06 -4.419469325E-20
141.6 4.357222532E-06 -2.178611266E-05
141.8 4.359654018E-06 -1.089913504E-05
142 4.362088219E-06 1.090522055E-05
142.2 4.36452514E-06 2.504143654E-22
142.4 4.366964785E-06 1.091741196E-05
142.6 4.369407159E-06 2.184703579E-05
142.8 4.371852266E-06 4.371852266E-05
143 4.374300112E-06 4.374300112E-05
143.2 4.3767507E-06 2.18837535E-05
143.4 8.758408072E-06 1.094801009E-05
143.6 8.763320247E-06 5.477075154E-05
143.8 8.768237935E-06 8.768237935E-05
144 4.386580573E-06 5.483225716E-05
144.2 4.389044944E-06 1.097261236E-05
144.4 8.783024171E-06 2.195756043E-05
144.6 1.318194601E-05 6.590973003E-05
144.8 1.31893641E-05 8.792909398E-05
145 1.319679054E-05 7.698127815E-05
145.2 1.76056338E-05 3.301056338E-05
145.4 1.761555806E-05 5.504861894E-05
145.6 1.762549351E-05 6.609560068E-05
145.8 1.763544018E-05 6.613290068E-05
146 1.323404856E-05 7.71986166E-05
146.2 8.827683616E-06 6.620762712E-05
146.4 0 8.832673827E-05
146.6 0 7.732960973E-05
146.8 0 6.632003396E-05
147 4.423839185E-06 9.953638165E-05
147.2 4.426345609E-06 0.0001106586402
147.4 4.428854875E-06 7.750496032E-05
147.6 8.862733976E-06 5.539208735E-05
147.8 8.867763905E-06 3.325411464E-05
148 2.218199886E-05 1.420868053E-20
148.2 3.107244318E-05 2.219460227E-05
148.4 3.997299602E-05 3.331083002E-05
148.6 4.888367463E-05 1.110992605E-05
148.8 5.78044963E-05 1.744134133E-20
149 6.673547836E-05 1.112257973E-05
149.2 7.567663818E-05 8.12699892E-21
149.4 8.462799316E-05 -5.662889165E-21
149.6 8.467626925E-05 2.228322875E-05
149.8 8.918378995E-05 2.229594749E-05
150 9.369645917E-05 1.614750487E-20
150.2 9.821428571E-05 -3.474130839E-21
150.4 9.827044025E-05 4.466838193E-05
150.6 9.385726545E-05 4.469393593E-05
150.8 8.943903835E-05 5.589939897E-05
151 8.501575029E-05 5.593141466E-05
151.2 7.611031519E-05 4.477077364E-05
151.4 6.719466743E-05 4.479644495E-05
151.6 5.378657487E-05 5.602768216E-05
151.8 4.4847876E-05 7.848378301E-05
152 3.589890867E-05 3.365522688E-05
152.2 3.14295977E-05 3.367456897E-05
152.4 2.695514664E-05 4.492524439E-05
152.6 2.247554661E-05 -2.505078093E-20
152.8 1.799078872E-05 1.124424295E-05
153 1.350086406E-05 3.375216014E-05
153.2 9.005763689E-06 4.502881844E-05
153.4 4.505478662E-06 6.758217993E-05
153.6 0 2.254039238E-05
153.8 0 1.127670323E-05
154 0 9.895761629E-22
154.2 0 -3.386921965E-05
154.4 0 1.129626952E-05
154.6 0 4.521122685E-05
154.8 0 6.785610886E-05
155 0 6.789542294E-05
155.2 0 4.528985507E-05
155.4 0 7.930321926E-05
155.6 0 0.0001246916715
155.8 0 9.073751452E-05
156 0 9.079023823E-05
156.2 0 9.084302326E-05
156.4 0 3.408595113E-05
156.6 0 -2.512273899E-20
156.8 4.550087362E-06 -2.122899108E-20
157 9.105477855E-06 2.276369464E-05
157.2 1.366618076E-05 1.138848397E-05
157.4 2.279025671E-05 -2.279025671E-05
157.6 3.192498541E-05 -4.560712201E-05
157.8 3.194363318E-05 -4.563376168E-05
158 3.6528346E-05 -6.849064874E-05
158.2 4.111842105E-05 -0.0001027960526
158.4 4.571386776E-05 -7.999926858E-05
158.6 5.031469555E-05 -5.71757904E-05
158.8 5.492091388E-05 -6.865114236E-05
159 5.037368113E-05 -6.869138335E-05
159.2 4.123900293E-05 -5.727639296E-05
159.4 4.126320423E-05 -3.438600352E-05
159.6 3.669994128E-05 -4.58749266E-05
159.8 3.672150411E-05 -3.442641011E-05
160 3.67430923E-05 -1.148221634E-05
160.2 2.757352941E-05 -1.148897059E-05
160.4 2.299146557E-05 2.299146557E-05
160.6 2.760600707E-05 3.721259814E-20
160.8 3.222598704E-05 -3.452784325E-05
161 4.145784198E-05 -6.90964033E-05
161.2 4.609144543E-05 -8.06600295E-05
161.4 5.073051948E-05 -6.917798111E-05
161.6 5.998966332E-05 -3.460942115E-05
161.8 5.540780142E-05 2.308658392E-05
162 5.544056771E-05 1.155011827E-05
162.2 5.085059172E-05 -1.155695266E-05
162.4 5.088069864E-05 -4.625518058E-05
162.6 5.553909953E-05 -4.628258294E-05
162.8 5.094101956E-05 -4.631001778E-05
163 4.633748517E-05 -4.633748517E-05
163.2 4.636498516E-05 -4.636498516E-05
163.4 4.639251781E-05 -5.799064727E-05
163.6 3.713606655E-05 -6.963012478E-05
163.8 2.78686088E-05 -5.805960166E-05
164 2.323765616E-05 -1.161882808E-05
164.2 1.860119048E-05 -4.650297619E-05
164.4 1.861226921E-05 -8.142867778E-05
164.6 1.862336114E-05 -2.327920143E-05
164.8 1.863446631E-05 -3.493962433E-05
165 1.864558473E-05 -5.826745227E-05
165.2 1.865671642E-05 -2.332089552E-05
165.4 1.866786141E-05 -1.4215322E-20
165.6 1.867901973E-05 3.502316198E-05
165.8 1.869019139E-05 -1.168136962E-05
166 1.870137642E-05 -3.506508079E-05
166.2 1.871257485E-05 -2.339071856E-05
166.4 1.87237867E-05 -3.510710006E-05
166.6 1.873501199E-05 1.170938249E-05
166.8 1.405968806E-05 4.686562687E-05
167 9.378751501E-06 5.861719688E-05
167.2 4.692192192E-06 6.56639529E-21
167.4 9.390024038E-06 -0.0001056377704
167.6 1.409350571E-05 -5.872294047E-05
167.8 2.350330927E-05 2.350330927E-05
168 2.822095123E-05 -2.351745936E-05
168.2 2.823795181E-05 9.103388023E-21
168.4 3.296413502E-05 -1.627914017E-20
168.6 3.298401689E-05 -5.890003016E-05
168.8 3.300392275E-05 -4.714846107E-05
169 3.302385266E-05 -9.435386473E-05
169.2 3.304380665E-05 -9.441087613E-05
169.4 2.834038694E-05 -1.180849456E-05
169.6 2.363127647E-05 -2.363127647E-05
169.8 2.364558111E-05 -4.729116223E-05
170 1.892792247E-05 -8.280966081E-05
170.2 1.893939394E-05 -0.0001302083333
170.4 1.895087932E-05 -0.0001302872953
170.6 1.422178398E-05 -9.48118932E-05
170.8 1.423041894E-05 -4.743472981E-05
171 9.492709599E-06 -5.932943499E-05
171.2 4.749240122E-06 -8.311170213E-05
171.4 0 -0.0001069229015
171.6 0 -8.321287279E-05
171.8 0 -7.136875761E-05
172 0 -4.760816575E-05
172.2 0 -4.763719512E-05
172.4 4.766625991E-06 -7.149938987E-05
172.6 4.76953602E-06 -4.76953602E-05
172.8 4.772449603E-06 -4.772449603E-05
173 4.775366748E-06 -2.387683374E-05
173.2 4.778287462E-06 6.304604941E-21
173.4 0 -3.585908813E-05
173.6 4.78413962E-06 -1.196034905E-05
173.8 4.787071078E-06 2.393535539E-05
174 4.790006131E-06 -1.197501533E-05
174.2 4.792944785E-06 -1.198236196E-05
174.4 4.795887047E-06 1.198971762E-05
174.6 4.798832924E-06 1.199708231E-05
174.8 4.801782422E-06 -3.601336816E-05
175 4.804735547E-06 -6.005919434E-05
175.2 4.807692308E-06 -6.009615385E-05
175.4 4.810652709E-06 -3.607989532E-05
175.6 4.813616759E-06 -6.017020949E-05
175.8 4.816584464E-06 -6.02073058E-05
176 4.81955583E-06 9.674909446E-22
176.2 4.822530864E-06 -2.411265432E-05
176.4 4.825509574E-06 1.17328006E-20
176.6 4.828491965E-06 3.942022988E-21
176.8 4.831478046E-06 1.207869511E-05
177 0 2.417233911E-05
177.2 4.8374613E-06 1.327453075E-20
177.4 0 -2.473043021E-21
177.6 4.843459392E-06 3.632594544E-05
177.8 4.84646402E-06 6.058080025E-05
178 4.849472377E-06 4.849472377E-05
178.2 4.852484472E-06 8.491847826E-05
178.4 9.711000622E-06 6.069375388E-05
178.6 4.8585199E-06 6.073149876E-05
178.8 1.458462974E-05 2.430771624E-05
179 9.729140722E-06 3.648427771E-05
179.2 1.947040498E-05 3.650700935E-05
179.4 2.922381546E-05 -3.652976933E-05
179.6 3.898939488E-05 -2.43683718E-05
179.8 4.876716604E-05 -6.095895755E-05
180 5.855715178E-05 -6.09970331E-05
180.2 6.34765625E-05 -2.44140625E-05
180.4 7.817385866E-05 -8.550265791E-05
180.6 7.822277847E-05 -9.777847309E-05
180.8 8.805572949E-05 1.948917699E-21
181 8.811090226E-05 -6.836683413E-21
181.2 9.796238245E-05 -6.122648903E-05
181.4 9.80238394E-05 -7.351787955E-05
181.6 9.808537351E-05 -4.904268675E-05
181.8 8.833228643E-05 1.203048247E-20
182 9.32982401E-05 -4.836743463E-21
182.2 8.844339623E-05 -3.685141509E-05
182.4 8.849905601E-05 -3.687460667E-05
182.6 8.855478589E-05 -1.229927582E-05
182.8 8.861058601E-05 2.461405167E-05
183 8.866645649E-05 1.300203642E-21
183.2 8.872239748E-05 -6.161277603E-05
183.4 8.877840909E-05 -4.932133838E-05
183.6 9.3769741E-05 2.467624763E-05
183.8 8.889064475E-05 1.234592288E-05
184 9.38883618E-05 -4.941492726E-05
184.2 9.394778481E-05 -6.180775316E-05
184.4 9.400728309E-05 -3.710813806E-05
184.6 8.911596958E-05 -2.475443599E-05
184.8 9.412650602E-05 -4.954026633E-05
185 8.922906091E-05 -3.717877538E-05
185.2 8.928571429E-05 -1.240079365E-05
185.4 8.934243964E-05 -1.078171952E-20
185.6 8.939923713E-05 4.966624285E-05
185.8 8.945610687E-05 4.969783715E-05
186 8.951304901E-05 2.486473584E-05
186.2 8.459394904E-05 -1.00920667E-20
186.4 8.464786488E-05 1.244821542E-05
186.6 7.473692602E-05 7.473692602E-05
186.8 7.478462029E-05 7.478462029E-05
187 6.984355045E-05 6.23603129E-05
187.2 6.489616613E-05 6.240015974E-05
187.4 5.994245524E-05 7.492806905E-05
187.6 5.498240563E-05 3.748800384E-05
187.8 5.001600512E-05 2.500800256E-05
188 5.004804612E-05 3.753603459E-05
188.2 4.507211538E-05 7.512019231E-05
188.4 4.51010263E-05 0.0001378086915
188.6 4.512997433E-05 0.0001253610398
188.8 4.515895954E-05 6.272077714E-05
189 4.016709512E-05 3.765665167E-05
189.2 4.019292605E-05 6.280144695E-05
189.4 3.519144144E-05 8.79786036E-05
189.6 3.018351578E-05 5.030585963E-05
189.8 2.51691366E-05 2.51691366E-05
190 2.014829142E-05 1.259268214E-05
190.2 1.512096774E-05 2.52016129E-05
190.4 1.0087153E-05 3.782682376E-05
190.6 5.046834625E-06 1.261708656E-05
190.8 5.050096962E-06 1.26252424E-05
191 0 3.790022639E-05
191.2 0 7.584951456E-05
191.4 0 8.854841321E-05
191.6 0 8.860580039E-05
191.8 0 5.066472114E-05
192 0 1.267439974E-05
192.2 0 -5.073051948E-05
192.4 0 -6.345435348E-05
192.6 5.079648895E-06 -2.539824447E-05
192.8 1.016590761E-05 -1.270738452E-05
193 1.017252604E-05 1.271565755E-05
193.2 1.526872964E-05 6.361970684E-05
193.4 2.037157757E-05 7.639341591E-05
193.6 2.038486628E-05 6.370270711E-05
193.8 2.039817232E-05 8.924200392E-05
194 1.530862182E-05 6.378592423E-05
194.2 1.02124183E-05 6.382761438E-05
194.4 1.021909745E-05 5.109548725E-05
194.6 5.11289267E-06 5.11289267E-05
194.8 0 7.674361493E-05
195 5.119593709E-06 1.279898427E-05
195.2 5.12295082E-06 -2.56147541E-05
195.4 5.126312336E-06 5.126312336E-05
195.6 5.129678267E-06 2.564839133E-05
195.8 5.13304862E-06 1.283262155E-05
196 1.027284681E-05 7.704635108E-05
196.2 1.541940789E-05 7.709703947E-05
196.4 1.542955892E-05 3.85738973E-05
196.6 2.058629776E-05 6.43321805E-05
196.8 2.57498352E-05 6.4374588E-05
197 2.576682058E-05 7.730046174E-05
197.2 3.094059406E-05 9.024339934E-05
197.4 4.128137384E-05 7.740257596E-05
197.6 4.130865829E-05 9.036269002E-05
197.8 4.650297619E-05 0.0001033399471
198 5.687458637E-05 9.048229649E-05
198.2 6.208609272E-05 1.293460265E-05
198.4 6.212723658E-05 5.177269715E-05
198.6 6.734913793E-05 6.475878647E-05
198.8 7.257796948E-05 6.480175846E-05
199 7.781374502E-05 6.484478752E-05
199.2 8.305647841E-05 -3.893272425E-05
199.4 8.830618351E-05 -9.09034242E-05
199.6 9.356287425E-05 2.598968729E-05
199.8 9.882656458E-05 9.102446738E-05
200 9.889240506E-05 3.903647568E-05
200.2 0.0001041666667 -3.90625E-05
200.4 0.0001094479653 -1.302951968E-05
200.6 0.000109521028 3.911465287E-05
200.8 0.0001148129593 3.914078156E-05
201 0.0001253342246 3.916694519E-05
201.2 0.0001358695652 -1.158505288E-20
201.4 0.0001464190094 -1.307312584E-05
201.6 0.0001569825854 -2.804330235E-20
201.8 0.0001675603217 2.618130027E-05
202 0.0001729124748 -2.619885983E-05
202.2 0.0001782718121 -9.175755034E-05
202.4 0.0001888851578 -3.935107455E-05
202.6 0.0001942624328 -1.312584005E-05
202.8 0.0001996469401 -2.626933423E-05
203 0.0002050386945 -5.257402423E-05
203.2 0.0002104377104 -6.576178451E-05
203.4 0.0002211084906 -5.264487871E-05
203.6 0.0002159895482 -2.634018881E-05
203.8 0.0002161352901 -3.953694332E-05
204 0.0002215563808 -7.912727887E-05
204.2 0.0002217060811 2.639358108E-05
204.4 0.0002165736984 7.923427992E-05
204.6 0.0002114343708 2.642929635E-05
204.8 0.000206288084 -2.644719025E-05
205 0.0002064278455 -2.64651084E-05
205.2 0.0002012711864 1.324152542E-05
205.4 0.0002067079376 -3.975152646E-05
205.6 0.0002121520706 -7.955702648E-05
205.8 0.0002069887908 -3.980553668E-05
206 0.0002071295037 -2.655506458E-05
206.2 0.000212585034 -6.643282313E-05
206.4 0.0002127297481 -6.647804629E-05
206.6 0.0002075527929 -5.321866485E-05
206.8 0.0002023687798 -9.31961486E-05
207 0.0001971776944 -6.661408595E-05
207.2 0.0001866467577 -3.999573379E-05
207.4 0.0001761014344 -1.334101776E-05
207.6 0.0001708817498 5.340054682E-05
207.8 0.000170998632 1.335926813E-05
208 0.0001604209446 -5.347364819E-05
208.2 0.0001551797945 -6.688784247E-05
208.4 0.0001552861549 -2.677347498E-05
208.6 0.0001500342936 -5.358367627E-05
208.8 0.0001447752231 -0.000107240906
209 0.0001395089286 -8.048592033E-05
209.2 0.000139604811 -5.369415808E-05
209.4 0.0001343277166 -6.716385832E-05
209.6 0.0001344201652 -1.344201652E-05
209.8 0.0001183712121 2.690254821E-05
210 0.0001023001378 2.69210889E-05
210.2 9.698275862E-05 1.346982759E-05
210.4 9.704968944E-05 -2.695824707E-05
210.6 8.632596685E-05 2.980626227E-20
210.8 9.178472702E-05 4.049326192E-05
211 9.184820194E-05 1.350708852E-05
211.2 8.109861592E-05 2.703287197E-05
211.4 7.574445983E-05 -2.70515928E-05
211.6 8.121101871E-05 -0.0001082813583
211.8 8.126733703E-05 -5.417822469E-05
212 8.132373352E-05 -6.776977793E-05
212.2 8.138020833E-05 -5.425347222E-05
212.4 7.60076442E-05 -4.071838082E-05
212.6 7.062760779E-05 -6.791116134E-05
212.8 7.611343076E-05 -6.795842032E-05
213 7.072597493E-05 -0.0001224103412
213.2 7.077526132E-05 -5.444250871E-05
213.4 6.537656904E-05 -2.72402371E-05
213.6 7.087404047E-05 -9.540736218E-05
213.8 8.729050279E-05 -5.455656425E-05
214 9.281097135E-05 -5.459468903E-05
214.2 9.833916084E-05 -6.829108392E-05
214.4 0.0001093421973 -6.833887334E-05
214.6 0.0001148897059 -5.470938375E-05
214.8 0.0001204449895 -4.106079187E-05
215 0.0001260080645 -5.478611501E-05
215.2 0.0001260964912 -4.111842105E-05
215.4 0.0001261850421 -2.74315309E-05
215.6 0.0001207835559 -1.372540408E-05
215.8 0.0001153744726 -5.494022504E-05
216 0.000115455665 -8.246833216E-05
216.2 0.0001155369718 -6.877200704E-05
216.4 0.0001156183932 -9.634866103E-05
216.6 0.000110190409 -8.264280677E-05
216.8 0.0001157815808 -8.270112915E-05
217 0.0001158633475 -0.0001241393008
217.2 0.0001269876325 -8.28180212E-05
217.4 0.0001270774399 -8.287659123E-05
217.6 0.0001326963907 -0.0001382254069
217.8 0.0001383233003 -9.68263102E-05
218 0.0001384213324 -6.921066619E-05
218.2 0.0001385195035 -5.540780142E-05
218.4 0.0001386178141 -4.158534422E-05
218.6 0.0001331676136 -4.161487926E-05
218.8 0.000127709666 -2.776297086E-05
219 0.0001278004979 -2.778271693E-05
219.2 0.0001223309609 -1.515280595E-20
219.4 0.0001112891738 -1.391114672E-05
219.6 0.0001113684961 -2.784212402E-05
219.8 0.0001003031384 -1.59991665E-20
220 8.92219843E-05 -1.394093505E-05
220.2 8.370535714E-05 -4.185267857E-05
220.4 8.934953538E-05 -4.188259471E-05
220.6 8.38251073E-05 -4.191255365E-05
220.8 7.829277022E-05 -1.398085183E-05
221 7.275250716E-05 2.798173352E-05
221.2 6.720430108E-05 -1.400089606E-05
221.4 6.725251076E-05 -1.401093974E-05
221.6 5.047559225E-05 1.402099785E-05
221.8 4.489942529E-05 -1.40310704E-05
222 3.369877786E-05 1.783121018E-20
222.2 2.810251799E-05 4.215377698E-05
222.4 1.687365011E-05 1.406137509E-05
222.6 2.251440922E-05 4.221451729E-05
222.8 2.253064167E-05 7.040825523E-05
223 2.254689755E-05 3.323569699E-21
223.2 2.25631769E-05 -9.627689608E-21
223.4 2.257947977E-05 1.411217486E-05
223.6 2.259580622E-05 -5.509261625E-21
223.8 2.26121563E-05 -3.592614082E-20
224 2.262853005E-05 2.828566256E-05
224.2 2.264492754E-05 7.076539855E-05
224.4 2.26613488E-05 2.8326686E-05
224.6 2.26777939E-05 1.417362119E-05
224.8 1.702069717E-05 7.091957153E-05
225 1.703306686E-05 4.258266715E-05
225.2 1.136363636E-05 1.420454545E-05
225.4 5.685953421E-06 -1.542371955E-20
225.6 0 -1.422523671E-05
225.8 0 -1.423560496E-05
226 0 -2.849197666E-05
226.2 0 -2.851277372E-05
226.4 0 -1.426680058E-05
226.6 0 -2.855445906E-05
226.8 0 -4.286302121E-05
227 0 -5.719253294E-05
227.2 0 -2.861721612E-05
227.4 0 -2.863819648E-05
227.6 0 -2.865920763E-05
227.8 0 -4.168080543E-21
228 0 -2.870132256E-05
228.2 0 2.273567143E-20
228.4 0 2.874356144E-05
228.6 0 1.438236377E-05
228.8 0 3.491041689E-21
229 0 -2.880715339E-05
229.2 0 -1.441420664E-05
229.4 0 4.402242957E-20
229.6 0 -1.443551367E-05
229.8 0 -1.538653077E-20
230 0 1.445688379E-05
230.2 0 2.893518519E-05
230.4 0 2.895663454E-05
230.6 0 2.897811573E-05
230.8 0 4.349944321E-05
231 0 5.80423477E-05
231.2 0 4.356412639E-05
231.4 0 1.453218006E-05
231.6 0 1.454300074E-05
231.8 0 1.455383756E-05
232 0 1.456469053E-05
232.2 0 5.653026311E-21
232.4 0 -1.458644511E-05
232.6 0 1.459734679E-05
232.8 0 -1.685328396E-20
233 0 -1.46191991E-05
233.2 0 1.463014981E-05
233.4 0 1.464111694E-05
233.6 0 -1.465210053E-05
233.8 0 -2.93262012E-05
234 0 -2.934823441E-05
234.2 0 -1.468515038E-05
234.4 0 -1.469620015E-05
234.6 0 -4.41217997E-05
234.8 0 -4.415504898E-05
235 0 -1.472944947E-05
235.2 0 1.474056604E-05
235.4 0 -3.954252671E-20
235.6 0 -1.835720224E-20
235.8 0 -1.477401664E-05
236 0 5.252758444E-21
236.2 0 1.479640152E-05
236.4 0 -1.480761941E-05
236.6 0 2.963770865E-05
236.8 0 2.96602126E-05
237 0 -1.113309873E-20
237.2 0 1.48526616E-05
237.4 0 -3.793554325E-20
237.6 0 3.212327274E-20
237.8 0 2.977324695E-05
238 0 1.489797864E-05
238.2 0 2.913276067E-20
238.4 0 1.492074102E-05
238.6 0 1.493214832E-05
238.8 0 1.494357307E-05
239 0 2.991003063E-05
239.2 0 5.085523265E-21
239.4 0 -1.497795245E-05
239.6 0 2.997889486E-05
239.8 6.000384025E-06 4.500288018E-05
240 6.004996157E-06 4.503747118E-05
240.2 6.009615385E-06 3.004807692E-05
240.4 6.014241724E-06 -1.503560431E-05
240.6 6.018875193E-06 -3.009437596E-05
240.8 6.023515806E-06 -1.505878951E-05
241 6.02816358E-06 1.507040895E-05
241.2 6.032818533E-06 6.032818533E-05
241.4 6.03748068E-06 6.03748068E-05
241.6 6.042150039E-06 4.531612529E-05
241.8 6.046826625E-06 6.046826625E-05
242 6.051510457E-06 4.538632843E-05
242.2 6.05620155E-06 1.514050388E-05
242.4 6.060899922E-06 3.030449961E-05
242.6 0 3.032802795E-05
242.8 0 1.517579643E-05
243 0 1.51875972E-05
243.2 0 2.152306326E-20
243.4 0 -1.521125389E-05
243.6 0 -4.56693297E-05
243.8 0 -1.52349844E-05
244 0 2.532050301E-20
244.2 0 -6.103515625E-05
244.4 0 -3.054143862E-05
244.6 0 1.528266823E-05
244.8 0 2.356598092E-21
245 6.122648903E-06 1.530662226E-05
245.2 1.225490196E-05 1.531862745E-05
245.4 1.839678179E-05 -3.066130298E-05
245.6 2.454831108E-05 -6.137077769E-05
245.8 3.070951258E-05 -4.606426887E-05
246 3.688040913E-05 -3.073367427E-05
246.2 4.306102362E-05 -6.151574803E-05
246.4 4.925137904E-05 -6.15642238E-05
246.6 5.545149842E-05 -6.161277603E-05
246.8 5.54952644E-05 -9.249210734E-05
247 6.171011058E-05 -7.713763823E-05
247.2 6.793478261E-05 -3.087944664E-05
247.4 7.41693038E-05 -1.545193829E-05
247.6 7.42280285E-05 -4.639251781E-05
247.8 7.428684628E-05 -6.190570523E-05
248 7.434575734E-05 -4.646609833E-05
248.2 6.820436508E-05 -1.550099206E-05
248.4 6.205321684E-05 3.102660842E-05
248.6 5.589228935E-05 3.105127186E-05
248.8 4.972155927E-05 2.973589723E-20
249 4.97611465E-05 9.557208626E-21
249.2 4.980079681E-05 -3.112549801E-05
249.4 5.607057416E-05 1.557515949E-05
249.6 4.988028731E-05 4.676276935E-05
249.8 4.368011182E-05 1.560003994E-05
250 3.747002398E-05 3.122501998E-05
250.2 3.125E-05 -1.5625E-05
250.4 2.502001601E-05 -6.255004003E-05
250.6 1.878004808E-05 -6.260016026E-05
250.8 1.879510826E-05 -3.132518043E-05
251 1.881019262E-05 -5.84258836E-21
251.2 1.88253012E-05 1.5687751E-05
251.4 1.884043408E-05 4.710108521E-05
251.6 1.257039421E-05 6.285197104E-05
251.8 6.290257649E-06 4.717693237E-05
252 0 1.573831587E-05
252.2 0 1.575100806E-05
252.4 0 1.576372074E-05
252.6 0 1.577645396E-05
252.8 0 3.157841552E-05
253 0 -1.58019822E-05
253.2 0 -3.162955466E-05
253.4 0 3.165518639E-05
253.6 0 3.168085969E-05
253.8 0 -1.585328734E-05
254 0 -4.759849716E-05
254.2 0 -4.763719512E-05
254.4 0 -1.589198535E-05
254.6 0 -4.771478013E-05
254.8 0 -6.367155664E-05
255 0 -1.593087276E-05
255.2 0 6.2105756E-21
255.4 0 -1.595690359E-05
255.6 0 -1.596995094E-05
255.8 0 1.598301964E-05
256 0 1.599610975E-05
256.2 0 1.600922131E-05
256.4 0 1.602235439E-05
256.6 0 3.207101806E-05
256.8 0 3.209737058E-05
257 0 3.212376645E-05
257.2 0 6.430041152E-05
257.4 0 6.435337727E-05
257.6 0 6.440643034E-05
257.8 0 6.445957096E-05
258 6.451279934E-06 4.83845995E-05
258.2 1.291322314E-05 2.243116824E-20
258.4 1.938585608E-05 -3.230976013E-05
258.6 2.58692053E-05 -1.616825331E-05
258.8 3.236329743E-05 1.618164872E-05
259 3.88681592E-05 3.61760785E-20
259.2 4.538381743E-05 1.620850622E-05
259.4 5.1910299E-05 1.622196844E-05
259.6 5.844763092E-05 -1.623545303E-05
259.8 6.499584027E-05 3.249792013E-05
260 6.504995837E-05 4.878746878E-05
260.2 6.510416667E-05 3.255208333E-05
260.4 6.515846539E-05 -1.628961635E-05
260.6 6.521285476E-05 -1.630321369E-05
260.8 6.5267335E-05 -3.26336675E-05
261 6.532190635E-05 -4.899142977E-05
261.2 6.537656904E-05 4.903242678E-05
261.4 6.543132328E-05 3.271566164E-05
261.6 6.548616932E-05 -4.911462699E-05
261.8 6.554110738E-05 -3.277055369E-05
262 7.215575147E-05 -3.279806885E-05
262.2 6.56512605E-05 -4.923844538E-05
262.4 7.227712363E-05 -3.285323802E-05
262.6 7.233796296E-05 3.288089226E-05
262.8 7.23989048E-05 1.645429655E-05
263 7.245994941E-05 -4.940451096E-05
263.2 7.252109705E-05 -5.85560667E-21
263.4 7.258234797E-05 3.299197635E-05
263.6 7.264370245E-05 -3.812579068E-20
263.8 7.270516074E-05 1.652390017E-05
264 7.276672312E-05 4.961367485E-05
264.2 7.282838983E-05 8.27595339E-05
264.4 7.289016115E-05 9.93956743E-05
264.6 5.968803056E-05 6.632003396E-05
264.8 5.973874257E-05 -9.926126445E-21
265 5.978954082E-05 -1.660820578E-05
265.2 5.984042553E-05 1.662234043E-05
265.4 5.989139693E-05 1.663649915E-05
265.6 5.994245524E-05 6.660272805E-05
265.8 5.999360068E-05 4.999466724E-05
266 6.004483348E-05 3.335824082E-05
266.2 5.341880342E-05 3.338675214E-05
266.4 4.678143713E-05 -3.341531223E-05
266.6 4.682148973E-05 -4.270645283E-20
266.8 4.016709512E-05 1.673628963E-05
267 3.350128645E-05 -2.347655876E-20
267.2 2.682403433E-05 3.353004292E-05
267.4 2.013530928E-05 5.03382732E-05
267.6 1.343508169E-05 5.038155632E-05
267.8 6.723321859E-06 6.723321859E-05
268 0 3.364556417E-05
268.2 0 1.683728448E-05
268.4 0 6.740724763E-05
268.6 6.746545769E-06 5.059909326E-05
268.8 6.752376837E-06 6.752376837E-05
269 6.758217993E-06 0.0001013732699
269.2 6.764069264E-06 3.382034632E-05
269.4 1.353986135E-05 -3.384965338E-05
269.6 2.032740676E-05 -1.693950564E-05
269.8 2.712673611E-05 5.086263021E-05
270 2.715030408E-05 8.484470026E-05
270.2 2.717391304E-05 6.793478261E-05
270.4 2.71975631E-05 1.699847694E-05
270.6 2.722125436E-05 5.103985192E-05
270.8 3.405623365E-05 0.000102168701
271 2.726876091E-05 5.11289267E-05
271.2 3.411572052E-05 -2.368390046E-20
271.4 3.414554196E-05 -3.414554196E-05
271.6 3.417541557E-05 -5.126312336E-05
271.8 3.420534151E-05 -5.130801226E-05
272 3.423531989E-05 -1.711765995E-05
272.2 3.426535088E-05 -3.426535088E-05
272.4 3.429543459E-05 -6.859086918E-05
272.6 2.746045694E-05 -5.148835677E-05
272.8 3.435576077E-05 -1.717788039E-05
273 3.438600352E-05 -1.719300176E-05
273.2 3.441629956E-05 1.720814978E-05
273.4 2.755731922E-05 8.611662257E-05
273.6 2.068623124E-05 8.619263019E-05
273.8 1.380300353E-05 2.998441142E-20
274 1.381520778E-05 -8.634504863E-05
274.2 1.382743363E-05 -3.456858407E-05
274.4 1.383968113E-05 -1.929559348E-20
274.6 1.385195035E-05 -1.731493794E-05
274.8 0 -6.932120674E-05
275 1.387655417E-05 -8.672846359E-05
275.2 1.388888889E-05 -5.208333333E-05
275.4 2.085186833E-05 -6.950622776E-05
275.6 2.782724844E-05 6.330609402E-20
275.8 2.088903743E-05 -3.481506239E-05
276 2.787689563E-05 -0.0001045383586
276.2 2.790178571E-05 -6.975446429E-05
276.4 2.094504021E-05 -1.745420018E-05
276.6 2.09637746E-05 3.493962433E-05
276.8 1.398836168E-05 1.74854521E-05
277 7.000448029E-06 -7.000448029E-05
277.2 7.006726457E-06 -8.758408072E-05
277.4 7.013016158E-06 -3.506508079E-05
277.6 7.019317161E-06 -7.019317161E-05
277.8 7.025629496E-06 -5.269222122E-05
278 7.031953195E-06 -1.757988299E-05
278.2 7.038288288E-06 6.583353732E-21
278.4 7.044634806E-06 -1.761158702E-05
278.6 7.05099278E-06 -7.05099278E-05
278.8 7.05736224E-06 -1.76434056E-05
279 1.412748644E-05 1.765935805E-05
279.2 1.414027149E-05 -3.952038078E-20
279.4 1.415307971E-05 -4.781591996E-21
279.6 1.416591115E-05 1.770738894E-05
279.8 1.417876588E-05 1.772345735E-05
280 7.09582198E-06 3.54791099E-05
280.2 1.420454545E-05 0.0001065340909
280.4 1.421747043E-05 0.0001421747043
280.6 1.423041894E-05 0.0001423041894
280.8 1.424339107E-05 0.0001424339107
281 1.425638686E-05 0.0001069229015
281.2 1.426940639E-05 5.351027397E-05
281.4 1.428244973E-05 3.570612431E-05
281.6 1.429551693E-05 -1.148579697E-20
281.8 1.430860806E-05 -1.969606175E-20
282 1.432172319E-05 1.790215399E-05
282.2 1.433486239E-05 -4.361894368E-20
282.4 7.174012856E-06 1.793503214E-05
282.6 1.436121324E-05 1.795151654E-05
282.8 1.437442502E-05 -1.796803128E-05
283 1.438766114E-05 3.195202878E-20
283.2 1.440092166E-05 1.800115207E-05
283.4 1.441420664E-05 -4.005510278E-21
283.6 1.442751616E-05 1.80343952E-05
283.8 1.444085028E-05 1.805106285E-05
284 7.227104533E-06 1.806776133E-05
284.2 7.233796296E-06 -1.808449074E-05
284.4 7.240500463E-06 -3.620250232E-05
284.6 7.247217069E-06 -1.811804267E-05
284.8 7.253946147E-06 -3.626973073E-05
285 7.260687732E-06 -1.815171933E-05
285.2 7.26744186E-06 -4.518349519E-20
285.4 7.274208566E-06 -3.637104283E-05
285.6 7.280987884E-06 -5.460740913E-05
285.8 7.287779851E-06 -1.821944963E-05
286 7.2945845E-06 -5.470938375E-05
286.2 7.301401869E-06 -7.301401869E-05
286.4 7.308231993E-06 -1.827057998E-05
286.6 7.315074906E-06 -1.327073915E-20
286.8 7.321930647E-06 1.830482662E-05
287 7.32879925E-06 1.832199812E-05
287.2 7.335680751E-06 1.833920188E-05
287.4 0 -1.835643797E-05
287.6 0 -1.837370649E-05
287.8 0 7.356403013E-05
288 0 5.522502356E-05
288.2 0 3.685141509E-05
288.4 0 5.532932011E-05
288.6 0 -5.957619316E-21
288.8 0 5.543401135E-05
289 0 5.548650568E-05
289.2 0 -7.40521327E-05
289.4 0 -0.0001111835863
289.6 0 -0.0001298373694
289.8 0 -5.569748099E-05
290 0 1.04697924E-20
290.2 0 -3.720238095E-05
290.4 0 -5.585676835E-05
290.6 0 -9.318344466E-05
290.8 0 -9.327244508E-05
291 0 -5.601696941E-05
291.2 0 -1.869019139E-05
291.4 0 -3.741618774E-05
291.6 0 -5.617809204E-05
291.8 0 -5.623200576E-05
292 0 -0.0001125720461
292.2 0 -0.0001314603365
292.4 0 -5.639436959E-05
292.6 0 -5.644869942E-05
292.8 0 -9.417189007E-05
293 0 -5.655767375E-05
293.2 0 -1.887077295E-05
293.4 0 1.888902321E-05
293.6 0 1.890730881E-05
293.8 0 1.892562984E-05
294 0 1.894398642E-05
294.2 0 -1.896237864E-05
294.4 0 -1.898080661E-05
294.6 0 3.35893007E-20
294.8 0 2.49045299E-21
295 7.614522417E-06 -3.807261209E-05
295.2 2.286585366E-05 -3.81097561E-05
295.4 3.814697266E-05 1.56603879E-20
295.6 6.109481916E-05 1.373259107E-20
295.8 6.879892368E-05 5.73324364E-05
296 6.121449559E-05 3.825905975E-05
296.2 6.12745098E-05 -1.914828431E-05
296.4 6.133464181E-05 -1.393530531E-20
296.6 6.139489194E-05 -1.401273823E-20
296.8 6.913716814E-05 3.840953786E-05
297 6.151574803E-05 5.767101378E-05
297.2 6.157635468E-05 5.772783251E-05
297.4 5.393244576E-05 5.778476331E-05
297.6 6.169792695E-05 1.419222484E-20
297.8 6.175889328E-05 -9.527188308E-21
298 6.181998022E-05 5.795623145E-05
298.2 6.188118812E-05 7.735148515E-05
298.4 5.419970268E-05 -2.423137924E-21
298.6 5.425347222E-05 -5.812872024E-05
298.8 4.654915591E-05 1.939548163E-05
299 4.659542744E-05 -3.882952286E-05
299.2 6.218905473E-05 -9.717039801E-05
299.4 7.003237052E-05 8.34381579E-21
299.6 7.789132602E-05 7.118597595E-21
299.8 7.796906188E-05 -1.949226547E-05
300 7.804695305E-05 -3.902347652E-05
300.2 7.03125E-05 1.953125E-05
300.4 7.038288288E-05 5.86524024E-05
300.6 7.828156313E-05 -3.914078156E-05
300.8 7.052407222E-05 -5.877006018E-05
301 7.059487952E-05 1.960968876E-05
301.2 6.281407035E-05 1.962939698E-05
301.4 5.501760563E-05 -5.894743461E-05
301.6 3.933786506E-05 -7.867573011E-05
301.8 3.937752016E-05 1.968876008E-05
302 3.94172553E-05 5.912588295E-05
302.2 3.945707071E-05 6.062018738E-21
302.4 3.159757331E-05 -1.974848332E-05
302.6 3.162955466E-05 -5.930541498E-05
302.8 3.957700101E-05 -3.957700101E-05
303 3.961713996E-05 -1.980856998E-05
303.2 3.965736041E-05 -1.98286802E-05
303.4 3.175813008E-05 3.96976626E-05
303.6 3.179043744E-05 1.98690234E-05
303.8 3.182281059E-05 -6.9559876E-20
304 3.185524975E-05 -3.981906218E-05
304.2 3.18877551E-05 -9.964923469E-05
304.4 3.192032686E-05 -5.985061287E-05
304.6 2.396472393E-05 -1.997060327E-05
304.8 1.599283521E-05 2.725089507E-20
305 8.004610656E-06 -2.595739936E-20
305.2 0 -2.003205128E-05
305.4 0 -2.005261807E-05
305.6 0 -2.007322713E-05
305.8 0 -2.64885889E-20
306 0 2.011457261E-05
306.2 0 2.013530928E-05
306.4 0 4.03121775E-05
306.6 0 2.017691116E-05
306.8 0 6.059332989E-05
307 0 6.06560559E-05
307.2 0 1.348877225E-21
307.4 8.104253112E-06 4.052126556E-05
307.6 0 6.084501558E-05
307.8 0 6.090826403E-05
308 0 1.579695191E-20
308.2 0 -4.069010417E-05
308.4 0 -6.109880083E-05
308.6 0 -6.116257829E-05
308.8 0 -4.081765935E-05
309 0 -4.086035565E-05
309.2 0 -2.045157068E-05
309.4 0 -2.047300839E-05
309.6 0 5.661172534E-20
309.8 0 2.051601891E-05
310 0 -2.839405452E-20
310.2 0 -2.055921053E-05
310.4 0 2.05808746E-05
310.6 0 6.180775316E-05
310.8 0 6.187302006E-05
311 0 2.064614165E-05
311.2 0 2.066798942E-05
311.4 0 2.068988347E-05
311.6 0 2.071182397E-05
311.8 0 4.146762208E-05
312 0 -1.767477724E-20
312.2 0 -2.077792553E-05
312.4 0 -2.60540128E-20
312.6 0 -1.071563805E-20
312.8 0 -2.084445037E-05
313 0 4.173344017E-05
313.2 0 4.177807487E-05
313.4 0 -1.42648224E-20
313.6 0 2.093381565E-05
313.8 0 6.286883047E-05
314 0 -4.19575725E-05
314.2 0 -6.300403226E-05
314.4 0 6.307185145E-05
314.6 0 -8.418642241E-05
314.8 0 -6.32079288E-05
315 0 2.109206263E-05
315.2 0 -2.111486486E-05
315.4 0 -2.113771645E-05
315.6 0 -2.154620699E-20
315.8 0 -4.096799248E-20
316 0 -6.361970684E-05
316.2 0 -8.491847826E-05
316.4 8.501088139E-06 -2.125272035E-05
316.6 8.510348584E-06 -1.495447248E-21
316.8 8.519629226E-06 -2.129907306E-05
317 8.528930131E-06 2.132232533E-05
317.2 8.538251366E-06 1.85607034E-20
317.4 8.547592998E-06 -2.136898249E-05
317.6 0 -4.278477547E-05
317.8 8.566337719E-06 -4.28316886E-05
318 8.575740944E-06 -4.287870472E-05
318.2 0 -2.146291209E-05
318.4 0 2.148652365E-05
318.6 0 -4.869129102E-20
318.8 0 -4.53082435E-20
319 8.623068433E-06 3.962323082E-20
319.2 0 -2.158149171E-05
319.4 0 -4.321073009E-05
319.6 0 -4.32585825E-05
319.8 0 -6.495981153E-05
320 0 -6.503190899E-05
320.2 0 -2.170138889E-05
320.4 0 2.172552836E-05
320.6 0 4.349944321E-05
320.8 0 2.177396878E-05
321 0 -2.179827009E-05
321.2 0 -4.36452514E-05
321.4 0 -4.369407159E-05
321.6 0 -2.187150056E-05
321.8 0 4.285276521E-20
322 0 2.192059484E-05
322.2 0 2.194522472E-05
322.4 0 4.393982002E-05
322.6 0 2.19946509E-05
322.8 0 -2.745734704E-20
323 0 2.204430023E-05
323.2 8.827683616E-06 -2.206920904E-05
323.4 1.767533937E-05 -2.209417421E-05
323.6 1.769535674E-05 -2.211919592E-05
323.8 1.77154195E-05 -3.889697179E-20
324 1.773552781E-05 2.216940976E-05
324.2 1.775568182E-05 2.219460227E-05
324.4 8.887940842E-06 6.665955631E-05
324.6 0 4.449031891E-05
324.8 0 2.227052452E-05
325 0 2.229594749E-05
325.2 0 2.232142857E-05
325.4 0 2.234696796E-05
325.6 0 -2.237256586E-05
325.8 0 2.239822248E-05
326 0 2.2423938E-05
326.2 0 -4.489942529E-05
326.4 0 -4.495109321E-05
326.6 0 -8.724399899E-21
326.8 0 2.252739331E-05
327 9.021362587E-06 -2.255340647E-05
327.2 1.806358382E-05 -6.773843931E-05
327.4 2.712673611E-05 -9.04224537E-05
327.6 3.621089224E-05 -4.52636153E-05
327.8 4.531612529E-05 -3.948865578E-20
328 4.536875726E-05 -2.268437863E-05
328.2 3.63372093E-05 -5.630769596E-21
328.4 2.728463329E-05 2.273719441E-05
328.6 1.821095571E-05 1.410795062E-20
328.8 9.116102684E-06 -3.427029891E-20
329 0 -1.001303843E-20
329.2 0 2.284356725E-05
329.4 0 2.287031616E-05
329.6 0 3.844316201E-20
329.8 0 -1.238812386E-20
330 0 -7.896902997E-22
330.2 0 -1.192545476E-20
330.4 0 -2.300500589E-05
330.6 0 -2.303213443E-05
330.8 0 -3.243185299E-20
331 0 -2.308658392E-05
331.2 0 -2.311390533E-05
331.4 0 -1.163941955E-20
331.6 0 1.227748687E-20
331.8 0 2.319625891E-05
332 0 2.319001327E-21
332.2 0 -2.32514881E-05
332.4 0 -1.480263825E-20
332.6 0 -3.66405372E-20
332.8 0 2.333482676E-05
333 0 2.336273923E-05
333.2 0 -2.339071856E-05
333.4 0 -4.014358236E-20
333.6 0 2.344687875E-05
333.8 0 -2.34750601E-05
334 0 -2.350330927E-05
334.2 0 2.353162651E-05
334.4 0 2.356001206E-05
334.6 0 4.717693237E-05
334.8 0 4.723397823E-05
335 0 4.729116223E-05
335.2 0 7.102272727E-05
335.4 0 2.37029733E-05
335.6 0 2.3731774E-05
335.8 0 -2.376064477E-05
336 0 -7.136875761E-05
336.2 0 -2.381859756E-05
336.4 0 -2.38476801E-05
336.6 0 -2.387683374E-05
336.8 0 -3.817247513E-21
337 0 -2.393535539E-05
337.2 0 -2.396472393E-05
337.4 0 -5.79587749E-20
337.6 0 2.402367774E-05
337.8 0 2.405326355E-05
338 0 -1.035973807E-21
338.2 0 2.719644744E-20
338.4 0 2.414245983E-05
338.6 0 2.417233911E-05
338.8 0 7.750057168E-21
339 0 -4.634664163E-20
339.2 0 -2.426242236E-05
339.4 0 -2.42925995E-05
339.6 0 -2.432285181E-05
339.8 0 1.218745474E-20
340 0 2.438358302E-05
340.2 0 -4.8828125E-05
340.4 0 -2.444461827E-05
340.6 0 2.447525063E-05
340.8 0 -4.661778514E-20
341 0 2.453674623E-05
341.2 0 -6.416042697E-21
341.4 0 -4.919710327E-05
341.6 0 -2.462957125E-05
341.8 0 4.403003881E-20
342 0 -1.401847801E-20
342.2 0 -3.970886607E-20
342.4 0 -1.744104684E-22
342.6 0 -2.390521041E-20
342.8 0 2.110232968E-20
343 0 -2.996905123E-20
343.2 0 -6.290415828E-21
343.4 0 4.758831523E-20
343.6 0 3.102810602E-20
343.8 0 -2.305655429E-20
344 0 2.023016534E-20
344.2 0 2.570895006E-20
344.4 0 -2.956617107E-20
344.6 0 1.472030377E-20
344.8 0 9.358157639E-20
345 0 1.003234155E-20
345.2 0 -3.279961977E-21
345.4 0 -2.661895831E-20
345.6 0 -1.347055967E-20
345.8 0 -2.529954663E-05
346 0 -5.967821762E-20
346.2 0 5.073051948E-05
346.4 0 5.079648895E-05
346.6 0 -7.573065181E-21
346.8 0 -5.092894394E-05
347 0 -2.54977154E-05
347.2 0 2.553104575E-05
347.4 0 2.556446335E-05
347.6 0 -3.044853789E-20
347.8 0 -6.328981443E-21
348 0 2.56652431E-05
348.2 0 2.569901316E-05
348.4 0 -4.17596793E-20
348.6 0 -2.576682058E-05
348.8 0 -2.580085865E-05
349 0 2.723737577E-20
349.2 0 -2.58692053E-05
349.4 0 -2.590351459E-05
349.6 0 2.593791501E-05
349.8 0 -2.531885903E-20
350 0 -2.600699068E-05
350.2 0 9.242374747E-21
350.4 0 -2.607643525E-05
350.6 0 1.338097817E-20
350.8 0 2.614625167E-05
351 0 2.618130027E-05
351.2 0 2.621644295E-05
351.4 0 -2.625168011E-05
351.6 0 -5.257402423E-05
351.8 0 7.842370458E-22
352 0 2.635796221E-05
352.2 0 -1.966116255E-20
352.4 0 -1.957953705E-20
352.6 0 3.741631488E-20
352.8 0 2.650101764E-05
353 0 2.653702446E-05
353.2 0 -9.66178286E-20
353.4 0 -8.906228681E-21
353.6 0 -2.811321471E-20
353.8 0 -6.289091055E-20
354 0 -2.172165659E-20
354.2 0 -5.435784876E-20
354.4 0 2.679183813E-05
354.6 0 2.682864011E-05
354.8 0 -7.647741616E-20
355 0 -2.085700363E-20
355.2 0 1.810981379E-20
355.4 0 1.743032732E-20
355.6 0 5.765716491E-21
355.8 0 -5.41031856E-05
356 0 -5.417822469E-05
356.2 0 1.617273609E-20
356.4 0 4.597263993E-21
356.6 0 2.720229805E-05
356.8 0 5.44804742E-05
357 0 1.360909281E-20
357.2 0 -5.463286713E-05
357.4 0 2.885396769E-20
357.6 0 2.73930575E-05
357.8 0 -2.74315309E-05
358 0 3.359089449E-21
358.2 0 2.750880282E-05
358.4 0 5.310411796E-20
358.6 0 -9.45818974E-20
358.8 0 -3.463557618E-20
359 0 2.933776299E-20
359.2 0 -6.808591441E-20
359.4 0 1.512020703E-20
359.6 0 -2.778271693E-05
359.8 0 -2.782229345E-05
360 0 5.331369919E-21
360.2 0 -2.790178571E-05
360.4 0 -2.794170243E-05
360.6 0 4.316841639E-20
360.8 0 -2.336333755E-21
361 0 2.80621408E-05
361.2 0 2.810251799E-05
361.4 0 -3.038238409E-20
361.6 0 2.818362193E-05
361.8 0 3.138055088E-20
362 0 -2.298626274E-20
362.2 0 5.661231884E-05
362.4 0 4.153068064E-20
362.6 0 2.11191091E-20
362.8 0 5.685953421E-05
363 0 2.847120991E-05
363.2 0 5.702554745E-05
363.4 0 8.566337719E-05
363.6 0 2.859626647E-05
363.8 0 -6.541771223E-20
364 0 -5.540517752E-21
364.2 0 2.872242647E-05
364.4 0 5.752945508E-05
364.6 0 8.642146018E-05
364.8 0 8.654911374E-05
365 0 2.601926429E-21
365.2 0 -3.482333408E-20
365.4 0 8.693434718E-05
365.6 0 8.706352155E-05
365.8 0 0.0001162574405
366 0 0.0001164307004
366.2 0 5.830223881E-05
366.4 0 8.758408072E-05
366.6 0 5.847679641E-05
366.8 0 2.928223388E-05
367 0 5.86524024E-05
367.2 0 -2.937030075E-05
367.4 0 -5.882906627E-05
367.6 0 -1.16592883E-20
367.8 0 -2.950339879E-05
368 0 -2.206522504E-20
368.2 0 -2.959280303E-05
368.4 0 -0.0001185508346
368.6 0 -8.904825228E-05
368.8 0 3.468996137E-20
369 0 8.931974085E-05
369.2 0 5.963740458E-05
369.4 0 -2.986429664E-05
369.6 1.196401225E-05 -0.0001196401225
369.8 2.396472393E-05 -0.0001797354294
370 3.600230415E-05 -9.000576037E-05
370.2 4.807692308E-05 3.004807692E-05
370.4 4.815100154E-05 -7.212736279E-21
370.6 4.822530864E-05 -3.01408179E-05
370.8 4.829984544E-05 3.01874034E-05
371 4.8374613E-05 -8.16058438E-20
371.2 4.84496124E-05 -3.028100775E-05
371.4 4.852484472E-05 -6.06560559E-05
371.6 3.645023328E-05 -9.11255832E-05
371.8 2.433800623E-05 -6.084501558E-05
372 1.218798752E-05 -0.0001218798752
372.2 0 -0.0001220703125
372.4 0 -3.056533646E-05
372.6 0 -3.061324451E-05
372.8 0 -3.066130298E-05
373 0 -3.070951258E-05
373.2 0 -3.075787402E-05
373.4 0 1.471572925E-20
373.6 0 6.171011058E-05
373.8 0 6.180775316E-05
374 0 -5.058261808E-21
374.2 0 -3.100198413E-05
374.4 0 3.105127186E-05
374.6 0 9.330214968E-05
374.8 0 6.230063796E-05
375 0 6.240015974E-05
375.2 0 6.25E-05
375.4 0 3.130008013E-05
375.6 0 -1.673778466E-20
375.8 0 -4.428073626E-20
376 0 3.145128824E-05
376.2 0 9.450604839E-05
376.4 0 6.310581583E-05
376.6 0 7.135909398E-21
376.8 0 3.165518639E-05
377 0 -3.170657468E-05
377.2 0 -3.175813008E-05
377.4 0 -2.153509168E-20
377.6 0 -6.372349103E-05
377.8 0 -3.667712652E-20
378 0 -3.196603928E-05
378.2 0 -6.403688525E-05
378.4 0 -3.207101806E-05
378.6 0 -6.424753289E-05
378.8 0 -6.435337727E-05
379 0 -2.27045823E-20
379.2 0 -3.330824585E-20
379.4 0 -3.049492906E-20
379.6 0 3.239013267E-05
379.8 0 -3.244393688E-05
380 0 -6.499584027E-05
380.2 0 5.893334926E-20
380.4 0 -1.513988901E-20
380.6 0 -3.266095318E-05
380.8 0 -6.543132328E-05
381 0 -6.554110738E-05
381.2 0 3.479955511E-20
381.4 0 -3.288089226E-05
381.6 0 3.049568294E-20
381.8 0 -6.59839527E-05
382 0 -6.609560068E-05
382.2 0 3.310381356E-05
382.4 0 -4.53497248E-20
382.6 0 3.321641156E-05
382.8 0 -3.32729983E-05
383 0 -6.665955631E-05
383.2 0 6.508992118E-20
383.4 0 3.344392123E-05
383.6 0 3.350128645E-05
383.8 0 0.0001006765464
384 0 0.0001344664372
384.2 0 0.0001010237069
384.4 0 0.0001349309154
384.6 0 0.0001013732699
384.8 0 2.076430815E-20
385 0 6.781684028E-05
385.2 0 3.39673913E-05
385.4 0 -6.805313589E-05
385.6 0 -6.817190227E-05
385.8 0 -6.829108392E-05
386 0 -0.0001026160245
386.2 0 -3.426535088E-05
386.4 0 6.865114236E-05
386.6 0 -3.438600352E-05
386.8 0 2.492749166E-20
387 0 3.450750883E-05
387.2 0 -9.22374955E-20
387.4 0 6.925975177E-05
387.6 0 -1.668037925E-20
387.8 1.390124555E-05 4.484523122E-20
388 2.785204991E-05 0.0001044451872
388.2 4.185267857E-05 -3.417222621E-20
388.4 5.590339893E-05 3.493962433E-05
388.6 5.600358423E-05 0.0001050067204
388.8 5.610412926E-05 -3.506508079E-05
389 5.620503597E-05 -3.512814748E-05
389.2 5.630630631E-05 -3.519144144E-05
389.4 5.640794224E-05 -0.0001410198556
389.6 4.238245931E-05 -7.063743219E-05
389.8 2.830615942E-05 7.380954986E-20
390 1.417876588E-05 3.54469147E-05
390.2 0 9.441432515E-21
390.4 0 -7.115209472E-05
390.6 0 -6.463477811E-20
390.8 0 3.570612431E-05
391 0 -3.577152015E-05
391.2 0 -3.583715596E-05
391.4 0 3.590303309E-05
391.6 0 3.596915285E-05
391.8 0 0.0001081065498
392 0 0.0001083063771
392.2 1.446759259E-05 7.127046322E-21
392.4 2.898886827E-05 -3.623608534E-05
392.6 4.356412639E-05 6.192573818E-20
392.8 4.36452514E-05 0.0001454841713
393 2.91511194E-05 0.000145755597
393.2 1.460280374E-05 3.650700935E-05
393.4 0 -3.657537453E-05
393.6 0 -1.20291368E-20
393.8 0 7.342575188E-05
394 0 3.678201507E-05
394.2 0 3.685141509E-05
394.4 0 3.69210775E-05
394.6 0 -1.055222215E-19
394.8 0 -7.412239089E-05
395 0 -0.000111394962
395.2 0 -3.720238095E-05
395.4 0 -7.454675573E-05
395.6 0 -0.0001493785851
395.8 0 -0.0001122485632
396 0 -3.748800384E-05
396.2 0 -9.009411967E-20
396.4 0 -3.763246628E-05
396.6 0 -7.541023166E-05
396.8 0 -0.0001511121857
397 0 -0.0001135537791
397.2 0 -8.277410736E-20
397.4 0 3.799854086E-05
397.6 0 3.807261209E-05
397.8 0 -7.629394531E-05
398 0 -7.644324853E-05
398.2 0 6.03011611E-21
398.4 0 5.217198832E-20
398.6 0 2.543094653E-21
398.8 0 2.299298499E-21
399 0 1.201534751E-20
399.2 0 -3.867574257E-05
399.4 0 -3.875248016E-05
399.6 0 -3.882952286E-05
399.8 0 -3.890687251E-05
400 0 -3.898453094E-05
400.2 0 -3.90625E-05
400.4 0 3.914078156E-05
400.6 0 3.921937751E-05
400.8 0 3.929828974E-05
401 0 -3.937752016E-05
401.2 0 -3.945707071E-05
401.4 0 3.953694332E-05
401.6 0 1.019600951E-20
401.8 0 1.085020099E-20
402 0 3.295040243E-20
402.2 0 -3.985969388E-05
402.4 0 -7.212659023E-20
402.6 0 4.002305328E-05
402.8 0 -4.010523614E-05
403 0 -3.123655857E-21
403.2 0 4.027061856E-05
403.4 0 3.213628876E-20
403.6 0 8.08747412E-05
403.8 0 -2.496784453E-20
404 0 4.060550936E-05
404.2 0 8.138020833E-05
404.4 0 4.077505219E-05
404.6 0 8.17207113E-05
404.8 0 4.094601677E-05
405 0 8.206407563E-05
405.2 0 8.223684211E-05
405.4 0 8.241033755E-05
405.6 0 8.25845666E-05
405.8 0 8.27595339E-05
406 0 4.146762208E-05
406.2 0 4.155585106E-05
406.4 0 8.328891258E-05
406.6 0 4.173344017E-05
406.8 0 0.0001672912206
407 0 0.0001676502146
407.2 0 8.400537634E-05
407.4 0 -8.489919844E-20
407.6 0 -3.017902768E-21
407.8 0 4.22754329E-05
408 0 4.236713666E-05
408.2 0 4.245923913E-05
408.4 0 -4.056034693E-20
408.6 0 8.528930131E-05
408.8 0 4.273796499E-05
409 0 8.566337719E-05
409.2 0 0.0001717032967
409.4 0 8.60407489E-05
409.6 0 8.623068433E-05
409.8 0 4.321073009E-05
410 0 4.330654102E-05
410.2 0 4.340277778E-05
410.4 0 -4.349944321E-05
410.6 0 4.359654018E-05
410.8 0 0.0001747762864
411 0 0.0001313761211
411.2 0 8.778089888E-05
411.4 0 0.0001319679054
411.6 0 8.81772009E-05
411.8 0 8.837669683E-05
412 0 8.857709751E-05
412.2 0 -4.438920455E-05
412.4 0 -8.898063781E-05
412.6 0 -4.459189498E-05
412.8 0 -8.938787185E-05
413 0 -0.0001343893349
413.2 0 -0.0002693965517
413.4 0 -0.0002250144009
413.6 0 9.021362587E-05
413.8 0 -9.170173957E-21
414 0 -0.0001812645012
414.2 0 -9.084302326E-05
414.4 0 -9.105477855E-05
414.6 0 -9.126752336E-05
414.8 0 -0.000137221897
415 0 -0.0001833920188
415.2 0 -0.0001378676471
415.4 0 -9.212853774E-05
415.6 0 -9.23463357E-05
415.8 0 -9.256516588E-05
416 0 -9.278503563E-05
416.2 0 -9.300595238E-05
416.4 0 -9.322792363E-05
416.6 0 -9.345095694E-05
416.8 0 -4.683752998E-05
417 0 6.160541863E-20
417.2 0 -9.52068909E-20
417.4 0 -4.717693237E-05
417.6 0 -9.458232446E-05
417.8 0 -9.48118932E-05
418 0 -4.752128954E-05
418.2 0 -4.763719512E-05
418.4 0 -4.775366748E-05
418.6 0 4.502187922E-20
418.8 0 -4.202916249E-21
419 0 1.045490902E-19
419.2 0 1.954581384E-20
419.4 0 -5.9739375E-20
419.6 0 2.869587095E-20
419.8 0 -9.900896111E-21
420 0 4.433575362E-20
420.2 0 -7.190115786E-21
420.4 0 -1.45769676E-19
420.6 0 -6.94748029E-20
420.8 0 -4.919710327E-05
421 0 -9.864267677E-05
421.2 0 -9.889240506E-05
421.4 0 -4.957170051E-05
421.6 0 8.010205486E-20
421.8 0 7.044687787E-20
422 0 4.995204604E-05
422.2 0 0.0001001602564
422.4 0 5.020886889E-05
422.6 0 -5.03382732E-05
422.8 0 -0.0001009366925
423 0 -0.0001011981865
423.2 0 -0.000101461039
423.4 0 -0.0001017252604
423.6 0 -5.099543081E-05
423.8 0 -4.750217289E-20
424 0 -1.538346155E-20
424.2 0 2.218038187E-20
424.4 0 2.005440302E-20
424.6 0 8.373292393E-20
424.8 0 -2.83169274E-21
425 0 -2.402187949E-20
425.2 0 1.441742283E-19
425.4 0 1.373470827E-19
425.6 0 1.149818686E-20
425.8 0 1.561601638E-20
426 0 -5.744020063E-20
426.2 0 -2.00806482E-21
426.4 0 4.684291376E-20
426.6 0 -1.561851302E-19
426.8 0 7.985800093E-20
427 0 5.40510189E-20
427.2 0 -5.528529708E-20
427.4 0 4.591887494E-20
427.6 0 6.973465561E-20
427.8 0 -1.073284649E-19
428 0 -3.122643327E-20
428.2 0 9.177695639E-20
428.4 0 1.081632888E-19
428.6 0 1.607983011E-19
428.8 0 8.174213252E-20
429 0 8.072504516E-20
429.2 0 1.130560269E-20
429.4 0 -2.436954794E-20
429.6 0 -4.413343002E-20
429.8 0 -1.4220254E-19
430 0 -1.757303729E-20
430.2 0 3.112544928E-20
430.4 0 -2.905093806E-21
430.6 0 4.24638708E-20
430.8 0 -2.12033035E-20
431 0 1.38680281E-19
431.2 0 1.299037832E-20
431.4 0 -3.37475207E-20
431.6 0 -5.399503144E-20
431.8 0 -4.384893183E-20
432 0 -6.868559588E-20
432.2 0 -1.127670829E-19
432.4 0 -1.213693641E-20
432.6 0 -1.70586262E-19
432.8 0 -6.416919491E-20
433 0 1.001512183E-20
433.2 0 -1.209025276E-19
433.4 0 -1.109231602E-19
433.6 0 -7.086656434E-20
433.8 0 -4.711535308E-20
434 0 -2.784641894E-20
434.2 0 -1.087079823E-20
434.4 0 -1.192521941E-19
434.6 0 -7.829247293E-20
434.8 0 -1.319651291E-19
435 0 -1.015002303E-19
435.2 0 -2.454778545E-20
435.4 0 1.424040368E-20
435.6 0 -6.164654679E-20
435.8 0 -5.37426194E-20
436 0 2.173809627E-20
436.2 0 9.967934126E-20
436.4 0 4.366944538E-20
436.6 0 -6.260959024E-20
436.8 0 6.161277603E-05
437 0 6.180775316E-05
437.2 0 8.840340007E-21
437.4 0 1.181530484E-19
437.6 0 -8.332646452E-20
437.8 0 -1.023458397E-19
438 0 -8.000416019E-20
438.2 0 -1.068948764E-19
438.4 0 6.32079288E-05
438.6 0 0.0001268262987
438.8 0 0.0001272394137
439 0 0.0001914828431
439.2 0 0.0001921106557
439.4 0 0.0001284950658
439.6 0 0.0001289191419
439.8 0 0.0001293460265
440 0 0.0001297757475
440.2 0 0.0001302083333
440.4 0 0.0001306438127
440.6 0 0.0001310822148
440.8 0 0.000131523569
441 0 6.59839527E-05
441.2 0 6.620762712E-05
441.4 0 0.0001328656463
441.6 0 0.0001333191126
441.8 0 0.0001337756849
442 0 6.711769759E-05
442.2 0 -2.062826736E-20
442.4 0 6.758217993E-05
442.6 0 0.0001356336806
442.8 0 0.0001361062718
443 0 6.829108392E-05
443.2 0 -1.84287774E-19
443.4 0 3.731228152E-20
443.6 0 8.60336979E-20
443.8 0 -6.925975177E-05
444 0 -0.0001390124555
444.2 0 -0.0001395089286
444.4 0 7.000448029E-05
444.6 0 0.0002107688849
444.8 2.820397112E-05 0.0002115297834
445 2.830615942E-05 0.0002122961957
445.2 5.681818182E-05 0.0001420454545
445.4 8.553832117E-05 0.0001425638686
445.6 0.0001144688645 0.0001430860806
445.8 0.0001436121324 0.0001436121324
446 0.0001441420664 0.0001441420664
446.2 0.0001736111111 0.0001446759259
446.4 0.0001742565056 -3.810684604E-20
446.6 0.0001749067164 -7.287779851E-05
446.8 0.0001463014981 -0.0001463014981
447 0.0001468515038 -0.0001468515038
447.2 0.0001179245283 -1.30867113E-20
447.4 8.877840909E-05 7.398200758E-05
447.6 5.941064639E-05 7.426330798E-05
447.8 2.981870229E-05 7.454675573E-05
448 2.993295019E-05 7.483237548E-05
448.2 0 -1.598415286E-20
448.4 0 2.314803559E-21
448.6 0 3.200603927E-20
448.8 0 -7.599708171E-05
449 0 -7.629394531E-05
449.2 0 7.902745572E-21
449.4 0 7.689468504E-05
449.6 0 0.0001543972332
449.8 0 0.0001550099206
450 0 0.00015562749
450.2 0 0.00015625
450.4 0 0.00015687751
450.6 0 0.0001575100806
450.8 0 0.0001581477733
451 0 0.0001587906504
451.2 0 0.0001594387755
451.4 0 8.004610656E-05
451.6 0 -3.227346275E-20
451.8 0 -6.399231895E-20
452 0 4.179905094E-20
452.2 0 3.09713935E-20
452.4 0 8.17207113E-05
452.6 0 8.206407563E-05
452.8 0 -6.763696791E-20
453 0 -1.02932657E-19
453.2 0 -7.638913564E-20
453.4 0 2.153413727E-20
453.6 0 -7.691775373E-20
453.8 0 5.939769606E-20
454 0 1.505081352E-19
454.2 0 -8.491847826E-05
454.4 0 -0.0001705786026
454.6 0 -0.0001713267544
454.8 0 -8.60407489E-05
455 0 2.566590923E-20
455.2 0 -2.343310096E-20
455.4 0 2.834225482E-20
455.6 0 -8.655900362E-20
455.8 0 -5.543259738E-20
456 0 -1.654536071E-19
456.2 0 -8.877840909E-05
456.4 0 -0.0001783675799
456.6 0 -0.0001791857798
456.8 0 -0.0001800115207
457 0 -9.04224537E-05
457.2 0 -2.613496428E-19
457.4 0 -9.126752336E-05
457.6 0 -0.0001833920188
457.8 0 -0.0001842570755
458 0 -0.0001851303318
458.2 0 -0.0001860119048
458.4 0 -0.0001869019139
458.6 0 -0.0001878004808
458.8 0 -9.435386473E-05
459 0 -0.0001896237864
459.2 0 -0.0002858231707
459.4 0 -0.0001914828431
459.6 0 -0.0001924261084
459.8 0 -9.668935644E-05
460 0 -2.418295225E-19
460.2 0 -1.964163237E-19
460.4 0 1.45160928E-19
460.6 0 -1.267891889E-19
460.8 0 -2.92343336E-20
461 0 1.466859804E-19
461.2 0 1.630728039E-19
461.4 0 1.180516437E-19
461.6 0 0.0001011981865
461.8 0 0.0001017252604
462 0 2.202400879E-19
462.2 0 -0.0001027960526
462.4 0 -0.0001033399471
462.6 0 0.0001038896277
462.8 0 0.0001044451872
463 4.200268817E-05 0.0001050067204
463.2 4.222972973E-05 0.0001055743243
463.4 8.491847826E-05 8.151227564E-21
463.6 0.0001280737705 0.0001067281421
463.8 0.0001717032967 0.0002146291209
464 0.0002158149171 0.0002158149171
464.2 0.0002170138889 0.0001085069444
464.4 0.0002618715084 -0.0001091131285
464.6 0.0002633426966 -0.0001097261236
464.8 0.0002206920904 -0.0001103460452
465 0.0002219460227 -0.0001109730114
465.2 0.0001785714286 4.083911329E-19
465.4 0.0001346982759 2.420007036E-19
465.6 9.031791908E-05 0.0001128973988
465.8 4.542151163E-05 0.0002271075581
466 4.56871345E-05 0.0002284356725
466.2 0 0.0003446691176
466.4 0 0.0003467085799
466.6 0 0.000232514881
466.8 0 0.0002339071856
467 0 0.0004706325301
467.2 0 0.0004734848485
467.4 4.763719512E-05 0.0003572789634
467.6 4.792944785E-05 0.0002396472393
467.8 9.645061728E-05 0.0001205632716
468 9.704968944E-05 0.0001213121118
468.2 0.000146484375 0.0001220703125
468.4 0.0001474056604 0.0001228380503
468.6 9.889240506E-05 0.0001236155063
468.8 9.952229299E-05 0.0002488057325
469 5.008012821E-05 0.0003756009615
469.2 5.040322581E-05 0.0001260080645
469.4 0 -0.0002536525974
469.6 0 -0.0002553104575
469.8 0 -0.0001284950658
470 0 -9.980634359E-20
470.2 0 -2.181033902E-19
470.4 0 -0.0001310822148
470.6 0 -0.0001319679054
470.8 0 1.821150166E-19
471 0 4.08626119E-19
471.2 0 -0.0001346982759
471.4 0 -0.0002712673611
471.6 0 -0.0002731643357
471.8 0 -0.0002750880282
472 0 -0.0002770390071
472.2 0 -0.0002790178571
472.4 0 -0.0002810251799
472.6 0 -0.0002830615942
472.8 0 -0.0002851277372
473 0 -0.0002872242647
473.2 0 -0.0002893518519
473.4 0 -0.000291511194
473.6 0 -0.0002937030075
473.8 0 -0.0002959280303
474 0 -0.0001490935115
474.2 0 -0.0001502403846
474.4 0 -0.0003028100775
474.6 0 -0.0003051757812
474.8 0 -0.0001537893701
475 0 1.199501448E-19
475.2 0 1.901501278E-19
475.4 0 4.189758411E-19
475.6 0 1.643626571E-19
475.8 0 7.148565544E-20
476 0 -3.640531661E-20
476.2 0 7.647825049E-20
476.4 0 5.341467159E-20
476.6 0 1.62538399E-20
476.8 0 2.55562612E-19
477 0 2.220757739E-19
477.2 0 4.34944735E-19
477.4 0 2.804484345E-19
477.6 0 -2.143095131E-19
477.8 0 -3.449203064E-19
478 0 -4.263818409E-19
478.2 0 3.135069373E-20
478.4 0 1.111430002E-19
478.6 0 -2.245241093E-19
478.8 0 -1.364384096E-19
479 0 1.515764775E-19
479.2 0 -4.86941078E-20
479.4 0 -6.880388426E-20
479.6 0 -7.527370566E-20
479.8 0 -3.232457369E-19
480 0 -1.227128212E-19
480.2 0 3.468501983E-19
480.4 0 2.206626674E-19
480.6 0 9.558039306E-20
480.8 0 1.35710914E-19
481 0 3.048969906E-19
481.2 0 3.121751534E-19
481.4 0 3.983423902E-19
481.6 0 -8.870212532E-20
481.8 0 1.465300876E-20
482 0 -1.453858197E-19
482.2 0 -3.375433983E-20
482.4 0 5.087070925E-19
482.6 0 -1.511785287E-19
482.8 0 -3.181161828E-19
483 0 1.970691152E-19
483.2 0 -3.196289923E-19
483.4 0 -7.0865509E-19
483.6 0 -2.022818843E-19
483.8 0 4.181837339E-20
484 0 1.352075754E-20
484.2 0 -2.655422616E-19
484.4 0 -4.402974286E-19
484.6 0 -6.328971008E-19
484.8 0 -5.038550966E-19
485 0 -5.266642642E-19
485.2 0 -6.110104119E-20
485.4 0 3.012043995E-20
485.6 0 3.135662635E-19
485.8 0 2.88819331E-19
486 0 6.04247981E-20
486.2 0 -1.307044874E-19
486.4 0 -3.089035335E-19
486.6 0 -3.663435027E-20
486.8 0 -3.795746507E-19
487 0 -3.4399026E-19
487.2 0 -9.722114942E-20
487.4 0 -2.256210709E-19
487.6 0 3.192588793E-19
487.8 0 -3.884543605E-22
488 0 -2.554541447E-19
488.2 0 -4.403801253E-19
488.4 0 1.477427926E-19
488.6 0 6.894269184E-19
488.8 0 -2.703531334E-19
489 0 -4.910651215E-19
489.2 0 -1.613439432E-19
489.4 0 5.766689633E-19
489.6 0 7.492356414E-20
489.8 0 -1.85223361E-19
490 0 -3.982066548E-19
490.2 0 3.316461558E-19
490.4 0 6.118944447E-20
490.6 0 -1.55741094E-18
490.8 0 -1.07134394E-18
491 0 -2.25170925E-19
491.2 0 -2.626023538E-19
491.4 0 -2.278700175E-19
491.6 0 -1.707674851E-18
491.8 0 -1.552391185E-18
492 0 -7.900588164E-19
492.2 0 -3.315714166E-19
492.4 0 -1.03476742E-19
492.6 0 -5.673410412E-19
492.8 0 4.086069741E-19
493 0 -3.943939478E-19
493.2 0 8.730861809E-20
493.4 0 8.123938324E-19
493.6 0 -2.639804436E-19
493.8 0 -6.727440867E-19
494 0 5.004306705E-19
494.2 0 -3.348507675E-19
494.4 0 -4.193384451E-19
494.6 0 2.209388927E-18
494.8 0 2.922472234E-18
495 0 7.661595387E-19
495.2 0 3.240407078E-19
495.4 0 -8.751584412E-19
495.6 0 -6.428543102E-19
495.8 0 3.107353253E-19
496 0 1.002768872E-18
496.2 0 3.011829274E-19
496.4 0 4.413779565E-19
496.6 0 1.781035407E-18
496.8 0 -4.316698759E-19
497 0 -1.540614151E-18
497.2 0 6.214402699E-19
497.4 0 -9.872663657E-20
497.6 0 -3.124998293E-18
497.8 0 -4.166404015E-18
498 0 -3.724288882E-19
498.2 0 -7.562357907E-19
498.4 0 -1.925773646E-18
498.6 0 3.479006035E-19
498.8 0 -3.347417732E-19
499 0 7.259913021E-18
499.2 0 -2.87370875E-18
499.4 0 -1.495885847E-17
499.6 0 2.385556112E-19
499.8 0 9.211000893E-18
500 0 -2.922019158E-17
