0 0.007365803679 -9.371251499E-05
0.2 0.00651875 0.001546875
0.4 0.006114945978 0.0004923844538
0.6 0.005814026221 0.0002580189151
0.8 0.005584826792 0.000148615839
1 0.005349183694 0.0002660506811
1.2 0.005107089178 0.0002739854709
1.4 0.004905523256 0.0002506014435
1.6 0.004694394304 0.0002820397112
1.8 0.004492501003 0.0001567516051
2 0.00431867222 0.0001332923525
2.2 0.004141566265 0.000188253012
2.4 0.003970595621 9.416432302E-05
2.6 0.003827748191 7.850180868E-05
2.8 0.003678503217 0.0001178000603
3 0.003532280772 0.0001178474457
3.2 0.003398516097 -7.859657948E-06
3.4 0.003286659622 2.358846618E-05
3.6 0.003177859444 0.0002045157068
3.8 0.003059528606 0.0001022990532
4 0.002941102378 0.0001102126159
4.2 0.002816280242 0.0001890120968
4.4 0.002685054457 0.000196967023
4.6 0.002582097458 0.0002443376715
4.8 0.002438055107 0.0001498158054
5 0.002322294023 6.310581583E-05
5.2 0.002228535354 0.000110479798
5.4 0.002128385206 0.0001736812854
5.6 0.002021835827 0.0001105691468
5.8 0.001937323018 7.11089199E-05
6 0.001859065156 5.532932011E-05
6.2 0.001783906883 1.581477733E-05
6.4 0.001699195018 1.582118267E-05
6.6 0.001620745543 2.374138979E-05
6.8 0.001558066478 7.917004459E-06
7 0.001482664234 -6.336171938E-05
7.2 0.001432555781 -8.715770791E-05
7.4 0.001376065341 -6.341314935E-05
7.6 0.001316357085 8.722848153E-05
7.8 0.001253427092 7.139774574E-05
8 0.001193620479 -2.11252757E-21
8.2 0.001143292683 -3.96976626E-05
8.4 0.001102455266 -7.148485157E-05
8.6 0.001045692636 -7.151393409E-05
8.8 0.0009952431827 -0.0001271876272
9 0.0009511146173 -8.747709691E-05
9.2 0.000916496945 -9.546843177E-05
9.4 0.000872300326 -0.0001353020579
9.6 0.0008280676722 -0.0001672059723
9.8 0.0008029159869 -0.0001115161093
10 0.0007745563035 -0.0001035929213
10.2 0.0007429846939 -0.0001674107143
10.4 0.0007241476113 -0.0001036775214
10.6 0.000692529616 -5.584916258E-05
10.8 0.0006672711483 -5.587198611E-05
11 0.000645186018 -7.186477923E-05
11.2 0.0006294734151 -3.994120654E-05
11.4 0.0006041581424 -1.598301964E-05
11.6 0.0005788221449 -6.395824806E-05
11.8 0.0005502661753 -7.198249386E-05
12 0.0005248873413 -9.601597706E-05
12.2 0.0004994877049 -0.0001120645492
12.4 0.0004804735547 -5.605524805E-05
12.6 0.0004614438064 -7.210059475E-05
12.8 0.0004423984407 -0.0001041880386
13 0.0004233374384 -9.621305419E-05
13.2 0.0003946355236 -0.0001604209446
13.4 0.0003819587099 -0.000112340797
13.6 0.0003692714755 -3.211056309E-05
13.8 0.0003565738076 -4.015470806E-05
14 0.0003342245989 -9.6410942E-05
14.2 0.0003215020576 -0.0001446759259
14.4 0.0003087690408 -8.040860436E-05
14.6 0.0002992432043 -7.239754942E-05
14.8 0.0002929285126 -5.633240626E-05
15 0.000286608615 -8.050803792E-06
15.2 0.0002802835052 -1.610824742E-05
15.4 0.0002739531766 -4.834467822E-05
15.6 0.0002676176228 -7.254694593E-05
15.8 0.0002580511974 -4.83845995E-05
16 0.0002549308137 -1.613486163E-05
16.2 0.0002453512397 -2.421229339E-05
16.4 0.0002357637453 -3.229640347E-05
16.6 0.0002293992969 -1.615488007E-05
16.8 0.0002230295821 8.080781961E-06
17 0.000210187293 1.616825331E-05
17.2 0.0002038043478 -8.08747412E-06
17.4 0.0001941797846 -6.472659486E-05
17.6 0.000191022586 -2.428253212E-05
17.8 0.0001878627695 8.097533167E-06
18 0.0001847003318 -5.670624222E-05
18.2 0.0001782935685 -6.48340249E-05
18.4 0.0001686384392 -4.864570361E-05
18.6 0.0001622196844 -5.677688953E-05
18.8 0.0001557955962 -9.737224761E-05
19 0.0001493661679 -7.305953865E-05
19.2 0.0001429313929 -7.308991684E-05
19.4 0.0001364912646 -8.124480033E-05
19.6 0.0001332969205 -6.502288806E-05
19.8 0.0001333524147 -8.131244796E-05
20 0.000133407955 -8.948094544E-05
20.2 0.0001302083333 -6.510416667E-05
20.4 0.0001270060442 -2.442423927E-05
20.6 0.0001303169308 1.084494935E-20
20.8 0.0001303712975 -8.148206091E-06
21 0.0001336863523 -6.521285476E-05
21.2 0.0001337421712 -4.893006263E-05
21.4 0.0001337980368 -2.447525063E-05
21.6 0.0001371186795 -5.713278312E-05
21.8 0.000133909908 -5.715666806E-05
22 0.0001339659138 -4.084326642E-05
22.2 0.0001340219665 -4.086035565E-05
22.4 0.0001373482629 -8.175491838E-06
22.6 0.0001439489112 -4.089457705E-05
22.8 0.0001505550901 -5.727639296E-05
23 0.0001506181894 -3.274308466E-05
23.2 0.0001506813417 -4.913522013E-05
23.4 0.0001572986577 -4.915583054E-05
23.6 0.000167199958 -8.196076374E-05
23.8 0.0001738297649 -9.019468934E-05
24 0.0001771839563 -6.562368753E-05
24.2 0.0001805409664 -1.641281513E-05
24.4 0.0001806168558 3.283942833E-05
24.6 0.0001806928091 6.570647603E-05
24.8 0.0001741954144 4.108382415E-05
25 0.000174268729 3.288089226E-05
25.2 0.0001710526316 -4.525865401E-21
25.4 0.0001744155434 -4.113574136E-05
25.6 0.0001777812895 2.469184576E-05
25.8 0.0001778562395 1.646817032E-05
26 0.0001746362294 -8.237557992E-06
26.2 0.0001714135021 2.472310127E-05
26.4 0.000171485859 4.946707472E-05
26.6 0.0001781566723 1.611863723E-20
26.8 0.0001815325306 -2.475443599E-05
27 0.0001783072697 4.127483094E-05
27.2 0.0001783826638 7.432610994E-05
27.4 0.0001784581218 5.783365059E-05
27.6 0.0001752274651 3.306178587E-05
27.8 0.0001719940728 3.307578323E-05
28 0.0001621399831 4.963468869E-05
28.2 0.0001522775424 6.620762712E-05
28.4 0.0001424067401 4.967676982E-05
28.6 0.0001325275657 4.969783715E-05
28.8 0.0001226400085 7.457838354E-05
29 0.0001127440577 7.46100382E-05
29.2 0.0001061571125 5.805467091E-05
29.4 0.00010288339 4.148523789E-05
29.6 9.960688483E-05 8.217579477E-21
29.8 9.632759354E-05 -8.304102891E-06
30 9.304551255E-05 9.996466892E-21
30.2 8.97606383E-05 2.030305501E-20
30.4 8.647296722E-05 2.494412516E-05
30.6 8.318249574E-05 2.495474872E-05
30.8 7.988922028E-05 8.321793779E-06
31 7.659313725E-05 -1.665068201E-05
31.2 7.329424307E-05 1.665778252E-05
31.4 6.999253413E-05 2.499733362E-05
31.6 6.668800683E-05 -8.336000854E-06
31.8 6.338065756E-05 -8.339560205E-06
32 6.00704827E-05 -2.502936779E-05
32.2 5.675747863E-05 -2.50400641E-05
32.4 5.344164173E-05 -5.010153912E-05
32.6 5.012296835E-05 -5.847679641E-05
32.8 4.680145486E-05 -1.671480531E-05
33 4.34770976E-05 -4.180490154E-05
33.2 4.349571734E-05 -6.691648822E-05
33.4 4.016709512E-05 -5.020886889E-05
33.6 3.683561937E-05 -5.023039006E-05
33.8 3.01511578E-05 -6.70025729E-05
34 2.681252681E-05 -7.541023166E-05
34.2 2.347103004E-05 -6.706008584E-05
34.4 2.01266638E-05 -8.386109918E-05
34.6 2.349119416E-05 -8.389712199E-05
34.8 2.685861624E-05 -5.035990546E-05
35 2.015262253E-05 -4.198463027E-05
35.2 1.680107527E-05 -7.560483871E-05
35.4 1.680830465E-05 -6.723321859E-05
35.6 2.01786483E-05 -4.203885062E-05
35.8 2.355189492E-05 -1.682278208E-05
36 2.692804826E-05 -8.41501508E-06
36.2 3.030711207E-05 4.667874228E-22
36.4 3.368909013E-05 -3.769427268E-20
36.6 3.707398619E-05 -5.898134167E-05
36.8 4.046180406E-05 -7.586588261E-05
37 4.38525475E-05 -5.059909326E-05
37.2 4.72462203E-05 -8.436825054E-06
37.4 5.064282627E-05 -1.498187181E-20
37.6 5.742001729E-05 -3.377648076E-05
37.8 6.420307093E-05 -5.068663495E-05
38 6.761142363E-05 -2.535428386E-05
38.2 6.764069264E-05 -1.691017316E-05
38.4 7.105348636E-05 8.458748376E-06
38.6 7.10842721E-05 -1.002997038E-20
38.8 7.111508453E-05 -5.079648895E-05
39 7.114592368E-05 -4.234876409E-05
39.2 7.795553145E-05 8.473427332E-06
39.4 8.138020833E-05 4.238552517E-05
39.6 8.141554494E-05 3.392314373E-05
39.8 7.805712424E-05 5.090682016E-05
40 7.809104737E-05 4.244078661E-05
40.2 8.152173913E-05 -8.491847826E-06
40.4 8.155719878E-05 -8.49554154E-06
40.6 7.819299391E-05 5.949466928E-05
40.8 8.502938616E-05 7.652644754E-05
41 8.846907666E-05 5.95464939E-05
41.2 8.510348584E-05 5.10620915E-05
41.4 8.85462075E-05 4.257029207E-05
41.6 9.199193197E-05 3.407108591E-05
41.8 9.203206806E-05 -1.704297557E-05
42 9.548232213E-05 -8.525207333E-06
42.2 8.870087336E-05 1.705786026E-05
42.4 8.873962429E-05 -3.413062473E-05
42.6 9.902207168E-05 -3.414554196E-05
42.8 0.0001024814167 8.540118059E-06
43 0.0001093613298 1.708770779E-05
43.2 0.0001094091904 2.564277899E-05
43.4 0.0001094570928 3.420534151E-05
43.6 0.0001095050372 -8.555081034E-06
43.8 0.0001129765557 1.779753087E-20
44 0.0001130260851 8.562582201E-06
44.2 0.000116502193 -3.157501064E-21
44.4 0.0001199813515 -1.714019307E-05
44.6 0.000126893108 -8.573858648E-06
44.8 0.0001235177866 3.155000401E-21
45 0.0001201394991 -6.865114236E-05
45.2 0.0001201923077 -2.575549451E-05
45.4 0.0001236807388 -8.588940193E-06
45.6 0.0001202980642 -5.155631324E-05
45.8 0.0001203510123 1.366705555E-20
46 0.0001238441215 1.720057244E-05
46.2 0.0001204570485 -8.60407489E-06
46.4 0.0001205101366 -8.607866902E-06
46.6 0.0001240079365 -1.722332451E-05
46.8 0.0001240626378 -1.723092192E-05
47 0.0001241173875 8.619263019E-06
47.2 0.0001241721854 2.58692053E-05
47.4 0.0001242270318 2.588063163E-05
47.6 0.0001208296509 -2.589206805E-05
47.8 0.00012433687 -5.180702918E-05
48 0.000117481203 2.591497125E-05
48.2 0.0001175331858 3.456858407E-05
48.4 0.0001175852147 -8.645971669E-06
48.6 0.0001141773694 -1.729960142E-05
48.8 0.0001142279575 -3.461453257E-05
49 0.0001108156028 -4.328734486E-05
49.2 0.0001074002217 -1.732261641E-05
49.4 0.0001074478705 1.733030169E-05
49.6 0.0001040279627 8.668996893E-06
49.8 0.0001006050178 8.672846359E-06
50 9.717903154E-05 2.603009773E-05
50.2 9.027777778E-05 2.604166667E-05
50.4 9.031791908E-05 1.736883059E-05
50.6 8.68827847E-05 -1.625181734E-21
50.8 7.996773476E-05 2.674184622E-21
51 7.304652716E-05 -6.284197262E-21
51.2 7.307906459E-05 -6.089922049E-05
51.4 6.614861854E-05 -5.222259358E-05
51.6 6.269505127E-05 -2.612293803E-05
51.8 5.923840321E-05 -3.484611954E-05
52 5.926483713E-05 -4.357708612E-05
52.2 5.580357143E-05 -7.847377232E-05
52.4 5.582849486E-05 -4.361601161E-05
52.6 5.236260054E-05 -2.618130027E-05
52.8 5.238600805E-05 1.012933012E-20
53 4.891547406E-05 1.746981216E-05
53.2 4.544183445E-05 4.019639805E-20
53.4 4.546217547E-05 2.58427405E-20
53.6 4.198387819E-05 -1.749328258E-05
53.8 4.550291219E-05 3.500224014E-05
54 4.202151502E-05 1.605273063E-20
54.2 3.853699552E-05 -5.255044843E-05
54.4 3.855428443E-05 8.762337371E-06
54.6 4.207809695E-05 8.766270197E-06
54.8 4.911315671E-05 1.754041311E-05
55 5.615453729E-05 -8.774146451E-06
55.2 6.320224719E-05 -1.755617978E-05
55.4 6.674348022E-05 8.782036871E-06
55.6 7.38022942E-05 1.757197481E-05
55.8 7.383550855E-05 2.636982448E-05
56 7.738631247E-05 3.517559658E-05
56.2 8.094031532E-05 1.759572072E-05
56.4 8.801825146E-05 -8.801825146E-06
56.6 9.862488729E-05 1.761158702E-05
56.8 0.0001057171854 3.52390618E-05
57 0.0001128158845 3.52549639E-05
57.2 0.0001199209932 4.408860045E-05
57.4 0.0001270325203 3.52868112E-05
57.6 0.0001376807501 2.647706733E-05
57.8 0.0001412748644 3.531871609E-05
58 0.0001448722298 6.183570782E-05
58.2 0.0001520079186 6.186368778E-05
58.4 0.0001556133997 1.768334088E-05
58.6 0.0001627604167 2.653702446E-05
58.8 0.0001663740372 7.079746262E-05
59 0.0001629079782 3.541477788E-05
59.2 0.0001700680272 8.857709751E-06
59.4 0.000173689882 4.430864338E-05
59.6 0.000170222424 2.659725374E-05
59.8 0.0001596559946 1.773955495E-05
60 0.0001490799637 -8.87380736E-06
60.2 0.0001491477273 -1.775568182E-05
60.4 0.00014211005 1.776375625E-05
60.6 0.0001350659691 3.554367607E-05
60.8 0.0001280154756 7.111970869E-05
61 0.000120958561 3.557604736E-05
61.2 0.0001138952164 8.898063781E-06
61.4 0.000106825433 1.780423883E-05
61.6 9.618673051E-05 -1.78123575E-05
61.8 8.910241788E-05 -4.455120894E-05
62 8.201163852E-05 -4.457154267E-05
62.2 7.491438356E-05 -3.567351598E-05
62.4 6.781064413E-05 -3.56898127E-05
62.6 5.71297989E-05 -1.785306216E-05
62.8 5.001143118E-05 -8.930612711E-06
63 4.288655078E-05 -3.573879231E-05
63.2 3.575514874E-05 -4.469393593E-05
63.4 2.861721612E-05 -9.421232766E-22
63.6 1.789395328E-05 -8.946976638E-06
63.8 1.074129239E-05 -7.160861595E-05
64 1.074621733E-05 -8.95518111E-05
64.2 1.433486239E-05 -7.167431193E-05
64.4 1.075608077E-05 -5.378040385E-05
64.6 7.174012856E-06 -5.380509642E-05
64.8 3.588654111E-06 -7.177308222E-05
65 3.590303309E-06 -7.180606618E-05
65.2 3.591954023E-06 -3.591954023E-05
65.4 3.593606256E-06 -1.796803128E-05
65.6 3.595260009E-06 2.190396591E-21
65.8 3.596915285E-06 -8.992288214E-06
66 3.598572087E-06 -3.598572087E-05
66.2 3.600230415E-06 -5.400345622E-05
66.4 3.601890272E-06 -7.203780544E-05
66.6 3.603551661E-06 -6.306215406E-05
66.8 3.605214582E-06 -2.703910937E-05
67 3.60687904E-06 -1.80343952E-05
67.2 3.608545035E-06 -3.608545035E-05
67.4 3.610212569E-06 -5.415318854E-05
67.6 3.611881646E-06 -5.417822469E-05
67.8 3.613552266E-06 -3.613552266E-05
68 3.615224433E-06 -4.519030541E-05
68.2 3.616898148E-06 -3.616898148E-05
68.4 0 -4.523216767E-05
68.6 0 -5.430375348E-05
68.8 0 -1.810964302E-05
69 0 -3.623608534E-05
69.2 0 -3.625290023E-05
69.4 0 -2.720229805E-05
69.6 0 -1.814328843E-05
69.8 0 1.815171933E-05
70 0 -1.816015807E-05
70.2 0 -1.816860465E-05
70.4 0 9.088529549E-06
70.6 0 9.092760708E-06
70.8 0 1.819399162E-05
71 0 9.101234856E-06
71.2 0 2.731643357E-05
71.4 0 2.732917444E-05
71.6 0 1.212813521E-20
71.8 0 9.118230626E-06
72 0 -9.122489491E-06
72.2 0 -3.650700935E-05
72.4 0 -2.73930575E-05
72.6 0 -1.827057998E-05
72.8 0 -2.741869443E-05
73 0 -9.143843633E-06
73.2 0 -9.148126464E-06
73.4 0 -2.745723993E-05
73.6 0 -9.156704173E-06
73.8 0 -9.160999062E-06
74 0 -1.833059596E-05
74.2 0 -1.833920188E-05
74.4 0 1.926034549E-20
74.6 0 1.835643797E-05
74.8 0 9.182534086E-06
75 0 9.186853246E-06
75.2 0 1.838235294E-05
75.4 3.678201507E-06 9.195503766E-06
75.6 1.103980217E-05 -2.144374152E-21
75.8 1.472667295E-05 9.204170594E-06
76 1.841702027E-05 9.431931469E-21
76.2 2.579599057E-05 -9.212853774E-06
76.4 2.949504483E-05 -9.21720151E-06
76.6 3.319759207E-05 -2.766466006E-05
76.8 3.690363722E-05 -2.767772792E-05
77 4.061318526E-05 -1.846053875E-05
77.2 4.432624113E-05 9.23463357E-06
77.4 4.434720908E-05 1.847800378E-05
77.6 4.436819688E-05 4.013361492E-21
77.8 4.438920455E-05 1.662264885E-21
78 4.441023212E-05 9.252131691E-06
78.2 4.443127962E-05 -1.697686001E-20
78.4 4.445234708E-05 -9.260905642E-06
78.6 4.447343454E-05 -9.265298861E-06
78.8 4.4494542E-05 -9.269696251E-06
79 4.451566952E-05 1.854819563E-05
79.2 4.45368171E-05 9.278503563E-06
79.4 4.455798479E-05 -1.8565827E-05
79.6 4.457917261E-05 -1.929688982E-21
79.8 4.460038059E-05 1.858349191E-05
80 4.462160876E-05 9.296168491E-06
80.2 4.464285714E-05 9.300595238E-06
80.4 4.466412577E-05 9.305026203E-06
80.6 4.468541468E-05 9.309461392E-06
80.8 4.470672389E-05 9.313900811E-06
81 4.472805344E-05 -1.556731378E-20
81.2 4.474940334E-05 -2.127710713E-20
81.4 4.477077364E-05 1.537134462E-20
81.6 4.479216436E-05 9.331700908E-06
81.8 4.854804015E-05 -1.246676894E-20
82 4.857125777E-05 1.868125299E-05
82.2 4.485645933E-05 2.803528708E-05
82.4 4.113810436E-05 1.869913834E-05
82.6 3.741618774E-05 1.870809387E-05
82.8 3.743411596E-05 9.358528989E-06
83 3.745206136E-05 2.808904602E-05
83.2 3.747002398E-05 1.873501199E-05
83.4 3.748800384E-05 9.37200096E-06
83.6 3.750600096E-05 1.875300048E-05
83.8 3.752401537E-05 1.876200768E-05
84 4.12962518E-05 1.877102355E-05
84.2 3.756009615E-05 1.878004808E-05
84.4 3.757816258E-05 -1.878908129E-05
84.6 3.759624639E-05 -4.699530799E-05
84.8 4.137578238E-05 -8.224706587E-21
85 3.763246628E-05 9.40811657E-06
85.2 3.388554217E-05 3.344045255E-21
85.4 3.013500482E-05 9.417189007E-06
85.6 2.638084901E-05 -1.884346358E-05
85.8 2.26230695E-05 -6.59839527E-05
86 1.886166103E-05 -6.601581362E-05
86.2 1.509661836E-05 -9.435386473E-06
86.4 1.13279362E-05 -1.887989367E-05
86.6 1.133341393E-05 2.525933421E-20
86.8 1.133889695E-05 3.779632317E-05
87 1.134438529E-05 3.781461762E-05
87.2 7.566585956E-06 1.891646489E-05
87.4 7.570251938E-06 -3.933842013E-21
87.6 3.786960737E-06 1.893480368E-05
87.8 0 -1.894398642E-05
88 0 -9.476589034E-06
88.2 0 2.844356796E-05
88.4 0 2.845738222E-05
88.6 0 8.541362974E-05
88.8 0 4.747508508E-05
89 0 -3.799854086E-05
89.2 0 2.656797142E-20
89.4 0 2.852665531E-05
89.6 0 3.379880129E-21
89.8 0 -9.518153021E-06
90 0 9.522793759E-06
90.2 0 1.905487805E-05
90.4 0 3.81283553E-05
90.6 0 6.776263578E-21
90.8 0 -2.862420616E-05
91 0 -2.863819648E-05
91.2 0 -2.865220049E-05
91.4 0 -1.078574009E-20
91.6 0 -2.868024963E-05
91.8 0 -3.825905975E-05
92 0 -1.91389025E-05
92.2 0 -3.829656863E-05
92.4 0 -2.8736513E-05
92.6 0 -9.583537782E-06
92.8 0 -3.835297005E-05
93 0 -9.592951866E-06
93.2 0 4.798832924E-05
93.4 0 4.801192232E-05
93.6 0 2.882132317E-05
93.8 0 -2.883550689E-05
94 0 -4.808284097E-05
94.2 0 -2.886391626E-05
94.4 0 1.925209463E-05
94.6 0 3.852317554E-05
94.8 0 -1.927109028E-05
95 3.856120434E-06 -1.928060217E-05
95.2 3.858024691E-06 1.929012346E-05
95.4 3.85993083E-06 2.894948123E-05
95.6 3.861838853E-06 -9.654597133E-06
95.8 7.727497527E-06 -9.659371909E-06
96 7.731321128E-06 4.832075705E-05
96.2 7.735148515E-06 3.867574257E-05
96.4 7.738979693E-06 -9.673724616E-06
96.6 7.742814668E-06 -0
96.8 7.746653446E-06 9.683316807E-06
97 7.750496032E-06 2.906436012E-05
97.2 7.754342432E-06 5.815756824E-05
97.4 3.879096326E-06 4.848870407E-05
97.6 7.762046696E-06 3.881023348E-05
97.8 7.765904573E-06 -0
98 7.769766285E-06 -9.712207857E-06
98.2 3.88681592E-06 2.91511194E-05
98.4 7.777501244E-06 9.721876556E-06
98.6 7.781374502E-06 9.726718127E-06
98.8 7.785251619E-06 1.946312905E-05
99 7.789132602E-06 -1.947283151E-05
99.2 1.168952618E-05 -4.87063591E-05
99.4 1.169535928E-05 -4.873066367E-05
99.6 7.800798802E-06 -2.925299551E-05
99.8 1.170704296E-05 -2.926760739E-05
100 1.171289355E-05 -5.856446777E-05
100.2 1.171875E-05 -2.9296875E-05
100.4 3.908204102E-06 1.954102051E-05
100.6 3.91016016E-06 1.95508008E-05
100.8 7.824236355E-06 9.780295443E-06
101 3.914078156E-06 2.935558617E-05
101.2 0 3.9160401E-05
101.4 0 3.918004012E-05
101.6 3.919969895E-06 3.919969895E-05
101.8 0 -1.960968876E-05
102 0 -6.866838272E-05
102.2 0 -3.925879397E-05
102.4 0 2.945889894E-05
102.6 0 4.912286217E-05
102.8 3.931806744E-06 4.91475843E-05
103 1.180135952E-05 1.966893253E-05
103.2 1.180730479E-05 -3.935768262E-05
103.4 1.181325605E-05 -1.968876008E-05
103.6 1.575895108E-05 1.969868886E-05
103.8 1.576690212E-05 1.970862765E-05
104 1.183114589E-05 -3.943715295E-05
104.2 7.891414141E-06 -6.904987374E-05
104.4 7.895401718E-06 -4.934626074E-05
104.6 7.899393327E-06 -9.874241658E-06
104.8 7.903388973E-06 -1.975847243E-05
105 1.1861083E-05 -5.930541498E-05
105.2 1.186708861E-05 -4.944620253E-05
105.4 1.18731003E-05 -1.978850051E-05
105.6 1.583882413E-05 3.959706031E-05
105.8 1.584685598E-05 1.980856998E-05
106 1.189117199E-05 -1.981861999E-05
106.2 1.586294416E-05 -9.914340102E-06
106.4 1.587100051E-05 1.983875063E-05
106.6 1.587906504E-05 1.98488313E-05
106.8 1.985892222E-05 9.929461108E-06
107 1.98690234E-05 -1.411779024E-20
107.2 1.987913486E-05 -9.824714742E-21
107.4 1.59114053E-05 9.94462831E-06
107.6 1.989938869E-05 -1.989938869E-05
107.8 2.389143731E-05 -3.981906218E-05
108 2.39036206E-05 -1.991968383E-05
108.2 2.391581633E-05 -9.964923469E-06
108.4 1.994002042E-05 -3.988004084E-05
108.6 1.995020429E-05 -1.995020429E-05
108.8 2.395247828E-05 -7.091358103E-21
109 1.997060327E-05 2.995590491E-05
109.2 1.998081841E-05 9.990409207E-06
109.4 2.398925281E-05 -2.998656602E-05
109.6 2.40015361E-05 2.000128008E-05
109.8 2.001152664E-05 4.002305328E-05
110 1.601742696E-05 3.003267555E-05
110.2 1.201923077E-05 2.003205128E-05
110.4 1.202539764E-05 -1.246081512E-20
110.6 1.203157084E-05 1.002630903E-05
110.8 1.203775039E-05 4.012583462E-05
111 1.204393628E-05 5.018306783E-05
111.2 8.033419023E-06 3.012532134E-05
111.4 1.205632716E-05 1.00469393E-05
111.6 1.206253217E-05 2.010422028E-05
111.8 1.206874356E-05 1.00572863E-05
112 1.207496136E-05 1.78745335E-20
112.2 1.208118557E-05 2.013530928E-05
112.4 8.058277463E-06 4.029138731E-05
112.6 8.062435501E-06 4.03121775E-05
112.8 8.066597832E-06 3.024974187E-05
113 8.070764463E-06 1.008845558E-05
113.2 8.074935401E-06 -2.611281889E-20
113.4 8.079110651E-06 1.009888831E-05
113.6 8.083290222E-06 1.010411278E-05
113.8 8.08747412E-06 -1.11464868E-20
114 1.213749353E-05 -2.022915588E-05
114.2 8.095854922E-06 -2.023963731E-05
114.4 8.10005184E-06 1.01250648E-05
114.6 8.104253112E-06 3.039094917E-05
114.8 8.108458744E-06 3.040672029E-05
115 8.112668744E-06 -2.028167186E-05
115.2 8.116883117E-06 -4.058441558E-05
115.4 8.121101871E-06 -3.045413202E-05
115.6 8.125325013E-06 -3.04699688E-05
115.8 8.129552549E-06 -2.423568838E-21
116 8.133784487E-06 3.050169183E-05
116.2 8.138020833E-06 4.069010417E-05
116.4 8.142261595E-06 4.071130797E-05
116.6 1.221976017E-05 3.054940042E-05
116.8 1.630151278E-05 3.622387973E-21
117 2.03875261E-05 -3.058128914E-05
117.2 2.039817232E-05 -2.039817232E-05
117.4 2.040882968E-05 -2.266779944E-20
117.6 2.041949817E-05 4.740657376E-21
117.8 2.043017782E-05 2.043017782E-05
118 2.044086866E-05 2.044086866E-05
118.2 2.045157068E-05 3.156783326E-21
118.4 2.046228392E-05 3.069342588E-05
118.6 1.637840671E-05 3.070951258E-05
118.8 1.638699528E-05 -4.09674882E-05
119 1.639559286E-05 -2.049449108E-05
119.2 1.640419948E-05 2.050524934E-05
119.4 1.641281513E-05 3.077402836E-05
119.6 1.642143983E-05 -2.052679979E-05
119.8 1.643007361E-05 -5.134398002E-05
120 1.643871647E-05 -1.027419779E-05
120.2 1.644736842E-05 -1.027960526E-05
120.4 1.234202212E-05 -2.2683733E-21
120.6 1.234852476E-05 1.102747302E-20
120.8 1.235503426E-05 1.245452013E-20
121 1.236155063E-05 1.030129219E-05
121.2 1.649076517E-05 2.061345646E-05
121.4 1.237460401E-05 1.031217001E-05
121.6 1.238114105E-05 3.095285261E-05
121.8 1.238768499E-05 1.032307082E-05
122 1.239423585E-05 1.629292005E-20
122.2 1.240079365E-05 2.066798942E-05
122.4 1.240735839E-05 -2.067893065E-05
122.6 1.241393008E-05 -2.068988347E-05
122.8 1.242050874E-05 -2.070084791E-05
123 1.242709438E-05 -1.035591198E-05
123.2 1.2433687E-05 3.108421751E-05
123.4 1.244028662E-05 3.110071656E-05
123.6 1.244689326E-05 1.041516209E-20
123.8 8.302337938E-06 -2.075584485E-05
124 8.306751728E-06 -2.076687932E-05
124.2 8.311170213E-06 -1.038896277E-05
124.4 1.24733901E-05 9.345799039E-21
124.6 1.248003195E-05 2.622454031E-20
124.8 1.248668087E-05 -1.040556739E-05
125 1.249333689E-05 -1.041111407E-05
125.2 1.25E-05 -1.035698603E-20
125.4 1.250667022E-05 1.042222519E-05
125.6 1.251334757E-05 2.085557928E-05
125.8 1.252003205E-05 1.793718856E-20
126 1.252672368E-05 2.51823789E-20
126.2 1.253342246E-05 -9.451606853E-21
126.4 1.254012841E-05 1.991985286E-20
126.6 1.254684154E-05 2.091140257E-05
126.8 1.255356186E-05 -1.046130155E-05
127 1.256028939E-05 -1.046690782E-05
127.2 1.256702413E-05 1.047252011E-05
127.4 1.257376609E-05 2.095627682E-05
127.6 1.25805153E-05 4.193505099E-05
127.8 1.258727175E-05 2.097878625E-05
128 1.259403546E-05 -1.049502955E-05
128.2 1.260080645E-05 -2.100134409E-05
128.4 1.260758472E-05 -2.10126412E-05
128.6 1.261437029E-05 -3.153592573E-05
128.8 1.262116317E-05 -3.155290792E-05
129 1.262796336E-05 -3.156990841E-05
129.2 1.263477089E-05 -4.211590296E-05
129.4 1.264158576E-05 -4.21386192E-05
129.6 1.264840799E-05 -5.270169995E-05
129.8 1.265523758E-05 -5.273015659E-05
130 1.266207455E-05 -4.220691518E-05
130.2 1.266891892E-05 -3.16722973E-05
130.4 1.267577069E-05 -5.28157112E-05
130.6 8.45508658E-06 -6.341314935E-05
130.8 4.22983216E-06 -3.17237412E-05
131 0 -1.058030878E-05
131.2 0 -5.641377158E-21
131.4 0 2.118356833E-05
131.6 0 5.2987656E-05
131.8 0 3.180985342E-05
132 0 1.506856773E-20
132.2 0 2.122961957E-05
132.4 0 4.248232735E-05
132.6 0 3.187908052E-05
132.8 0 -1.06321448E-05
133 0 -2.127587146E-05
133.2 0 -1.730869627E-20
133.4 4.259814613E-06 2.129907306E-05
133.6 4.262138571E-06 1.671578983E-23
133.8 4.264465066E-06 -3.198348799E-05
134 4.266794102E-06 -4.831432034E-21
134.2 0 3.201844262E-05
134.4 0 2.135729907E-05
134.6 0 1.068449125E-05
134.8 0 3.207101806E-05
135 0 3.20885816E-05
135.2 0 6.421232877E-05
135.4 0 6.424753289E-05
135.6 0 3.214138782E-05
135.8 0 2.143935236E-05
136 0 2.145112576E-05
136.2 0 6.438873626E-05
136.4 0 6.442413414E-05
136.6 0 -1.471179792E-20
136.8 4.299669785E-06 1.074917446E-05
137 8.60407489E-06 3.226528084E-05
137.2 8.608815427E-06 1.076101928E-05
137.4 4.306780595E-06 -7.251221457E-21
137.6 0 -1.872817556E-20
137.8 0 1.077883554E-05
138 0 -2.156957482E-05
138.2 0 -4.316298343E-05
138.4 0 -9.881535685E-21
138.6 4.321073009E-06 2.160536504E-05
138.8 4.323464305E-06 3.242598229E-05
139 4.32585825E-06 7.570251938E-05
139.2 4.328254848E-06 5.41031856E-05
139.4 8.661308204E-06 3.247990576E-05
139.6 8.666112035E-06 -2.166528009E-05
139.8 1.30063818E-05 -1.451102098E-20
140 1.73514714E-05 1.084466963E-05
140.2 2.170138889E-05 -9.765625E-05
140.4 2.60561423E-05 -9.771053363E-05
140.6 2.607063404E-05 -2.172552836E-05
140.8 3.043266555E-05 1.086880913E-05
141 3.479955457E-05 1.08748608E-05
141.2 2.611420613E-05 -2.34782863E-20
141.4 3.04835563E-05 -2.261807259E-20
141.6 3.485778026E-05 3.267916899E-05
141.8 3.487723214E-05 3.269740513E-05
142 2.617252931E-05 2.181044109E-05
142.2 2.18226257E-05 2.18226257E-05
142.4 2.620178871E-05 -2.183482392E-05
142.6 3.495525727E-05 -3.277055369E-05
142.8 3.497481813E-05 -1.092963067E-05
143 3.49944009E-05 -2.187150056E-05
143.2 3.50140056E-05 -3.282563025E-05
143.4 4.379204036E-05 -6.568806054E-05
143.6 5.257992148E-05 -6.572490185E-05
143.8 4.822530864E-05 -1.096029742E-05
144 4.82523863E-05 -8.258053497E-21
144.2 4.827949438E-05 -3.291783708E-05
144.4 4.830663294E-05 -2.195756043E-05
144.6 4.833380202E-05 1.098495501E-05
144.8 4.836100169E-05 2.198227349E-05
145 4.838823198E-05 1.099732545E-05
145.2 5.281690141E-05 -2.200704225E-05
145.4 5.284667418E-05 -3.302917136E-05
145.6 4.847010716E-05 -3.166106867E-20
145.8 4.408860045E-05 2.204430023E-05
146 3.970214568E-05 -3.30851214E-05
146.2 3.972457627E-05 -3.310381356E-05
146.4 3.533069531E-05 4.416336914E-05
146.6 3.093184389E-05 3.314126131E-05
146.8 3.094934918E-05 -1.105333899E-05
147 3.096687429E-05 -1.119407654E-21
147.2 3.098441926E-05 1.106586402E-05
147.4 3.100198413E-05 1.107213719E-05
147.6 3.101956892E-05 -1.107841747E-05
147.8 3.103717367E-05 -1.108470488E-05
148 3.105479841E-05 3.32729983E-05
148.2 3.107244318E-05 1.109730114E-05
148.4 3.109010802E-05 -2.220722001E-05
148.6 3.110779295E-05 -2.22198521E-05
148.8 3.112549801E-05 -1.111624929E-05
149 3.114322323E-05 2.229905062E-20
149.2 3.116096866E-05 1.112891738E-05
149.4 3.117873432E-05 1.113526226E-05
149.6 3.119652025E-05 1.114161438E-05
149.8 3.121432648E-05 1.114797374E-05
150 3.123215306E-05 -1.115434038E-05
150.2 3.125E-05 -1.029040778E-21
150.4 3.126786735E-05 3.350128645E-05
150.6 3.128575515E-05 5.586741991E-05
150.8 3.130366342E-05 2.235975959E-05
151 3.132159221E-05 1.118628293E-05
151.2 2.686246418E-05 4.477077364E-05
151.4 2.239822248E-05 4.479644495E-05
151.6 2.241107286E-05 1.120553643E-05
151.8 2.2423938E-05 1.1211969E-05
152 1.794945434E-05 3.365522688E-05
152.2 1.346982759E-05 2.244971264E-05
152.4 8.985048879E-06 2.24626222E-05
152.6 8.990218642E-06 2.247554661E-05
152.8 8.995394358E-06 3.373272884E-05
153 4.500288018E-06 2.250144009E-05
153.2 4.502881844E-06 1.125720461E-05
153.4 9.010957324E-06 -1.126369666E-05
153.6 9.016156953E-06 -5.635098096E-05
153.8 9.021362587E-06 -5.638351617E-05
154 1.353986135E-05 -6.769930676E-05
154.2 1.354768786E-05 -1.128973988E-05
154.4 1.807403123E-05 3.388880856E-05
154.6 2.260561343E-05 -1.130280671E-05
154.8 2.714244354E-05 -1.130935148E-05
155 3.168453071E-05 -8.659771448E-21
155.2 4.076086957E-05 -1.132246377E-05
155.4 4.531612529E-05 3.398709397E-05
155.6 5.89451538E-05 1.13356065E-05
155.8 6.805313589E-05 -6.805313589E-05
156 7.263219059E-05 -2.269755956E-05
156.2 8.175872093E-05 -7.981098663E-21
156.4 9.089586969E-05 -1.136198371E-05
156.6 9.549621653E-05 -2.273719441E-05
156.8 9.55518346E-05 -1.13752184E-05
157 9.560751748E-05 1.138184732E-05
157.2 9.566326531E-05 3.41654519E-05
157.4 0.0001002771295 4.558051342E-05
157.6 9.577495622E-05 6.841068301E-05
157.8 8.67041472E-05 7.985908294E-05
158 8.218877849E-05 2.283021625E-05
158.2 7.766812865E-05 1.142178363E-05
158.4 7.314218841E-05 3.428540082E-05
158.6 6.861094848E-05 3.430547424E-05
158.8 6.865114236E-05 -3.432557118E-05
159 6.869138335E-05 -1.144856389E-05
159.2 6.873167155E-05 2.291055718E-05
159.4 6.877200704E-05 2.292400235E-05
159.6 6.88123899E-05 5.734365825E-05
159.8 6.885282021E-05 1.147547004E-05
160 6.889329806E-05 -1.148221634E-05
160.2 6.893382353E-05 2.297794118E-05
160.4 5.977781048E-05 4.598293114E-05
160.6 5.521201413E-05 1.150250294E-05
160.8 5.064083677E-05 -3.452784325E-05
161 5.067069575E-05 -1.151606722E-05
161.2 4.609144543E-05 1.152286136E-05
161.4 4.150678867E-05 4.611865407E-05
161.6 3.23021264E-05 8.075531601E-05
161.8 3.232121749E-05 3.462987589E-05
162 2.772028386E-05 3.465035482E-05
162.2 2.311390533E-05 6.934171598E-05
162.4 2.312759029E-05 4.625518058E-05
162.6 1.851303318E-05 1.157064573E-05
162.8 1.389300533E-05 1.157750445E-05
163 1.390124555E-05 3.475311388E-05
163.2 1.390949555E-05 2.268281407E-21
163.4 1.391775534E-05 -2.319625891E-05
163.6 1.856803327E-05 -1.16050208E-05
163.8 2.322384067E-05 3.4835761E-05
164 1.394259369E-05 0.0001045694527
164.2 9.300595238E-06 4.650297619E-05
164.4 1.861226921E-05 -3.489800476E-05
164.6 2.327920143E-05 -4.655840286E-05
164.8 2.329308289E-05 -6.987924866E-05
165 2.330698091E-05 -5.826745227E-05
165.2 2.332089552E-05 -1.457997319E-20
165.4 2.800179211E-05 -2.333482676E-05
165.6 3.735803945E-05 -4.669754931E-05
165.8 3.738038278E-05 -1.376524634E-20
166 3.740275284E-05 -2.337672053E-05
166.2 3.274700599E-05 -3.508607784E-05
166.4 3.276662672E-05 1.341837432E-20
166.6 2.810251799E-05 -2.43679384E-21
166.8 2.811937612E-05 -2.537858546E-20
167 3.282563025E-05 2.344687875E-05
167.2 3.753753754E-05 -1.26901048E-21
167.4 2.817007212E-05 -3.521259014E-05
167.6 1.879134095E-05 -2.348917619E-05
167.8 2.820397112E-05 -1.175165463E-05
168 3.292444311E-05 -2.351745936E-05
168.2 3.765060241E-05 -2.353162651E-05
168.4 3.296413502E-05 -2.354581073E-05
168.6 2.827201448E-05 -7.068003619E-05
168.8 2.357423054E-05 -9.429692215E-05
169 1.415307971E-05 -7.076539855E-05
169.2 9.441087613E-06 -3.540407855E-05
169.4 9.446795647E-06 -1.180849456E-05
169.6 9.452510587E-06 -4.726255293E-05
169.8 9.458232446E-06 -4.729116223E-05
170 9.463961236E-06 -2.365990309E-05
170.2 9.46969697E-06 -4.734848485E-05
170.4 9.47543966E-06 -4.73771983E-05
170.6 9.48118932E-06 -5.925743325E-05
170.8 9.486945962E-06 7.424651358E-21
171 9.492709599E-06 -1.407776718E-20
171.2 9.498480243E-06 -2.374620061E-05
171.4 9.504257908E-06 2.376064477E-05
171.6 9.510042605E-06 3.566265977E-05
171.8 9.515834348E-06 3.568437881E-05
172 4.760816575E-06 -2.176053549E-20
172.2 4.763719512E-06 -1.190929878E-05
172.4 9.533251983E-06 2.383312996E-05
172.6 9.539072039E-06 1.192384005E-05
172.8 9.544899206E-06 -1.064476929E-20
173 9.550733496E-06 -2.387683374E-05
173.2 9.556574924E-06 -3.583715596E-05
173.4 9.562423501E-06 -4.097377285E-21
173.6 1.435241886E-05 7.726424258E-21
173.8 1.914828431E-05 2.393535539E-05
174 1.916002452E-05 2.395003066E-05
174.2 1.917177914E-05 3.594708589E-05
174.4 1.918354819E-05 2.397943524E-05
174.6 1.91953317E-05 -2.399416462E-05
174.8 1.920712969E-05 -2.400891211E-05
175 1.921894219E-05 -1.201183887E-05
175.2 1.923076923E-05 2.403846154E-05
175.4 2.405326355E-05 1.202663177E-05
175.6 2.888170055E-05 -1.20340419E-05
175.8 3.371609125E-05 2.902847628E-20
176 3.855644664E-05 -2.409777915E-05
176.2 4.340277778E-05 -2.411265432E-05
176.4 4.825509574E-05 2.412754787E-05
176.6 4.828491965E-05 3.621368974E-05
176.8 4.831478046E-05 1.207869511E-05
177 5.317914604E-05 2.090575412E-20
177.2 5.32120743E-05 1.209365325E-05
177.4 5.808550186E-05 1.210114622E-05
177.6 6.29649721E-05 -2.421729696E-05
177.8 6.785049628E-05 -2.42323201E-05
178 7.274208566E-05 -2.424736189E-05
178.2 7.763975155E-05 -1.213121118E-05
178.4 7.768800497E-05 1.213875078E-05
178.6 7.773631841E-05 1.087103727E-20
178.8 7.292314872E-05 2.430771624E-05
179 6.810398506E-05 1.21614259E-05
179.2 6.814641745E-05 -2.433800623E-05
179.4 7.793017456E-05 -2.435317955E-05
179.6 7.310511541E-05 5.389663108E-21
179.8 6.339731586E-05 1.219179151E-05
180 5.855715178E-05 -2.525129721E-20
180.2 5.859375E-05 3.662109375E-05
180.4 5.374452783E-05 2.442933083E-05
180.6 4.888923655E-05 -1.222230914E-05
180.8 4.402786475E-05 1.222996243E-05
181 3.9160401E-05 7.506208988E-21
181.2 3.428683386E-05 2.249277316E-20
181.4 2.940715182E-05 4.90119197E-05
181.6 2.452134338E-05 7.356403013E-05
181.8 1.962939698E-05 3.680511935E-05
182 1.964173476E-05 -1.227608422E-05
182.2 2.456761006E-05 -1.228380503E-05
182.4 2.458307111E-05 -2.100069886E-20
182.6 2.459855164E-05 1.241439897E-20
182.8 2.461405167E-05 1.230702583E-05
183 2.462957125E-05 2.462957125E-05
183.2 2.464511041E-05 2.464511041E-05
183.4 2.466066919E-05 2.466066919E-05
183.6 2.467624763E-05 3.701437145E-05
183.8 2.469184576E-05 3.703776865E-05
184 2.964895636E-05 3.706119545E-05
184.2 2.966772152E-05 6.180775316E-05
184.4 2.473875871E-05 3.710813806E-05
184.6 2.970532319E-05 1.2377218E-05
184.8 2.97241598E-05 2.477013316E-05
185 1.98286802E-05 3.717877538E-05
185.2 0 -1.240079365E-05
185.4 0 1.67077424E-20
185.6 0 6.208280356E-05
185.8 0 -1.242445929E-05
186 0 -3.729710376E-05
186.2 0 3.302574265E-20
186.4 0 4.245336073E-20
186.6 0 1.245615434E-05
186.8 0 1.246410338E-05
187 0 -1.247206258E-05
187.2 0 -1.248003195E-05
187.4 0 1.248801151E-05
187.6 4.998400512E-06 2.499200256E-05
187.8 1.000320102E-05 1.644158544E-20
188 1.000960922E-05 2.502402306E-05
188.2 1.001602564E-05 3.756009615E-05
188.4 1.002245029E-05 1.252806286E-05
188.6 1.002888318E-05 2.507220796E-05
188.8 1.003532434E-05 1.254415543E-05
189 1.004177378E-05 4.522836936E-20
189.2 1.004823151E-05 3.768086817E-05
189.4 1.005469755E-05 3.770511583E-05
189.6 1.006117193E-05 3.284027886E-20
189.8 1.006765464E-05 -1.25845683E-05
190 5.037072856E-06 -1.259268214E-05
190.2 0 -3.780241935E-05
190.4 0 -3.782682376E-05
190.6 0 1.502333546E-20
190.8 0 2.862746212E-20
191 0 5.044105357E-21
191.2 0 -1.264158576E-05
191.4 0 -2.529954663E-05
191.6 0 -2.531594297E-05
191.8 0 -1.266618029E-05
192 5.069759896E-06 -1.267439974E-05
192.2 1.01461039E-05 -3.804788961E-05
192.4 1.015269656E-05 -2.538174139E-05
192.6 5.079648895E-06 -5.079648895E-05
192.8 0 -7.624430709E-05
193 0 -5.086263021E-05
193.2 0 -1.272394137E-05
193.4 0 -1.273223598E-05
193.6 0 -6.370270711E-05
193.8 0 -7.649314621E-05
194 0 -5.102873939E-05
194.2 0 -7.659313725E-05
194.4 0 -8.941710268E-05
194.6 0 -2.556446335E-05
194.8 0 -1.279060249E-05
195 5.119593709E-06 -3.839695282E-05
195.2 1.024590164E-05 -1.280737705E-05
195.4 1.537893701E-05 -3.396554546E-21
195.6 2.051871307E-05 -5.129678267E-05
195.8 2.56652431E-05 -2.56652431E-05
196 3.081854043E-05 2.240959652E-21
196.2 3.597861842E-05 -3.854851974E-05
196.4 4.114549045E-05 -7.71477946E-05
196.6 4.631916996E-05 -6.43321805E-05
196.8 4.634970336E-05 -2.57498352E-05
197 5.153364116E-05 -3.865023087E-05
197.2 5.672442244E-05 -3.867574257E-05
197.4 6.192206077E-05 -2.580085865E-05
197.6 6.712656973E-05 -3.872686715E-05
197.8 7.233796296E-05 -3.875248016E-05
198 7.755625414E-05 -2.585208471E-05
198.2 8.278145695E-05 -1.293460265E-05
198.4 8.801358516E-05 -1.294317429E-05
198.6 9.325265252E-05 -2.590351459E-05
198.8 9.849867286E-05 -1.296035169E-05
199 0.00010375166 -1.44097392E-20
199.2 0.0001090116279 -1.297757475E-05
199.4 0.0001142785904 -2.597240691E-05
199.6 0.0001195525615 1.299484365E-05
199.8 0.0001248335553 1.300349534E-05
200 0.000135326449 -2.602431712E-05
200.2 0.0001458333333 3.90625E-05
200.4 0.0001511424283 5.211807872E-05
200.6 0.0001564586115 2.607643525E-05
200.8 0.0001565631263 7.828156313E-05
201 0.0001566677807 0.0001044451872
201.2 0.0001567725753 9.14506689E-05
201.4 0.0001516482597 6.536562918E-05
201.6 0.0001517498326 2.616376423E-05
201.8 0.0001518515416 -3.92719504E-05
202 0.000151953387 2.28459836E-20
202.2 0.0001520553691 9.175755034E-05
202.4 0.0001521574882 9.181917394E-05
202.6 0.0001575100806 6.562920027E-05
202.8 0.0001576160054 7.880800269E-05
203 0.0001577220727 7.886103634E-05
203.2 0.0001578282828 3.945707071E-05
203.4 0.0001579346361 1.316121968E-05
203.6 0.0001580411328 -3.894223609E-21
203.8 0.0001581477733 -1.805403237E-20
204 0.0001688048616 6.593939905E-05
204.2 0.0001794763514 5.278716216E-05
204.4 0.0001848799865 2.641142664E-05
204.6 0.0001850050744 7.928788904E-05
204.8 0.0001904197698 7.934157075E-05
205 0.0001905487805 5.29302168E-05
205.2 0.0001853813559 5.296610169E-05
205.4 0.0001855071235 6.62525441E-05
205.6 0.0001856330618 5.303801765E-05
205.8 0.0001857591712 6.634256114E-05
206 0.0001858854521 9.294272604E-05
206.2 0.0001860119048 6.643282313E-05
206.4 0.0001914567733 2.659121852E-05
206.6 0.0001969090599 2.660933243E-05
206.8 0.0001970432856 5.325494206E-05
207 0.0001918485675 5.329126876E-05
207.2 0.0001919795222 -4.594250937E-21
207.4 0.0001921106557 -4.002305328E-05
207.6 0.0001922419686 4.005041012E-05
207.8 0.000192373461 0.0001202334131
208 0.0001925051335 6.684206023E-05
208.2 0.0001926369863 5.351027397E-05
208.4 0.0001927690199 4.016021247E-05
208.6 0.0001875428669 4.01877572E-05
208.8 0.0001876715854 0.000107240906
209 0.0001824347527 8.048592033E-05
209.2 0.0001825601375 8.054123711E-05
209.4 0.000177312586 8.059662999E-05
209.6 0.0001828114246 1.344201652E-05
209.8 0.0001883178375 4.035382231E-05
210 0.0001884476223 -1.346054445E-05
210.2 0.0001885775862 -2.693965517E-05
210.4 0.0001779244306 4.04373706E-05
210.6 0.0001726519337 5.031656491E-20
210.8 0.0001781703525 -2.699550795E-05
211 0.0001728907331 1.350708852E-05
211.2 0.0001730103806 0.0001216479239
211.4 0.0001731301939 8.115477839E-05
211.6 0.0001786642412 -2.707033957E-05
211.8 0.0001842059639 2.405996499E-21
212 0.000184333796 4.066186676E-05
212.2 0.0001790364583 5.425347222E-05
212.4 0.0001791608756 5.429117443E-05
212.6 0.0001792854659 8.14933936E-05
212.8 0.0001794102296 9.514178845E-05
213 0.0001795351671 8.160689415E-05
213.2 0.0001796602787 1.361062718E-05
213.4 0.0001797855649 1.362011855E-05
213.6 0.0001799110258 5.451849267E-05
213.8 0.000180036662 6.819570531E-05
214 0.0001856219427 4.094601677E-05
214.2 0.0001966783217 -5.463286713E-05
214.4 0.0002022830651 -2.733554934E-05
214.6 0.0001969537815 -1.158109979E-20
214.8 0.0001916170287 -2.737386125E-05
215 0.000186272791 -5.478611501E-05
215.2 0.0001809210526 -8.223684211E-05
215.4 0.0001755617978 -0.0001097261236
215.6 0.0001701950105 -0.0001098032326
215.8 0.0001648206751 -2.747011252E-05
216 0.0001594387755 1.374472203E-05
216.2 0.0001540492958 -6.877200704E-05
216.4 0.0001431465821 -0.0001101127555
216.6 0.0001322284908 -4.132140339E-05
216.8 0.0001212949894 -5.51340861E-05
217 0.0001103460452 -0.0001241393008
217.2 0.0001104240283 -0.0001242270318
217.4 0.0001049770156 -9.668935644E-05
217.6 9.952229299E-05 -6.911270347E-05
217.8 8.852691218E-05 -5.532932011E-05
218 7.751594614E-05 -8.305279943E-05
218.2 7.203014184E-05 -0.0001246675532
218.4 6.099183818E-05 -0.0001247560326
218.6 4.993785511E-05 -9.710138494E-05
218.8 3.88681592E-05 -6.940742715E-05
219 3.333926031E-05 -8.334815078E-05
219.2 2.224199288E-05 -1.390124555E-05
219.4 1.669337607E-05 4.173344017E-05
219.6 1.113684961E-05 -2.784212402E-05
219.8 5.572396576E-06 8.602522197E-22
220 0 1.394093505E-05
220.2 0 -5.580357143E-05
220.4 0 -6.980432452E-05
220.6 0 -5.588340486E-05
220.8 0 -6.990425913E-05
221 0 -8.394520057E-05
221.2 0 -7.000448029E-05
221.4 0 -8.406563845E-05
221.6 0 -0.0001261889806
221.8 0 -8.418642241E-05
222 0 -2.808231488E-05
222.2 0 -2.810251799E-05
222.4 0 -5.624550036E-05
222.6 0 -4.221451729E-05
222.8 0 -4.224495314E-05
223 0 -8.45508658E-05
223.2 0 -4.230595668E-05
223.4 0 1.411217486E-05
223.6 0 -4.236713666E-05
223.8 0 -2.826519537E-05
224 0 4.242849385E-05
224.2 0 1.415307971E-05
224.4 0 -1.4163343E-05
224.6 0 -4.252086357E-05
224.8 0 -4.255174292E-05
225 0 -4.258266715E-05
225.2 0 -4.261363636E-05
225.4 0 -2.84297671E-05
225.6 0 -1.422523671E-05
225.8 0 -3.436646349E-21
226 0 -1.318604834E-20
226.2 0 1.425638686E-05
226.4 0 2.853360117E-05
226.6 0 2.855445906E-05
226.8 0 2.857534748E-05
227 0 2.859626647E-05
227.2 0 4.292582418E-05
227.4 0 5.727639296E-05
227.6 0 1.432960382E-05
227.8 0 -1.434012482E-05
228 0 4.633814881E-21
228.2 0 -1.436121324E-05
228.4 0 -1.368713126E-20
228.6 0 2.876472754E-05
228.8 0 1.354076184E-20
229 0 1.304747146E-20
229.2 0 1.441420664E-05
229.4 0 3.616629192E-20
229.6 0 1.292153169E-20
229.8 0 -1.444619083E-05
230 0 -4.337065137E-05
230.2 0 -7.233796296E-05
230.4 0 -4.343495182E-05
230.6 0 1.448905786E-05
230.8 0 -1.44998144E-05
231 0 1.451058692E-05
231.2 0 7.260687732E-05
231.4 0 2.906436012E-05
231.6 0 9.322749945E-21
231.8 0 1.455383756E-05
232 0 1.456469053E-05
232.2 0 5.037428391E-20
232.4 0 -1.458644511E-05
232.6 0 -4.379204036E-05
232.8 0 -8.764958863E-05
233 0 -5.847679641E-05
233.2 0 -1.463014981E-05
233.4 0 -4.392335082E-05
233.6 0 -4.395630158E-05
233.8 0 -2.93262012E-05
234 0 -2.934823441E-05
234.2 0 -2.937030075E-05
234.4 0 -2.93924003E-05
234.6 0 -2.941453313E-05
234.8 0 -2.943669932E-05
235 0 -1.472944947E-05
235.2 0 -2.948113208E-05
235.4 0 -4.425509819E-05
235.6 0 -1.476284958E-05
235.8 0 -1.93155946E-20
236 0 1.026264995E-20
236.2 0 2.36327596E-20
236.4 0 -3.552545068E-20
236.6 0 -3.36718128E-20
236.8 0 -1.164377671E-20
237 0 1.484137538E-05
237.2 0 -1.962916259E-20
237.4 0 -2.990625768E-20
237.6 0 2.975057121E-05
237.8 0 8.040701784E-21
238 0 1.489797864E-05
238.2 0 2.981870229E-05
238.4 0 -1.492074102E-05
238.6 0 -7.619726879E-21
238.8 0 -2.718387682E-20
239 0 -1.495501531E-05
239.2 0 -4.488688169E-20
239.4 0 -1.590134197E-20
239.6 0 -1.519488343E-20
239.8 0 1.500096006E-05
240 0 -3.816255241E-20
240.2 6.009615385E-06 -3.004807692E-05
240.4 6.014241724E-06 4.510681293E-05
240.6 6.018875193E-06 4.514156394E-05
240.8 6.023515806E-06 -2.789119676E-21
241 6.02816358E-06 1.507040895E-05
241.2 6.032818533E-06 -1.802297618E-20
241.4 6.03748068E-06 -1.50937017E-05
241.6 6.042150039E-06 -3.021075019E-05
241.8 6.046826625E-06 -2.255420997E-20
242 6.051510457E-06 1.512877614E-05
242.2 0 -1.514050388E-05
242.4 0 -1.515224981E-05
242.6 0 -1.570727264E-21
242.8 6.07031857E-06 1.517579643E-05
243 6.07503888E-06 3.03751944E-05
243.2 6.079766537E-06 3.039883268E-05
243.4 6.084501558E-06 1.521125389E-05
243.6 6.089243959E-06 -5.844378287E-21
243.8 6.09399376E-06 2.13186715E-20
244 6.098750976E-06 -1.524687744E-05
244.2 6.103515625E-06 -3.051757812E-05
244.4 6.108287725E-06 1.154292794E-20
244.6 6.113067293E-06 1.057400973E-20
244.8 6.117854346E-06 -4.58839076E-05
245 6.122648903E-06 -1.530662226E-05
245.2 6.12745098E-06 3.06372549E-05
245.4 6.132260597E-06 1.533065149E-05
245.6 6.137077769E-06 1.534269442E-05
245.8 0 4.606426887E-05
246 0 1.536683714E-05
246.2 0 -3.075787402E-05
246.4 0 -1.539105595E-05
246.6 0 1.540319401E-05
246.8 0 6.03272862E-21
247 0 1.542752765E-05
247.2 0 3.087944664E-05
247.4 0 2.132558774E-20
247.6 0 1.854120197E-20
247.8 0 1.547642631E-05
248 0 1.548869944E-05
248.2 0 -1.550099206E-05
248.4 0 5.6372743E-21
248.6 0 1.552563593E-05
248.8 0 -3.107597454E-05
249 0 -3.110071656E-05
249.2 0 1.5562749E-05
249.4 0 3.115031898E-05
249.6 0 -5.711007251E-22
249.8 0 1.560003994E-05
250 0 6.245003997E-05
250.2 0 3.125E-05
250.4 0 -2.714601894E-20
250.6 0 1.555534805E-20
250.8 0 -3.132518043E-05
251 6.270064205E-06 -1.567516051E-05
251.2 1.25502008E-05 1.5687751E-05
251.4 1.884043408E-05 1.570036174E-05
251.6 2.514078842E-05 2.496626271E-20
251.8 2.51610306E-05 -1.572564412E-05
252 3.147663175E-05 5.510085791E-21
252.2 3.780241935E-05 1.730147117E-20
252.4 4.413841808E-05 -3.152744149E-05
252.6 5.048465267E-05 -3.155290792E-05
252.8 6.315683104E-05 -2.69702817E-20
253 7.584951456E-05 1.58019822E-05
253.2 7.591093117E-05 1.581477733E-05
253.4 7.597244733E-05 -1.582759319E-05
253.6 8.23702352E-05 -4.836015637E-22
253.8 9.511972403E-05 1.585328734E-05
254 0.0001078899269 1.586616572E-05
254.2 0.0001143292683 1.587906504E-05
254.4 0.0001144222945 -1.589198535E-05
254.6 0.000120877443 -1.590492671E-05
254.8 0.0001337102689 -1.591788916E-05
255 0.0001401916803 -1.773775696E-20
255.2 0.0001403061224 1.594387755E-05
255.4 0.0001468035131 -3.191380719E-05
255.6 0.0001469235487 -1.596995094E-05
255.8 0.0001534369885 1.598301964E-05
256 0.0001599610975 -3.199221949E-05
256.2 0.0001664959016 -3.201844262E-05
256.4 0.0001730414274 -1.328851715E-20
256.6 0.0001795977011 -2.769274823E-20
256.8 0.0001861647494 4.814605588E-05
257 0.0001863178454 6.424753289E-05
257.2 0.0001993312757 3.215020576E-05
257.4 0.0001994954695 1.608834432E-05
257.6 0.000199659934 3.220321517E-05
257.8 0.00019982467 6.445957096E-05
258 0.000199989678 4.83845995E-05
258.2 0.0002066115702 6.45661157E-05
258.4 0.0002067824648 1.615488007E-05
258.6 0.0002069536424 -6.467301325E-05
258.8 0.0002071251036 -4.854494615E-05
259 0.0002008188226 -3.239013267E-05
259.2 0.0002009854772 -3.241701245E-05
259.4 0.0001946636213 -3.244393688E-05
259.6 0.0001948254364 3.247090607E-05
259.8 0.0001884879368 4.87468802E-05
260 0.0002016548709 -2.738165947E-20
260.2 0.0001953125 -1.627604167E-05
260.4 0.0001889595496 4.886884904E-05
260.6 0.0001695534224 6.521285476E-05
260.8 0.0001631683375 -1.631683375E-05
261 0.0001633047659 1.633047659E-05
261.2 0.0001569037657 -3.268828452E-05
261.4 0.0001635783082 -4.907349246E-05
261.6 0.0001506181894 8.606417965E-21
261.8 0.0001572986577 -4.915583054E-05
262 0.0001508711167 -1.639903442E-05
262.2 0.0001509978992 -1.641281513E-05
262.4 0.0001445542473 -1.642661901E-05
262.6 0.0001380997475 4.225132119E-20
262.8 0.0001316343724 -3.290859309E-05
263 0.0001251580944 -1.646817032E-05
263.2 0.0001252637131 -1.648206751E-05
263.4 0.0001187711149 -6.107905071E-20
263.6 0.0001056635672 3.301986475E-05
263.8 9.253384095E-05 4.957170051E-05
264 6.615156647E-05 4.961367485E-05
264.2 5.958686441E-05 4.965572034E-05
264.4 5.301102629E-05 1.656594572E-05
264.6 4.642402377E-05 -4.974002547E-05
264.8 4.646346644E-05 -4.978228547E-05
265 3.321641156E-05 3.321641156E-05
265.2 2.659574468E-05 6.64893617E-05
265.4 2.661839864E-05 3.32729983E-05
265.6 2.664109122E-05 3.330136402E-05
265.8 2.666382253E-05 3.332977816E-05
266 2.668659266E-05 -1.889631597E-20
266.2 2.670940171E-05 1.669337607E-05
266.4 2.673224979E-05 6.683062447E-05
266.6 2.675513699E-05 5.016588185E-05
266.8 2.677806341E-05 3.347257926E-05
267 2.680102916E-05 2.059390566E-20
267.2 2.682403433E-05 -1.501635258E-20
267.4 2.684707904E-05 8.389712199E-05
267.6 2.687016337E-05 0.0001007631126
267.8 2.689328744E-05 6.723321859E-05
268 2.01873385E-05 6.729112834E-05
268.2 1.346982759E-05 3.367456897E-05
268.4 6.740724763E-06 1.685181191E-05
268.6 0 1.686636442E-05
268.8 0 1.688094209E-05
269 0 -1.689554498E-05
269.2 0 -5.073051948E-05
269.4 0 -1.692482669E-05
269.6 0 -3.387901127E-05
269.8 0 -5.086263021E-05
270 0 -1.696894005E-05
270.2 0 -1.698369565E-05
270.4 0 -1.699847694E-05
270.6 0 -1.701328397E-05
270.8 0 -3.405623365E-05
271 0 -3.408595113E-05
271.2 0 2.991854882E-20
271.4 0 1.707277098E-05
271.6 0 1.708770779E-05
271.8 0 1.710267075E-05
272 0 -3.584887427E-20
272.2 0 1.713267544E-05
272.4 0 1.71477173E-05
272.6 0 2.32436721E-21
272.8 0 2.553233998E-20
273 0 -1.719300176E-05
273.2 0 -3.441629956E-05
273.4 0 -3.444664903E-05
273.6 0 -1.723852604E-05
273.8 0 -3.450750883E-05
274 0 -3.453801945E-05
274.2 0 4.023980468E-21
274.4 0 -5.177513643E-21
274.6 0 -4.275926523E-20
274.8 0 -3.466060337E-05
275 0 -3.469138544E-05
275.2 0 -3.472222222E-05
275.4 0 -3.475311388E-05
275.6 0 -7.654734451E-21
275.8 0 1.740753119E-05
276 0 3.484611954E-05
276.2 0 1.743861607E-05
276.4 0 -1.745420018E-05
276.6 0 -5.240943649E-05
276.8 0 -5.245635631E-05
277 0 -1.750112007E-05
277.2 0 5.001068152E-20
277.4 0 -3.506508079E-05
277.6 0 -7.019317161E-05
277.8 0 -5.269222122E-05
278 0 -1.757988299E-05
278.2 0 -7.038288288E-05
278.4 0 -0.0001056695221
278.6 0 -3.52549639E-05
278.8 0 -3.52868112E-05
279 0 -5.297807414E-05
279.2 0 -3.535067873E-05
279.4 0 -1.769134964E-05
279.6 0 -1.770738894E-05
279.8 0 -1.772345735E-05
280 0 -1.099110412E-21
280.2 0 2.354462218E-20
280.4 0 -1.354271027E-20
280.6 0 8.256298593E-21
280.8 0 5.307058103E-20
281 0 3.564096715E-05
281.2 0 3.567351598E-05
281.4 0 -1.785306216E-05
281.6 0 -1.786939616E-05
281.8 0 -1.788576007E-05
282 0 -2.732214417E-20
282.2 0 1.791857798E-05
282.4 0 1.793503214E-05
282.6 0 1.847640101E-21
282.8 0 -3.593606256E-05
283 0 -1.798457643E-05
283.2 0 -4.023782042E-20
283.4 0 -2.762523979E-20
283.6 0 1.80343952E-05
283.8 0 3.706962904E-20
284 0 -1.806776133E-05
284.2 0 2.139800991E-21
284.4 0 -8.447124292E-21
284.6 0 -7.853688548E-21
284.8 0 -1.813486537E-05
285 0 2.648951983E-21
285.2 0 4.411298251E-21
285.4 0 -3.637104283E-05
285.6 0 -1.786328724E-20
285.8 0 5.418861292E-21
286 0 -1.823646125E-05
286.2 0 1.7019573E-20
286.4 0 -1.552060986E-20
286.6 0 1.22552766E-20
286.8 0 9.064633935E-21
287 0 1.187474281E-20
287.2 0 1.833920188E-05
287.4 0 -1.70394442E-21
287.6 0 -5.148753623E-20
287.8 0 3.678201507E-05
288 0 5.522502356E-05
288.2 0 5.527712264E-05
288.4 0 1.84431067E-05
288.6 0 1.846053875E-05
288.8 0 1.538172812E-20
289 0 -1.849550189E-05
289.2 0 -1.851303318E-05
289.4 0 -1.853059772E-05
289.6 0 1.854819563E-05
289.8 0 6.006467058E-21
290 0 -1.858349191E-05
290.2 0 1.860119048E-05
290.4 0 1.861892278E-05
290.6 0 1.863668893E-05
290.8 0 5.596346705E-05
291 0 3.734464627E-05
291.2 0 -1.869019139E-05
291.4 0 1.870809387E-05
291.6 0 7.490412272E-05
291.8 0 5.623200576E-05
292 0 3.752401537E-05
292.2 0 3.756009615E-05
292.4 0 4.261730237E-20
292.6 0 1.031108788E-20
292.8 0 1.883437801E-05
293 0 -3.004644275E-20
293.2 0 1.887077295E-05
293.4 0 1.888902321E-05
293.6 0 1.890730881E-05
293.8 0 -1.095167655E-20
294 0 -3.788797284E-05
294.2 0 -1.896237864E-05
294.4 0 -1.898080661E-05
294.6 0 -1.899927043E-05
294.8 0 1.90177702E-05
295 0 5.710891813E-05
295.2 0 7.62195122E-05
295.4 0 3.814697266E-05
295.6 7.636852395E-06 5.727639296E-05
295.8 7.644324853E-06 5.73324364E-05
296 7.651811949E-06 -3.825905975E-05
296.2 7.659313725E-06 -1.914828431E-05
296.4 7.666830226E-06 5.750122669E-05
296.6 7.674361493E-06 3.837180747E-05
296.8 7.681907571E-06 7.578458646E-21
297 7.689468504E-06 1.922367126E-05
297.2 7.697044335E-06 3.848522167E-05
297.4 7.704635108E-06 1.926158777E-05
297.6 7.712240869E-06 1.297363069E-21
297.8 7.71986166E-06 -1.929965415E-05
298 7.727497527E-06 -1.931874382E-05
298.2 7.735148515E-06 1.933787129E-05
298.4 7.742814668E-06 3.871407334E-05
298.6 7.750496032E-06 3.875248016E-05
298.8 7.758192651E-06 -2.301451383E-20
299 7.765904573E-06 -1.941476143E-05
299.2 7.773631841E-06 -1.94340796E-05
299.4 7.781374502E-06 -3.890687251E-05
299.6 1.55782652E-05 -5.064018412E-21
299.8 1.559381238E-05 3.898453094E-05
300 2.341408591E-05 -1.951173826E-05
300.2 2.34375E-05 -5.859375E-05
300.4 2.346096096E-05 -3.91016016E-05
300.6 2.348446894E-05 1.957039078E-05
300.8 1.567201605E-05 9.79501003E-05
301 1.5687751E-05 5.882906627E-05
301.2 1.570351759E-05 -4.131042003E-20
301.4 7.859657948E-06 -3.929828974E-05
301.6 0 -1.670291734E-20
301.8 0 1.968876008E-05
302 0 -5.912588295E-05
302.2 0 -3.945707071E-05
302.4 0 -3.949696663E-05
302.6 0 -3.953694332E-05
302.8 0 1.978850051E-05
303 0 -2.533470391E-20
303.2 0 -1.98286802E-05
303.4 0 -5.95464939E-05
303.6 0 -7.947609359E-05
303.8 0 -3.977851324E-05
304 7.963812436E-06 -5.972859327E-05
304.2 1.594387755E-05 -7.971938776E-05
304.4 2.394024515E-05 -3.990040858E-05
304.6 2.396472393E-05 -1.997060327E-05
304.8 3.198567042E-05 -2.51533357E-20
305 2.401383197E-05 6.003457992E-05
305.2 2.403846154E-05 6.009615385E-05
305.4 2.406314168E-05 4.526775388E-20
305.6 2.408787256E-05 -2.007322713E-05
305.8 2.411265432E-05 2.00938786E-05
306 2.413748713E-05 -5.381065402E-21
306.2 2.416237113E-05 -2.013530928E-05
306.4 2.41873065E-05 -2.033172327E-20
306.6 2.421229339E-05 -4.035382231E-05
306.8 2.423733195E-05 -6.059332989E-05
307 2.426242236E-05 -1.09970788E-19
307.2 2.428756477E-05 2.023963731E-05
307.4 3.241701245E-05 -4.052126556E-05
307.6 3.245067497E-05 2.028167186E-05
307.8 2.436330561E-05 8.121101871E-05
308 2.438865765E-05 8.129552549E-05
308.2 1.627604167E-05 -4.069010417E-05
308.4 2.443952033E-05 -0.0001221976017
308.6 2.446503132E-05 -8.155010438E-05
308.8 3.265412748E-05 -6.122648903E-05
309 3.268828452E-05 2.043017782E-05
309.2 2.454188482E-05 4.090314136E-05
309.4 1.637840671E-05 4.094601677E-05
309.6 8.197796432E-06 -2.049449108E-05
309.8 8.206407563E-06 -6.154805672E-05
310 8.215036803E-06 -2.053759201E-05
310.2 0 6.167763158E-05
310.4 8.232349842E-06 8.232349842E-05
310.6 0 2.060258439E-05
310.8 8.249736008E-06 9.693305306E-20
311 8.25845666E-06 4.265787973E-20
311.2 8.267195767E-06 -2.066798942E-05
311.4 8.27595339E-06 -4.137976695E-05
311.6 8.284729586E-06 -4.142364793E-05
311.8 8.293524416E-06 -2.073381104E-05
312 8.302337938E-06 -2.075584485E-05
312.2 8.311170213E-06 -2.077792553E-05
312.4 8.320021299E-06 -1.828941684E-20
312.6 8.328891258E-06 -2.082222814E-05
312.8 0 -2.084445037E-05
313 0 -3.662550597E-21
313.2 0 -2.088903743E-05
313.4 0 -2.091140257E-05
313.6 0 -1.945486635E-20
313.8 0 2.095627682E-05
314 0 4.19575725E-05
314.2 0 4.200268817E-05
314.4 0 2.102395048E-05
314.6 0 3.76621889E-20
314.8 8.42772384E-06 2.10693096E-05
315 8.436825054E-06 -2.828394433E-20
315.2 1.689189189E-05 -4.222972973E-05
315.4 2.536525974E-05 -4.22754329E-05
315.6 3.385698808E-05 -4.23212351E-05
315.8 4.236713666E-05 -4.236713666E-05
316 5.089576547E-05 -4.241313789E-05
316.2 5.944293478E-05 -2.122961957E-05
316.4 6.800870511E-05 -2.125272035E-05
316.6 7.659313725E-05 -4.255174292E-05
316.8 8.519629226E-05 -4.259814613E-05
317 9.381823144E-05 -3.576320504E-20
317.2 9.392076503E-05 -7.868802663E-21
317.4 9.402352298E-05 -2.136898249E-05
317.6 9.412650602E-05 2.139238773E-05
317.8 9.422971491E-05 5.683535668E-20
318 9.433315038E-05 -2.143935236E-05
318.2 9.443681319E-05 2.146291209E-05
318.4 9.454070407E-05 6.445957096E-05
318.6 8.60407489E-05 2.151018722E-05
318.8 9.47491731E-05 4.867510791E-20
319 7.760761589E-05 2.155767108E-05
319.2 8.632596685E-05 6.474447514E-05
319.4 7.777931416E-05 4.321073009E-05
319.6 7.78654485E-05 4.199599707E-20
319.8 7.795177384E-05 2.165327051E-05
320 6.936736959E-05 -2.1677303E-05
320.2 6.944444444E-05 -1.544029904E-21
320.4 6.083147942E-05 2.172552836E-05
320.6 5.219933185E-05 4.349944321E-05
320.8 4.354793757E-05 2.177396878E-05
321 4.359654018E-05 3.663866447E-20
321.2 3.491620112E-05 2.18226257E-05
321.4 3.495525727E-05 2.184703579E-05
321.6 2.624580067E-05 4.374300112E-05
321.8 1.751681614E-05 4.379204036E-05
322 8.768237935E-06 2.192059484E-05
322.2 0 -9.731529564E-21
322.4 0 -2.196991001E-05
322.6 0 -4.39893018E-05
322.8 0 -2.201944758E-05
323 0 4.356700242E-20
323.2 0 -4.413841808E-05
323.4 0 -6.628252262E-05
323.6 0 9.609271072E-21
323.8 0 -2.214427438E-05
324 0 -6.650822928E-05
324.2 0 -6.658380682E-05
324.4 0 -4.443970421E-05
324.6 0 2.666242532E-21
324.8 0 -4.688091454E-20
325 8.918378995E-06 2.229594749E-05
325.2 8.928571429E-06 2.232142857E-05
325.4 8.938787185E-06 -1.8627454E-20
325.6 8.949026346E-06 4.474513173E-05
325.8 8.959288991E-06 4.479644495E-05
326 8.969575201E-06 5.576608189E-21
326.2 8.979885057E-06 2.244971264E-05
326.4 8.990218642E-06 4.495109321E-05
326.6 9.000576037E-06 4.500288018E-05
326.8 9.010957324E-06 4.505478662E-05
327 0 2.255340647E-05
327.2 0 2.257947977E-05
327.4 0 4.521122685E-05
327.6 9.052723059E-06 4.52636153E-05
327.8 9.063225058E-06 6.797418794E-05
328 9.073751452E-06 4.536875726E-05
328.2 9.084302326E-06 -8.485802869E-21
328.4 9.094877765E-06 2.273719441E-05
328.6 9.105477855E-06 2.276369464E-05
328.8 9.116102684E-06 2.279025671E-05
329 9.126752336E-06 2.281688084E-05
329.2 9.137426901E-06 4.18009688E-20
329.4 9.148126464E-06 2.751790219E-20
329.6 9.158851114E-06 5.740723446E-21
329.8 9.169600939E-06 -2.292400235E-05
330 9.180376028E-06 -2.295094007E-05
330.2 9.191176471E-06 -2.297794118E-05
330.4 9.202002356E-06 3.132532799E-20
330.6 0 2.303213443E-05
330.8 0 9.987118009E-21
331 0 2.308658392E-05
331.2 0 2.690751617E-20
331.4 0 -4.628258294E-05
331.6 0 -4.633748517E-05
331.8 0 3.977159063E-20
332 0 4.644768133E-05
332.2 0 2.32514881E-05
332.4 0 -2.327920143E-05
332.6 0 -2.330698091E-05
332.8 0 8.554566658E-20
333 0 3.619168217E-20
333.2 0 -2.059739374E-20
333.4 0 6.289526128E-20
333.6 0 -2.344687875E-05
333.8 0 -4.695012019E-05
334 0 -2.350330927E-05
334.2 0 -2.353162651E-05
334.4 0 -4.712002413E-05
334.6 0 -4.717693237E-05
334.8 0 -2.361698912E-05
335 0 2.364558111E-05
335.2 9.46969697E-06 2.367424242E-05
335.4 1.896237864E-05 2.37029733E-05
335.6 1.89854192E-05 4.415386198E-20
335.8 1.900851582E-05 -2.376064477E-05
336 1.90316687E-05 5.509472343E-20
336.2 1.905487805E-05 4.763719512E-05
336.4 1.907814408E-05 -4.826836478E-21
336.6 1.910146699E-05 -7.163050122E-05
336.8 1.9124847E-05 -7.839244759E-21
337 1.914828431E-05 4.787071078E-05
337.2 1.917177914E-05 -2.396472393E-05
337.4 1.91953317E-05 -9.597665848E-05
337.6 1.921894219E-05 -2.402367774E-05
337.8 1.924261084E-05 4.810652709E-05
338 1.926633785E-05 2.408292232E-05
338.2 1.929012346E-05 -7.233796296E-05
338.4 1.931396786E-05 -9.656983931E-05
338.6 1.933787129E-05 -2.417233911E-05
338.8 1.936183395E-05 4.840458488E-05
339 1.938585608E-05 4.84646402E-05
339.2 1.940993789E-05 -1.903691512E-21
339.4 1.94340796E-05 7.100577362E-21
339.6 1.945828144E-05 2.432285181E-05
339.8 1.948254364E-05 -2.435317955E-05
340 1.950686642E-05 -7.315074906E-05
340.2 1.953125E-05 -7.32421875E-05
340.4 1.955569462E-05 -7.333385482E-05
340.6 1.95802005E-05 -2.447525063E-05
340.8 1.960476788E-05 4.90119197E-05
341 9.814698492E-06 7.361023869E-05
341.2 9.827044025E-06 4.913522013E-05
341.4 1.967884131E-05 2.459855164E-05
341.6 1.9703657E-05 -2.252492862E-20
341.8 1.972853535E-05 2.466066919E-05
342 1.975347661E-05 7.407553729E-05
342.2 1.977848101E-05 7.41693038E-05
342.4 1.98035488E-05 2.475443599E-05
342.6 1.98286802E-05 2.478585025E-05
342.8 1.985387548E-05 7.445203304E-05
343 1.987913486E-05 4.969783715E-05
343.2 1.99044586E-05 -1.686270031E-20
343.4 1.992984694E-05 2.981415838E-21
343.6 1.995530013E-05 2.494412516E-05
343.8 1.998081841E-05 4.995204604E-05
344 2.000640205E-05 5.001600512E-05
344.2 2.003205128E-05 7.512019231E-05
344.4 2.005776637E-05 5.014441592E-05
344.6 2.008354756E-05 0.0001004177378
344.8 2.010939511E-05 0.0001256837194
345 2.013530928E-05 7.550740979E-05
345.2 2.016129032E-05 2.52016129E-05
345.4 1.009366925E-05 -5.046834625E-05
345.6 0 -1.756010075E-20
345.8 0 2.529954663E-05
346 0 2.533236057E-05
346.2 0 5.073051948E-05
346.4 1.015929779E-05 5.079648895E-05
346.6 2.034505208E-05 2.54313151E-05
346.8 1.018578879E-05 2.546447197E-05
347 0 2.54977154E-05
347.2 0 -2.553104575E-05
347.4 1.022578534E-05 6.086877487E-22
347.6 2.047837484E-05 -1.771231996E-20
347.8 2.050524934E-05 1.72997693E-20
348 2.053219448E-05 8.123786102E-20
348.2 2.055921053E-05 -7.709703947E-05
348.4 1.029314888E-05 -0.0001029314888
348.6 0 -7.730046174E-05
348.8 0 -5.160171731E-05
349 0 -2.583498677E-05
349.2 0 5.17384106E-05
349.4 0 0.0001295175729
349.6 1.0375166E-05 7.781374502E-05
349.8 2.077792553E-05 2.288258538E-20
350 3.120838881E-05 -2.600699068E-05
350.2 4.166666667E-05 -5.208333333E-05
350.4 5.215287049E-05 -5.215287049E-05
350.6 6.26671123E-05 -5.222259358E-05
350.8 7.320950469E-05 -5.229250335E-05
351 8.378016086E-05 -4.196022912E-20
351.2 9.437919463E-05 -2.621644295E-05
351.4 9.450604839E-05 -0.0001050067204
351.6 9.463324361E-05 -0.0001051480485
351.8 9.476078167E-05 -5.264487871E-05
352 9.488866397E-05 -0.0001054318489
352.2 0.0001055743243 -0.0001319679054
352.4 0.0001162889039 -2.642929635E-05
352.6 0.0001270325203 -2.64651084E-05
352.8 0.0001378052917 -2.650101764E-05
353 0.000148607337 -5.058480481E-20
353.2 0.0001594387755 -4.975137482E-20
353.4 0.0001809434605 -2.660933243E-05
353.6 0.0001918485675 -7.993690314E-05
353.8 0.0002027834699 -8.004610656E-05
354 0.0002030608755 -5.34370725E-05
354.2 0.0002140410959 2.675513699E-05
354.4 0.0002250514403 2.568477138E-20
354.6 0.000236092033 -2.682864011E-05
354.8 0.0002471629986 2.686554333E-05
355 0.0002582644628 8.070764463E-05
355.2 0.0002586206897 5.387931034E-05
355.4 0.0002589779006 -0.0001079074586
355.6 0.0002593360996 -0.0001620850622
355.8 0.0002596952909 -8.115477839E-05
356 0.0002600554785 5.417822469E-05
356.2 0.0002604166667 2.712673611E-05
356.4 0.0002607788595 -1.845849972E-20
356.6 0.0002611420613 -3.929522528E-20
356.8 0.0002615062762 -5.44804742E-05
357 0.0002727828212 -2.727828212E-05
357.2 0.0002731643357 -3.865607263E-20
357.4 0.0002735469188 5.470938375E-05
357.6 0.000273930575 8.217917251E-05
357.8 0.000274315309 5.48630618E-05
358 0.0002747011252 2.747011252E-05
358.2 0.0002750880282 -5.501760563E-05
358.4 0.0002754760226 -8.264280677E-05
358.6 0.000275865113 5.51730226E-05
358.8 0.0002652050919 8.287659123E-05
359 0.0002545148725 1.321469182E-20
359.2 0.0002437943262 -5.540780142E-05
359.4 0.0002330433239 2.774325284E-05
359.6 0.0002222617354 0.0001389135846
359.8 0.0002114494302 5.564458689E-05
360 0.0002006062767 -8.358594864E-05
360.2 0.0001897321429 -2.790178571E-05
360.4 0.0001788268956 0.0001397085122
360.6 0.0001678904011 0.0001399086676
360.8 0.0001681312769 5.604375897E-05
361 0.0001683728448 -2.80621408E-05
361.2 0.0001686151079 -2.810251799E-05
361.4 0.0001576008646 8.442903458E-05
361.6 0.0001465548341 0.0001691017316
361.8 0.0001354768786 8.467304913E-05
362 0.0001243668596 -3.621539917E-20
362.2 0.0001132246377 0.0001132246377
362.4 0.0001020500726 0.0001700834543
362.6 9.084302326E-05 2.838844477E-05
362.8 7.960334789E-05 -1.381206907E-19
363 6.833090379E-05 5.694241983E-05
363.2 5.702554745E-05 0.0001140510949
363.4 4.56871345E-05 8.566337719E-05
363.6 4.575402635E-05 5.719253294E-05
363.8 4.582111437E-05 2.863819648E-05
364 4.588839941E-05 -5.736049927E-05
364.2 3.446691176E-05 -5.744485294E-05
364.4 3.451767305E-05 -0.0001150589102
364.6 3.456858407E-05 -8.642146018E-05
364.8 3.461964549E-05 -2.884970458E-05
365 3.467085799E-05 1.077651483E-20
365.2 3.472222222E-05 2.893518519E-05
365.4 3.477373887E-05 5.795623145E-05
365.6 3.482540862E-05 5.80423477E-05
365.8 3.487723214E-05 8.719308036E-05
366 3.492921013E-05 2.910767511E-05
366.2 3.498134328E-05 -5.830223881E-05
366.4 3.503363229E-05 2.919469357E-05
366.6 3.508607784E-05 -2.92383982E-05
366.8 3.513868066E-05 -8.784670165E-05
367 3.519144144E-05 -2.93262012E-05
367.2 3.52443609E-05 -8.811090226E-05
367.4 3.529743976E-05 -0.0001176581325
367.6 3.535067873E-05 -2.945889894E-05
367.8 3.540407855E-05 -9.250013422E-20
368 2.363842663E-05 -2.954803328E-05
368.2 1.183712121E-05 -0.0001775568182
368.4 0 -5.92754173E-05
368.6 0 0.0001780965046
368.8 0 0.0002080955099
369 0 5.95464939E-05
369.2 0 -0.0002385496183
369.4 0 -0.0002090500765
369.6 0 2.120965948E-20
369.8 0 8.986771472E-05
370 0 -3.374403497E-20
370.2 0 -0.0001201923077
370.4 1.203775039E-05 -6.018875193E-05
370.6 0 3.01408179E-05
370.8 0 3.01874034E-05
371 0 -3.023413313E-05
371.2 0 -6.05620155E-05
371.4 0 -9.098408385E-05
371.6 0 -3.03751944E-05
371.8 0 3.042250779E-05
372 0 9.007511458E-21
372.2 0 6.103515625E-05
372.4 0 0.0001222613459
372.6 0 6.122648903E-05
372.8 0 6.057980625E-20
373 0 -9.503996128E-21
373.2 0 3.075787402E-05
373.4 0 -3.080638801E-05
373.6 0 -3.085505529E-05
373.8 1.236155063E-05 -3.090387658E-05
374 1.238114105E-05 -3.095285261E-05
374.2 1.240079365E-05 -3.100198413E-05
374.4 1.242050874E-05 -3.105127186E-05
374.6 2.488057325E-05 9.330214968E-05
374.8 3.738038278E-05 -6.230063796E-05
375 4.99201278E-05 7.193922539E-20
375.2 5E-05 0.00015625
375.4 6.260016026E-05 3.130008013E-05
375.6 8.778089888E-05 -3.135032103E-05
375.8 0.0001130426045 -3.140072347E-05
376 0.000125805153 -3.145128824E-05
376.2 0.000138608871 -9.450604839E-05
376.4 0.000151453958 -0.0002208703554
376.6 0.0001643406149 -0.0001264158576
376.8 0.0001646069692 2.776665472E-20
377 0.0001648741883 -3.230098231E-20
377.2 0.0001651422764 -1.330003706E-20
377.4 0.0001526872964 1.079348009E-20
377.6 0.0001656810767 6.372349103E-05
377.8 0.0001659517974 3.191380719E-05
378 0.0001662234043 -5.265576468E-20
378.2 0.0001664959016 -3.201844262E-05
378.4 0.0001667692939 -6.414203612E-05
378.6 0.0001670435855 -3.971168827E-20
378.8 0.0001544481054 -4.302585661E-20
379 0.0001418110561 4.658160929E-20
379.2 0.0001291322314 6.45661157E-05
379.4 0.0001164114238 0.0001293460265
379.6 0.0001036484245 6.478026534E-05
379.8 9.084302326E-05 -3.244393688E-05
380 9.099417637E-05 3.2051335E-21
380.2 7.8125E-05 -4.185410205E-20
380.4 6.521285476E-05 -3.750436437E-20
380.6 5.225752508E-05 3.266095318E-05
380.8 3.925879397E-05 3.271566164E-05
381 2.621644295E-05 -3.277055369E-05
381.2 2.62605042E-05 -4.110335843E-20
381.4 2.63047138E-05 -3.288089226E-05
381.6 2.634907251E-05 -0.0001646817032
381.8 1.319679054E-05 -0.0001319679054
382 2.643824027E-05 -9.914340102E-05
382.2 2.648305085E-05 -3.310381356E-05
382.4 2.652801358E-05 3.316001698E-05
382.6 1.328656463E-05 3.321641156E-05
382.8 2.661839864E-05 3.32729983E-05
383 2.666382253E-05 -4.038061511E-21
383.2 2.670940171E-05 -1.476460799E-20
383.4 2.675513699E-05 0.0001003317637
383.6 1.340051458E-05 3.350128645E-05
383.8 2.684707904E-05 -6.711769759E-05
384 2.689328744E-05 -3.361660929E-05
384.2 2.693965517E-05 -6.734913793E-05
384.4 2.698618307E-05 -3.373272884E-05
384.6 1.351643599E-05 3.379108997E-05
384.8 1.353986135E-05 6.769930676E-05
385 1.356336806E-05 0.0001017252604
385.2 1.358695652E-05 3.39673913E-05
385.4 1.361062718E-05 -6.805313589E-05
385.6 1.363438045E-05 -6.817190227E-05
385.8 2.731643357E-05 5.067757442E-20
386 4.104640981E-05 0.000136821366
386.2 4.111842105E-05 0.0002055921053
386.4 1.373022847E-05 0.0001373022847
386.6 2.750880282E-05 -1.527045313E-20
386.8 4.133597884E-05 -3.444664903E-05
387 4.14090106E-05 3.450750883E-05
387.2 4.148230088E-05 0.0001382743363
387.4 4.155585106E-05 -7.217901146E-22
387.6 4.162966252E-05 -3.469138544E-05
387.8 4.170373665E-05 3.906984381E-20
388 4.177807487E-05 -0.0001044451872
388.2 4.185267857E-05 -0.0001046316964
388.4 4.192754919E-05 -0.000104818873
388.6 4.200268817E-05 -7.000448029E-05
388.8 2.805206463E-05 -7.013016158E-05
389 2.810251799E-05 -3.512814748E-05
389.2 4.222972973E-05 -3.519144144E-05
389.4 4.230595668E-05 -7.05099278E-05
389.6 4.238245931E-05 -7.063743219E-05
389.8 2.830615942E-05 -7.076539855E-05
390 1.417876588E-05 -3.54469147E-05
390.2 1.420454545E-05 -3.551136364E-05
390.4 1.423041894E-05 -7.115209472E-05
390.6 1.425638686E-05 -3.564096715E-05
390.8 1.428244973E-05 2.971473706E-20
391 1.430860806E-05 2.763101664E-20
391.2 2.866972477E-05 3.583715596E-05
391.4 2.872242647E-05 3.590303309E-05
391.6 1.438766114E-05 -3.596915285E-05
391.8 1.441420664E-05 -7.207103321E-05
392 1.444085028E-05 -3.610212569E-05
392.2 1.446759259E-05 -5.753532528E-20
392.4 1.449443414E-05 3.623608534E-05
392.6 1.452137546E-05 7.260687732E-05
392.8 1.454841713E-05 3.637104283E-05
393 1.45755597E-05 2.495758452E-20
393.2 0 -3.650700935E-05
393.4 0 3.657537453E-05
393.6 0 3.664399625E-05
393.8 2.937030075E-05 -7.342575188E-05
394 2.942561205E-05 1.641491129E-20
394.2 1.474056604E-05 7.370283019E-05
394.4 1.4768431E-05 7.384215501E-05
394.6 1.479640152E-05 0.0001109730114
394.8 1.482447818E-05 7.412239089E-05
395 1.48526616E-05 -3.713165399E-05
395.2 1.488095238E-05 2.43506084E-20
395.4 1.490935115E-05 7.74589582E-20
395.6 1.493785851E-05 7.321061474E-20
395.8 1.49664751E-05 -3.741618774E-05
396 1.499520154E-05 -0.0001124640115
396.2 1.502403846E-05 -3.756009615E-05
396.4 1.505298651E-05 3.763246628E-05
396.6 1.508204633E-05 3.770511583E-05
396.8 1.511121857E-05 -7.555609284E-05
397 1.514050388E-05 -7.570251938E-05
397.2 1.516990291E-05 3.792475728E-05
397.4 1.519941634E-05 3.799854086E-05
397.6 1.522904483E-05 -3.807261209E-05
397.8 1.525878906E-05 -3.814697266E-05
398 1.528864971E-05 -3.822162427E-05
398.2 1.531862745E-05 8.300571561E-20
398.4 1.534872299E-05 3.837180747E-05
398.6 1.537893701E-05 3.032723939E-20
398.8 1.540927022E-05 -3.852317554E-05
399 1.543972332E-05 -7.71986166E-05
399.2 1.547029703E-05 -3.867574257E-05
399.4 0 -4.459760703E-20
399.6 0 3.882952286E-05
399.8 0 3.890687251E-05
400 0 -3.898453094E-05
400.2 0 -0.0001171875
400.4 0 -7.828156313E-05
400.6 0 1.011118024E-19
400.8 0 -3.929828974E-05
401 0 -3.937752016E-05
401.2 0 1.029810145E-19
401.4 0 1.883273706E-21
401.6 0 2.784030373E-20
401.8 0 6.165357734E-22
402 0 -8.693090693E-20
402.2 0 -6.664802632E-20
402.4 0 1.6217026E-20
402.6 0 -4.738369424E-21
402.8 0 6.768637298E-20
403 0 7.090849651E-20
403.2 0 -9.019084216E-21
403.4 0 -4.035382231E-05
403.6 0 -4.04373706E-05
403.8 0 4.052126556E-05
404 0 -7.721335549E-20
404.2 0 -4.069010417E-05
404.4 0 2.926109102E-20
404.6 0 -7.235848195E-20
404.8 0 -4.064261428E-20
405 0 4.103203782E-05
405.2 0 7.771336234E-20
405.4 0 -2.012684767E-20
405.6 0 2.741601512E-20
405.8 0 -4.137976695E-05
406 0 -5.986426621E-20
406.2 0 -5.684980725E-20
406.4 0 -3.49103835E-20
406.6 0 -1.98060941E-20
406.8 0 -9.903202966E-20
407 0 -2.12147465E-20
407.2 0 -1.050385134E-21
407.4 0 -7.699798506E-20
407.6 0 -8.187917675E-20
407.8 0 -6.63108805E-20
408 0 -4.747184485E-20
408.2 0 3.463842667E-20
408.4 0 3.263069272E-20
408.6 0 2.397251266E-20
408.8 0 4.273796499E-05
409 0 -5.091259509E-20
409.2 0 -4.292582418E-05
409.4 0 -1.596921396E-19
409.6 0 -3.666805149E-20
409.8 0 -2.329325699E-20
410 0 -5.175173732E-20
410.2 0 2.271883541E-20
410.4 0 1.305887626E-19
410.6 0 1.209933577E-19
410.8 0 4.973290962E-20
411 0 -3.489573529E-20
411.2 0 2.522197347E-20
411.4 0 2.200763259E-20
411.6 0 -7.653094978E-20
411.8 0 -1.7370694E-20
412 0 5.710905322E-20
412.2 0 4.809616978E-20
412.4 0 -4.126702128E-20
412.6 0 -4.937729637E-20
412.8 0 5.567347969E-20
413 0 1.098815688E-20
413.2 0 8.929323836E-21
413.4 0 -4.783888193E-20
413.6 0 4.510681293E-05
413.8 0 4.521122685E-05
414 0 -4.531612529E-05
414.2 0 -4.542151163E-05
414.4 0 7.151534664E-20
414.6 0 2.232610429E-20
414.8 0 -5.495246518E-21
415 0 7.559284306E-20
415.2 0 -1.197789918E-19
415.4 0 -1.523263752E-19
415.6 0 -1.264144667E-19
415.8 0 -1.173826171E-19
416 0 4.639251781E-05
416.2 0 4.650297619E-05
416.4 0 -6.937892649E-20
416.6 0 4.672547847E-05
416.8 0 4.683752998E-05
417 0 -4.695012019E-05
417.2 0 -4.706325301E-05
417.4 0 -4.216601624E-20
417.6 0 -8.27268542E-20
417.8 0 -6.122136457E-20
418 0 -4.752128954E-05
418.2 0 -4.763719512E-05
418.4 0 -2.777944893E-21
418.6 0 6.639200726E-20
418.8 0 7.151324444E-20
419 0 1.016241329E-19
419.2 0 4.455896907E-20
419.4 0 -9.140463983E-20
419.6 0 -6.141033545E-21
419.8 0 -4.01475801E-20
420 0 5.401319625E-20
420.2 0 1.980573704E-19
420.4 0 1.347352137E-20
420.6 0 -9.845887756E-23
420.8 0 -4.717103838E-20
421 0 6.36682272E-23
421.2 0 5.533451258E-20
421.4 0 -1.041708359E-20
421.6 0 -5.377423814E-20
421.8 0 -4.795783099E-20
422 0 1.953797557E-21
422.2 0 6.552710538E-20
422.4 0 5.887140225E-20
422.6 0 7.089943287E-21
422.8 0 2.054079732E-20
423 0 -4.071631682E-20
423.2 0 -3.397509258E-20
423.4 0 4.712027812E-20
423.6 0 9.95312828E-20
423.8 0 -2.236017599E-20
424 0 5.126312336E-05
424.2 0 1.297597886E-20
424.4 0 -5.153364116E-05
424.6 0 2.596895909E-20
424.8 0 9.290201076E-20
425 0 6.545591801E-20
425.2 0 5.208333333E-05
425.4 0 5.222259358E-05
425.6 0 -5.145633748E-20
425.8 0 -3.32338439E-20
426 0 -5.264487871E-05
426.2 0 -5.278716216E-05
426.4 0 -6.938985367E-20
426.6 0 -6.736349727E-20
426.8 0 -2.500484672E-20
427 0 -4.054647546E-20
427.2 0 4.629560895E-20
427.4 0 3.095828508E-20
427.6 0 -1.914065294E-20
427.8 0 -8.39614764E-20
428 0 5.115829298E-20
428.2 0 9.842562933E-20
428.4 0 5.44045961E-05
428.6 0 5.455656425E-05
428.8 0 8.115884655E-20
429 0 3.090373982E-20
429.2 0 -4.606870162E-20
429.4 0 -2.109698831E-20
429.6 0 4.321019156E-20
429.8 0 4.913819979E-20
430 0 -7.741241711E-20
430.2 0 -5.580357143E-05
430.4 0 -5.596346705E-05
430.6 0 3.286040496E-20
430.8 0 3.910173585E-20
431 0 5.644869942E-05
431.2 0 5.661231884E-05
431.4 0 1.333165693E-20
431.6 0 -5.629638501E-20
431.8 0 -5.710891813E-05
432 0 -5.727639296E-05
432.2 0 5.744485294E-05
432.4 0 -6.906176686E-20
432.6 0 -5.778476331E-05
432.8 0 -1.056157251E-19
433 0 5.812872024E-05
433.2 0 5.830223881E-05
433.4 0 -3.13129779E-20
433.6 0 0.0001173048048
433.8 0 0.0002941453313
434 0 0.0001770203927
434.2 0 5.918560606E-05
434.4 0 5.936550152E-05
434.6 0 7.283029845E-20
434.8 2.389143731E-05 9.557776616E-21
435 4.792944785E-05 1.188243225E-19
435.2 7.211538462E-05 6.92149479E-20
435.4 9.645061728E-05 -0.0001205632716
435.6 0.0001209365325 -0.0001814047988
435.8 0.0001455745342 -6.06560559E-05
436 0.0001703660436 4.257911721E-20
436.2 0.0001953125 5.414429527E-20
436.4 0.0002204153605 0.0001224529781
436.6 0.0002211084906 0.0001842570755
436.8 0.0001971608833 0.0001232255521
437 0.0001977848101 -1.372586407E-19
437.2 0.0001984126984 7.280091151E-20
437.4 0.000199044586 -6.220143312E-05
437.6 0.0001996805112 -0.0001872004792
437.8 0.0002003205128 -0.0001252003205
438 0.0002009646302 -0.0001256028939
438.2 0.0002016129032 -0.0001260080645
438.4 0.0002022653722 -0.0001896237864
438.6 0.0002282873377 -0.0001268262987
438.8 0.0002290309446 6.361970684E-05
439 0.0002297794118 6.382761438E-05
439.2 0.0002049180328 0.0001280737705
439.4 0.0001798930921 0.0002569901316
439.6 0.0001547029703 0.0001933787129
439.8 0.0001293460265 6.467301325E-05
440 0.0001297757475 6.488787375E-05
440.2 0.0001041666667 0.0001302083333
440.4 7.838628763E-05 0.0001306438127
440.6 5.243288591E-05 0.0001310822148
440.8 2.63047138E-05 6.576178451E-05
441 2.639358108E-05 6.199841282E-20
441.2 2.648305085E-05 -6.620762712E-05
441.4 2.657312925E-05 -6.643282313E-05
441.6 2.666382253E-05 -4.454751665E-20
441.8 2.675513699E-05 4.327754459E-20
442 2.684707904E-05 5.69332879E-20
442.2 2.693965517E-05 -3.108896898E-20
442.4 2.703287197E-05 -2.499294937E-20
442.6 2.712673611E-05 2.159342719E-20
442.8 2.722125436E-05 1.723562472E-19
443 2.731643357E-05 6.829108392E-05
443.2 0 -2.596555693E-20
443.4 0 1.486924272E-20
443.6 0 6.901501767E-05
443.8 0 -6.925975177E-05
444 0 -6.950622776E-05
444.2 0 -3.720013035E-21
444.4 0 -3.879476398E-20
444.6 0 -6.647808338E-20
444.8 0 8.81849416E-20
445 0 2.179155987E-19
445.2 0 -8.59879439E-21
445.4 0 7.128193431E-05
445.6 0 -1.707691004E-20
445.8 0 -7.180606618E-05
446 0 7.207103321E-05
446.2 0 -1.128089773E-19
446.4 0 -7.260687732E-05
446.6 0 8.959028391E-20
446.8 0 0.0001463014981
447 0 0.0001468515038
447.2 0 6.92207362E-20
447.4 0 -3.347783567E-20
447.6 0 -5.338293479E-20
447.8 0 -0.0001490935115
448 0 -0.000149664751
448.2 0 9.114033598E-20
448.4 0 1.08394236E-19
448.6 0 2.629575507E-20
448.8 0 -2.884876673E-20
449 0 7.238821797E-20
449.2 0 1.160614321E-19
449.4 0 -2.938900571E-20
449.6 0 -5.267853322E-20
449.8 0 -8.709681414E-20
450 0 -8.393371519E-20
450.2 0 1.665726869E-19
450.4 0 8.172424094E-21
450.6 0 -6.858463795E-21
450.8 0 6.203229532E-20
451 0 -6.557628774E-20
451.2 0 7.971938776E-05
451.4 0 0.0001600922131
451.6 0 -8.03755144E-05
451.8 0 -8.070764463E-05
452 0 -2.779916077E-20
452.2 0 2.277121102E-20
452.4 0 6.943573418E-20
452.6 0 -8.206407563E-05
452.8 0 8.241033755E-05
453 0 -8.27595339E-05
453.2 0 -8.311170213E-05
453.4 0 8.346688034E-05
453.6 0 8.38251073E-05
453.8 0 8.418642241E-05
454 0 2.496650089E-19
454.2 0 8.491847826E-05
454.4 0 0.0001705786026
454.6 0 -7.140500523E-20
454.8 0 -0.0001720814978
455 0 -8.642146018E-05
455.2 0 3.44708961E-21
455.4 0 8.719308036E-05
455.6 0 8.758408072E-05
455.8 0 -8.79786036E-05
456 0 -8.837669683E-05
456.2 0 -8.877840909E-05
456.4 0 -0.0001783675799
456.6 0 1.672898329E-20
456.8 0 -1.568532741E-20
457 0 -9.04224537E-05
457.2 0 1.14807356E-19
457.4 3.650700935E-05 -0.0001825350467
457.6 7.335680751E-05 -0.0001833920188
457.8 0.0001105542453 -9.212853774E-05
458 0.0001481042654 -0.0002776954976
458.2 0.0001860119048 -0.0001860119048
458.4 0.0002242822967 9.345095694E-05
458.6 0.0002629206731 0.0001878004808
458.8 0.0003019323671 9.435386473E-05
459 0.0003413228155 -1.009224076E-19
459.2 0.000381097561 6.847779628E-20
459.4 0.0004212622549 -9.574142157E-05
459.6 0.0004233374384 -9.621305419E-05
459.8 0.0004254331683 -1.39172051E-21
460 0.0004275497512 -8.094390688E-20
460.2 0.0004296875 -0.0001953125
460.4 0.0004318467337 -0.0002944409548
460.6 0.0004340277778 -9.864267677E-05
460.8 0.0004362309645 2.050395603E-19
461 0.0004384566327 2.495471882E-19
461.2 0.0004407051282 0.0001001602564
461.4 0.0004429768041 2.99487972E-19
461.6 0.0004452720207 -0.0001011981865
461.8 0.0004475911458 -1.220621671E-20
462 0.000449934555 9.564268497E-20
462.2 0.0004523026316 1.470153799E-19
462.4 0.0004546957672 -2.110068704E-20
462.6 0.0004571143617 -0.0001038896277
462.8 0.0004595588235 -0.0001044451872
463 0.0004620295699 9.172343282E-20
463.2 0.000464527027 -8.820899206E-20
463.4 0.0004245923913 -2.857692388E-19
463.6 0.0003842213115 -4.616310096E-20
463.8 0.0003434065934 9.677568211E-20
464 0.000302140884 1.315913789E-20
464.2 0.0002604166667 -7.097616516E-20
464.4 0.000218226257 -4.597259128E-20
464.6 0.0001755617978 0.0001097261236
464.8 0.0001324152542 0.0001103460452
465 8.877840909E-05 -5.239780428E-20
465.2 4.464285714E-05 0.0001116071429
465.4 0 0.0003367456897
465.6 0 0.0003386921965
465.8 0 0.0003406613372
466 0 0.0002284356725
466.2 0 1.86951064E-19
466.4 0 0.0001155695266
466.6 4.650297619E-05 0.0003487723214
466.8 4.678143713E-05 0.0004678143713
467 4.706325301E-05 0.0004706325301
467.2 4.734848485E-05 0.0003551136364
467.4 4.763719512E-05 0.0001190929878
467.6 4.792944785E-05 2.082078751E-20
467.8 4.822530864E-05 0.0001205632716
468 4.852484472E-05 0.0002426242236
468.2 4.8828125E-05 0.0001220703125
468.4 4.913522013E-05 0.0001228380503
468.6 4.944620253E-05 0.0001236155063
468.8 0 0.0001244028662
469 0 0.000250400641
469.2 0 0.000252016129
469.4 0 0.0003804788961
469.6 0 0.000510620915
469.8 0 0.0005139802632
470 0 0.000517384106
470.2 0 0.0005208333333
470.4 0 0.0005243288591
470.6 0 0.0005278716216
470.8 0 0.000531462585
471 0 0.0005351027397
471.2 0 0.0005387931034
471.4 0 0.0005425347222
471.6 0 0.0005463286713
471.8 0 0.0005501760563
472 0 0.0005540780142
472.2 0 0.0005580357143
472.4 0 0.0005620503597
472.6 0 0.0007076539855
472.8 0 0.0005702554745
473 0 0.0002872242647
473.2 0 0.0001446759259
473.4 0 0.000145755597
473.6 0 0.0004405545113
473.8 0 0.0002959280303
474 0 -1.143884532E-19
474.2 0 0.0001502403846
474.4 0 0.0001514050388
474.6 0 0.0001525878906
474.8 0 0.0003075787402
475 0 0.0004650297619
475.2 0 0.000625
475.4 0 0.0003150201613
475.6 0 -0.0001587906504
475.8 0 -0.0003201844262
476 0 -0.0004842458678
476.2 0 -0.0001627604167
476.4 0 -0.0003282563025
476.6 0 -0.0004965572034
476.8 0 -0.0001669337607
477 0 -0.0003367456897
477.2 0 -0.0001698369565
477.4 0 -0.0001713267544
477.6 0 -0.0003456858407
477.8 0 -0.0003487723214
478 0 -0.0005278716216
478.2 0 -0.0007102272727
478.4 0 -0.0008959288991
478.6 0 -0.0007233796296
478.8 0 -0.0005476051402
479 0 -0.0005527712264
479.2 0 -0.0005580357143
479.4 0 -0.0003756009615
479.6 0 -0.0001896237864
479.8 0 -0.0003829656863
480 0 3.344998613E-19
480.2 0 -0.0001953125
480.4 0 -0.0005918560606
480.6 0 -0.0001992984694
480.8 0 -0.0002013530928
481 0 -0.0004069010417
481.2 0 -0.0008223684211
481.4 0 -0.0002077792553
481.6 0 -0.0004200268817
481.8 0 -0.000636888587
482 0 0.0002146291209
482.2 0 0.0004340277778
482.4 0 0.0006583567416
482.6 0 1.710200589E-19
482.8 0 -0.0002244971264
483 0 -0.0002271075581
483.2 0 -0.0009191176471
483.4 0 -0.0004650297619
483.6 0 -0.0002353162651
483.8 0 -0.001190929878
484 0 -0.0009645061728
484.2 0 -0.000244140625
484.4 0 -0.0002472310127
484.6 0 1.291486949E-19
484.8 0 8.82759641E-20
485 0 -0.0002569901316
485.2 0 -0.0005208333333
485.4 0 -0.001055743243
485.6 0 -0.0005351027397
485.8 0 -0.0008138020833
486 0 -0.001100352113
486.2 0 -0.0005580357143
486.4 0 -0.0005661231884
486.6 0 -0.0002872242647
486.8 0 -0.000291511194
487 0 -0.0005918560606
487.2 0 -0.0006009615385
487.4 0 -0.0006103515625
487.6 0 -0.0003100198413
487.8 0 3.026781363E-19
488 0 -0.0003201844262
488.2 0 -0.0003255208333
488.4 0 -2.495727416E-19
488.6 0 0.0003367456897
488.8 0 0.0006853070175
489 0 0.001046316964
489.2 0 0.001065340909
489.4 0 0.001085069444
489.6 0 -5.464373528E-19
489.8 0 -0.0007512019231
490 0 -0.0003829656863
490.2 0 -0.00078125
490.4 0 -0.0003985969388
490.6 0 -0.0004069010417
490.8 0 -0.0008311170213
491 0 -0.0008491847826
491.2 0 -0.0008680555556
491.4 0 -0.0004438920455
491.6 0 -2.513167937E-19
491.8 0 3.598518466E-19
492 0 5.450710335E-19
492.2 0 -0.00048828125
492.4 0 -0.001502403846
492.6 0 -0.001541940789
492.8 0 -0.001055743243
493 0 -0.001085069444
493.2 0 -0.001116071429
493.4 0 -0.001148897059
493.6 0 -0.001183712121
493.8 0 -0.001220703125
494 0 -0.0006300403226
494.2 0 9.845240172E-19
494.4 0 1.44318451E-19
494.6 0 -1.28983104E-18
494.8 0 -1.484831724E-18
495 0 2.424546007E-19
495.2 0 -8.550786664E-19
495.4 0 -3.853886972E-19
495.6 0 -9.111891064E-19
495.8 0 -7.427530687E-19
496 0 -3.685613638E-20
496.2 0 -1.853392457E-18
496.4 0 -2.11172066E-18
496.6 0 -1.05159896E-18
496.8 0 5.721236965E-19
497 0 -1.615697359E-18
497.2 0 -1.072096608E-18
497.4 0 -8.058062197E-19
497.6 0 1.13868817E-18
497.8 0 4.728008984E-19
498 0 2.54440879E-18
498.2 0 1.802602265E-18
498.4 0 -3.400406767E-18
498.6 0 -3.897383889E-18
498.8 0 -4.223346533E-18
499 0 1.69556817E-18
499.2 0 2.400350602E-18
499.4 0 -2.656288299E-18
499.6 0 4.272114079E-18
499.8 0 -1.137388707E-17
500 0 -2.57703128E-17
