0 0.00724710116 -4.68562575E-05
0.2 0.006278125 0.0017265625
0.4 0.005833583433 0.000468937575
0.6 0.005479383507 0.0003362064652
0.8 0.005174959952 0.0001564377253
1 0.004904722556 0.0001721504407
1.2 0.00464992485 0.0001878757515
1.4 0.004416850441 0.0002271075581
1.6 0.004161652627 0.0002742052748
1.8 0.003943870385 4.702548154E-05
2 0.003772957648 1.568145323E-05
2.2 0.00358621988 0.000141189759
2.4 0.003411887304 7.847026918E-05
2.6 0.003271955386 5.495126608E-05
2.8 0.003078508243 0.0001178000603
3 0.002910046259 0.0001728429204
3.2 0.002747736419 0.0002357897384
3.4 0.002597876409 0.0002044333736
3.6 0.002466774064 0.0001101238421
3.8 0.002345009065 6.29532635E-05
4 0.002216848045 2.361698912E-05
4.2 0.002120085685 0.0001338835685
4.4 0.001998033481 0.0001418162566
4.6 0.001894799233 6.305488297E-05
4.8 0.001769403512 0.0001182756358
5 0.001653372375 0.0001025469507
5.2 0.001546717172 2.367424242E-05
5.4 0.001477869846 3.94730194E-05
5.6 0.001396330368 0.0001658537202
5.8 0.00130524373 8.69109021E-05
6 0.001245700121 -3.952094294E-05
6.2 0.0011861083 -4.744433198E-05
6.4 0.001142289388 -3.164236533E-05
6.6 0.001073110818 7.913796596E-06
6.8 0.001026043778 7.917004459E-06
7 0.0009916109084 3.168085969E-05
7.2 0.0009476419878 1.584685598E-05
7.4 0.0008972960633 7.926643669E-06
7.6 0.0008595970361 0.0001030882054
7.8 0.0008123476848 4.759849716E-05
8 0.0007872815928 6.349045104E-05
8.2 0.0007526676829 0.0001111534553
8.4 0.0007148485157 6.354209028E-05
8.6 0.0006897121644 6.356794142E-05
8.8 0.0006709147334 6.359381359E-05
9 0.0006393780537 -2.385739007E-05
9.2 0.0006173625255 -0.0001272912424
9.4 0.0005794111654 -0.0001432610024
9.6 0.0005509834896 -0.000103508459
9.8 0.000525718801 -8.761980016E-05
10 0.000497246022 -7.171817625E-05
10.2 0.000475127551 -2.391581633E-05
10.4 0.0004593711719 -3.987596978E-05
10.6 0.0004436019199 -6.382761438E-05
10.8 0.0004278197793 -3.99085615E-05
11 0.0004024427637 -3.992487735E-05
11.2 0.0003866308793 -8.78706544E-05
11.4 0.0003835924714 -7.99150982E-05
11.6 0.0003709578387 7.994781007E-06
11.8 0.0003647113022 1.599610975E-05
12 0.0003456575174 -8.801464564E-05
12.2 0.0003361936475 -4.802766393E-05
12.4 0.0003331283313 -1.355252716E-20
12.6 0.0003236515587 -4.005588597E-05
12.8 0.0003205785802 -1.602892901E-05
13 0.0003207101806 -4.008877258E-05
13.2 0.0003208418891 -0.0001122946612
13.4 0.0003177639688 -7.221908381E-05
13.6 0.0003178945746 -3.211056309E-05
13.8 0.0003244500411 -8.834035773E-05
14 0.0003342245989 -5.623971617E-05
14.2 0.0003343621399 -8.841306584E-05
14.4 0.0003344997942 -0.0001045311857
14.6 0.0003378552306 -3.217668863E-05
14.8 0.0003412134322 -4.828491965E-05
15 0.0003381337593 -0.0001127112531
15.2 0.0003447164948 -6.443298969E-05
15.4 0.0003416357261 2.417233911E-05
15.6 0.0003385524144 -3.224308708E-05
15.8 0.0003419178365 -4.032049959E-05
16 0.0003452860388 3.226972325E-05
16.2 0.0003551136364 -4.842458678E-05
16.4 0.0003520307979 -0.0001049633113
16.6 0.0003586383375 -6.461952026E-05
16.8 0.0003426251552 -6.464625569E-05
17 0.0003460006209 -8.084126656E-06
17.2 0.000339673913 -2.426242236E-05
17.4 0.0003365782933 -4.854494615E-05
17.6 0.0003367177787 -2.428253212E-05
17.8 0.00032714034 -3.239013267E-05
18 0.0003143145998 1.3269018E-20
18.2 0.0003079616183 4.052126556E-05
18.4 0.0003016033624 1.621523454E-05
18.6 0.0002887510382 -2.433295266E-05
18.8 0.0002661508101 -5.680047777E-05
19 0.0002630143392 1.623545303E-05
19.2 0.0002533783784 4.872661123E-05
19.4 0.000240484609 -4.87468802E-05
19.6 0.0002243289638 -4.876716604E-05
19.8 0.0002146648626 -1.626248959E-05
20 0.0002017388588 -2.440389421E-05
20.2 0.0001985677083 -1.627604167E-05
20.4 0.0001693413922 -1.713753496E-20
20.6 0.0001433486239 -2.443442452E-05
20.8 0.0001336305799 -5.703744264E-05
21 0.0001173831386 -7.33644616E-05
21.2 0.0001174321503 -4.893006263E-05
21.4 9.790100251E-05 -2.447525063E-05
21.6 8.16182616E-05 -3.264730464E-05
21.8 6.532190635E-05 -1.633047659E-05
22 6.208176495E-05 -6.534922627E-05
22.2 6.537656904E-05 -5.720449791E-05
22.4 7.194432817E-05 -4.905295103E-05
22.6 7.851758794E-05 -0.0001553993928
22.8 8.182341852E-05 -0.0001145527859
23 8.185771165E-05 1.637154233E-05
23.2 8.189203354E-05 -1.637840671E-05
23.4 8.52034396E-05 -0.0001310822148
23.6 8.851762484E-05 -9.015684012E-05
23.8 9.183459278E-05 -4.919710327E-05
24 9.843553129E-05 -9.843553129E-05
24.2 0.0001017594538 -0.0001230961134
24.4 0.0001050861707 -0.0001231478562
24.6 0.0001018450378 -0.0001149863331
24.8 0.0001084612958 -0.0001232514724
25 0.0001150831229 -7.398200758E-05
25.2 0.0001184210526 -1.644736842E-05
25.4 0.0001184709351 -5.759003791E-05
25.6 0.0001185208597 -2.469184576E-05
25.8 0.0001218644604 -8.23408516E-06
26 0.0001186208351 -9.885069591E-05
26.2 0.0001153744726 -4.944620253E-05
26.4 0.0001121253694 -3.297804981E-05
26.6 0.000108873522 -5.773595861E-05
26.8 0.0001089195184 -1.650295733E-05
27 0.0001122675402 -5.778476331E-05
27.2 0.0001123150106 -3.303382664E-05
27.4 0.0001156673012 -4.957170051E-05
27.6 0.0001223286077 -4.132723233E-05
27.8 0.0001256879763 -2.480683743E-05
28 0.0001290501906 -5.790713681E-05
28.2 0.0001324152542 -3.310381356E-05
28.4 0.0001357831708 -3.311784655E-05
28.6 0.000139153944 -4.141486429E-05
28.8 0.0001425275774 -6.629189648E-05
29 0.0001392720713 -2.487001273E-05
29.2 0.0001393312102 4.146762208E-05
29.4 0.0001427092184 -2.489114274E-05
29.6 0.0001560507862 -8.300573736E-06
29.8 0.0001594387755 5.812872024E-05
30 0.000162829647 -2.492290515E-05
30.2 0.0001695478723 -4.155585106E-05
30.4 0.0001762718178 -1.662941677E-05
30.6 0.0001796741908 -4.159124787E-05
30.8 0.0001797507456 -6.657435023E-05
31 0.0001798273657 -4.995204604E-05
31.2 0.0001832356077 8.328891258E-06
31.4 0.0001866467577 2.499733362E-05
31.6 0.0001833920188 -1.667200171E-05
31.8 0.0001801345004 -2.501868061E-05
32 0.00017353695 -5.005873558E-05
32.2 0.0001669337607 -5.842681624E-05
32.4 0.0001603249252 -4.17512826E-05
32.6 0.0001537104363 -2.506148417E-05
32.8 0.0001504332478 4.178701326E-05
33 0.0001538420377 4.180490154E-05
33.2 0.0001572537473 -1.672912206E-05
33.4 0.0001539738646 -8.368144816E-06
33.6 0.0001439937848 2.511519503E-05
33.8 0.0001407054031 8.375321612E-06
34 0.0001374141999 -5.86524024E-05
34.2 0.0001240611588 -1.676502146E-05
34.4 0.0001174055389 3.354443967E-05
34.6 0.0001208118557 -8.389712199E-06
34.8 0.0001242211001 -8.393317576E-06
35 0.0001242745056 -2.519077816E-05
35.2 0.0001209677419 -1.680107527E-05
35.4 0.0001243814544 2.521245697E-05
35.6 0.000134524322 -3.36310805E-05
35.8 0.0001413113695 -4.205695521E-05
36 0.0001413722533 5.049009048E-05
36.2 0.0001448006466 8.418642241E-05
36.4 0.0001381252695 5.053363519E-05
36.6 0.00014155522 7.583315358E-05
36.8 0.0001449881312 6.743634009E-05
37 0.0001484240069 4.216591105E-05
37.2 0.000151862851 8.436825054E-05
37.4 0.0001553046672 6.752376837E-05
37.6 0.0001519941634 3.377648076E-05
37.8 0.0001453016869 5.913440744E-05
38 0.0001419839896 7.606285158E-05
38.2 0.0001420454545 5.918560606E-05
38.4 0.0001421069727 5.075249026E-05
38.6 0.0001421685442 2.538724003E-05
38.8 0.0001456166016 -2.539824447E-05
39 0.0001389039462 8.469752819E-06
39.2 0.0001389642082 7.626084599E-05
39.4 0.0001356336806 4.238552517E-05
39.6 0.0001255156318 2.544235779E-05
39.8 0.0001221763684 8.484470026E-06
40 0.0001222294654 4.244078661E-05
40.2 0.0001188858696 5.095108696E-05
40.4 0.0001189375816 -8.49554154E-06
40.6 0.0001121899478 1.699847694E-05
40.8 0.0001088376143 2.550881585E-05
41 0.0001054823606 -8.506641986E-06
41.2 0.000102124183 1.702069717E-05
41.4 0.000102168701 1.702811683E-05
41.6 9.880614915E-05 2.555331444E-05
41.8 9.544066318E-05 1.704297557E-05
42 9.548232213E-05 -3.410082933E-05
42.2 9.552401747E-05 -5.117358079E-05
42.4 9.556574924E-05 -1.706531236E-05
42.6 9.219296329E-05 8.53638549E-06
42.8 8.540118059E-05 -5.978082641E-05
43 8.885608049E-05 -4.271926947E-05
43.2 9.231400438E-05 2.564277899E-05
43.4 9.235442207E-05 -1.710267075E-05
43.6 9.581690758E-05 -5.13304862E-05
43.8 9.92824277E-05 -7.702946976E-05
44 9.590092065E-05 -5.13754932E-05
44.2 9.251644737E-05 -1.713267544E-05
44.4 9.255704256E-05 -1.714019307E-05
44.6 8.916812994E-05 -4.286929324E-05
44.8 8.920729029E-05 -9.435386473E-05
45 8.581392794E-05 -7.723253515E-05
45.2 8.241758242E-05 -1.717032967E-05
45.4 7.55826737E-05 3.435576077E-05
45.6 7.561592609E-05 5.155631324E-05
45.8 7.564920775E-05 8.59650088E-06
46 7.568251871E-05 -5.160171731E-05
46.2 7.571585903E-05 -3.441629956E-05
46.4 7.91923755E-05 -2.582360071E-05
46.6 7.922729277E-05 -3.444664903E-05
46.8 7.581605646E-05 -1.723092192E-05
47 7.584951456E-05 8.619263019E-06
47.2 7.588300221E-05 -2.58692053E-05
47.4 7.936727032E-05 -2.588063163E-05
47.6 7.940234202E-05 -4.315344675E-05
47.8 8.289124668E-05 -0.0001036140584
48 8.292790801E-05 -0.0001295748563
48.2 7.605088496E-05 -8.642146018E-05
48.4 6.916777335E-05 -1.729194334E-05
48.6 6.22785651E-05 -6.054860496E-05
48.8 6.576761187E-05 -6.922906513E-05
49 6.579676418E-05 -2.597240691E-05
49.2 6.582594235E-05 -4.330654102E-05
49.4 6.585514641E-05 -0.0001039818101
49.6 6.935197514E-05 -0.0001040279627
49.8 6.591363233E-05 -6.070992451E-05
50 6.247223456E-05 -4.338349622E-05
50.2 5.902777778E-05 -8.680555556E-06
50.4 5.558025789E-05 1.736883059E-05
50.6 4.865435943E-05 -1.737655694E-05
50.8 4.519915443E-05 -4.346072541E-05
51 4.174087266E-05 -5.217609083E-05
51.2 3.827951002E-05 -8.699888641E-05
51.4 3.481506239E-05 -8.703765597E-05
51.6 3.483058404E-05 -0.0001219070441
51.8 3.136150758E-05 -5.22691793E-05
52 2.091700134E-05 -3.48616689E-05
52.2 2.44140625E-05 -0.0001307896205
52.4 2.44249665E-05 -6.106241626E-05
52.6 2.792672029E-05 -4.363550045E-05
52.8 3.492400536E-05 -9.604101475E-05
53 3.843358676E-05 -6.114434258E-05
53.2 3.145973154E-05 -6.117170022E-05
53.4 3.147381379E-05 -6.119908236E-05
53.6 2.798925213E-05 -5.247984774E-05
53.8 2.800179211E-05 -4.375280018E-05
54 2.801434334E-05 -3.501792918E-05
54.2 3.153026906E-05 -8.758408072E-05
54.4 3.154441454E-05 -7.009869897E-05
54.6 2.805206463E-05 -6.136389138E-05
54.8 3.15727436E-05 -6.139144589E-05
55 3.50965858E-05 -9.137543194E-22
55.2 3.511235955E-05 8.778089888E-06
55.4 3.512814748E-05 -8.782036871E-06
55.6 3.514394962E-05 8.785987404E-06
55.8 2.812781278E-05 -1.405266542E-21
56 2.46229176E-05 1.758779829E-05
56.2 2.463400901E-05 5.278716216E-05
56.4 2.112438035E-05 3.520730059E-05
56.6 1.761158702E-05 1.761158702E-05
56.8 2.114343708E-05 1.76195309E-05
57 2.115297834E-05 4.406870487E-05
57.2 1.410835214E-05 3.527088036E-05
57.4 1.058604336E-05 -2.64651084E-05
57.6 1.059082693E-05 1.097430125E-21
57.8 1.059561483E-05 3.531871609E-05
58 1.413387607E-05 -8.833672546E-06
58.2 2.121040724E-05 -2.651300905E-05
58.4 2.475667723E-05 -3.536668176E-05
58.6 2.122961957E-05 -5.307404891E-05
58.8 1.769936565E-05 -1.443557292E-20
59 1.062443336E-05 2.656108341E-05
59.2 7.0861678E-06 2.657312925E-05
59.4 3.54469147E-06 6.203210073E-05
59.6 3.546300499E-06 1.77315025E-05
59.8 7.09582198E-06 8.869777475E-06
60 1.064856883E-05 4.43690368E-05
60.2 1.775568182E-05 4.438920455E-05
60.4 2.13165075E-05 8.881878126E-06
60.6 2.488057325E-05 -8.885919017E-06
60.8 2.844788348E-05 4.444981793E-05
61 2.846083789E-05 3.557604736E-05
61.2 2.84738041E-05 8.898063781E-06
61.4 3.20476299E-05 2.670635825E-05
61.6 3.20622435E-05 2.671853625E-05
61.8 3.564096715E-05 6.237169252E-05
62 3.565723414E-05 8.022877681E-05
62.2 3.210616438E-05 3.567351598E-05
62.4 3.925879397E-05 1.784490635E-05
62.6 4.284734918E-05 1.785306216E-05
62.8 4.286694102E-05 1.230998309E-20
63 5.360818847E-05 1.786939616E-05
63.2 5.363272311E-05 3.575514874E-05
63.4 5.365728022E-05 -2.682864011E-05
63.6 6.083944114E-05 -4.473488319E-05
63.8 6.444775435E-05 -8.951076994E-06
64 6.447730399E-05 -5.393328963E-21
64.2 7.167431193E-05 2.687786697E-05
64.4 7.170720514E-05 2.927446224E-20
64.6 7.532713499E-05 -3.587006428E-05
64.8 7.895039045E-05 -1.794327056E-05
65 8.25769761E-05 8.975758272E-06
65.2 8.620689655E-05 8.979885057E-06
65.4 8.984015639E-05 -4.49200782E-05
65.6 9.347676024E-05 -5.392890014E-05
65.8 0.000100713628 -5.395372928E-05
66 0.0001043585905 -6.297501152E-05
66.2 0.000104406682 -2.700172811E-05
66.4 0.0001044548179 -1.800945136E-05
66.6 0.0001081065498 -1.80177583E-05
66.8 0.0001081564375 -2.561659032E-21
67 0.0001082063712 -9.017197599E-06
67.2 0.000108256351 -4.510681293E-05
67.4 0.0001119165896 -4.512765712E-05
67.6 0.0001155802127 -1.805940823E-05
67.8 0.0001156336725 -1.806776133E-05
68 0.0001193024063 -1.807612217E-05
68.2 0.000122974537 -1.808449074E-05
68.4 0.0001230314961 2.360768151E-21
68.6 0.0001267087581 -9.050625579E-06
68.8 0.0001303894298 -9.054821511E-06
69 0.0001340735158 -1.811804267E-05
69.2 0.0001341357309 -4.531612529E-05
69.4 0.0001378249768 -9.067432683E-06
69.6 0.0001378889921 1.814328843E-05
69.8 0.0001306923792 2.597988018E-20
70 0.0001343851697 -9.080079033E-06
70.2 0.0001308139535 -2.725290698E-05
70.4 0.0001272394137 -4.544264774E-05
70.6 0.0001309357542 9.092760708E-06
70.8 0.0001273579413 4.548497904E-05
71 0.000127417288 9.101234856E-06
71.2 0.0001238344988 -1.821095571E-05
71.4 0.0001202483675 1.821944963E-05
71.6 0.0001130132991 1.822795147E-05
71.8 0.0001130660598 2.735469188E-05
72 0.0001058208781 -9.122489491E-06
72.2 0.000113171729 -6.388726636E-05
72.4 0.0001132246377 -9.131019168E-06
72.6 0.0001096234799 -3.654115996E-05
72.8 0.0001133306036 -4.569782405E-05
73 0.0001097261236 1.828768727E-05
73.2 0.0001024590164 1.829625293E-05
73.4 9.518509841E-05 -4.437546368E-21
73.6 9.156704173E-05 -1.831340835E-05
73.8 8.794559099E-05 -5.496599437E-05
74 8.798686063E-05 -2.749589395E-05
74.2 8.069248826E-05 1.833920188E-05
74.4 7.706082668E-05 -9.173907938E-06
74.6 7.709703947E-05 -9.178218985E-06
74.8 8.080629995E-05 2.754760226E-05
75 8.084430856E-05 -1.553177814E-20
75.2 8.088235294E-05 7.417955608E-21
75.4 7.724223164E-05 1.839100753E-05
75.6 7.359868111E-05 -1.839967028E-05
75.8 6.627002828E-05 -6.442919416E-05
76 6.261786893E-05 -4.604255068E-05
76.2 6.633254717E-05 1.770394703E-20
76.4 5.899008966E-05 -9.21720151E-06
76.6 5.532932011E-05 -2.766466006E-05
76.8 5.904581956E-05 -9.225909306E-06
77 6.645793951E-05 -1.938165335E-21
77.2 7.387706856E-05 9.23463357E-06
77.4 7.760761589E-05 1.847800378E-05
77.6 7.394699479E-05 9.243374349E-06
77.8 7.02829072E-05 9.247750947E-06
78 6.661534818E-05 9.252131691E-06
78.2 7.034952607E-05 -9.256516588E-06
78.4 7.038288288E-05 -3.704362257E-05
78.6 7.041627135E-05 -9.265298861E-06
78.8 6.30339345E-05 9.269696251E-06
79 6.306386515E-05 -9.274097816E-06
79.2 6.309382423E-05 -9.278503563E-06
79.4 7.055014259E-05 3.713165399E-05
79.6 6.686875892E-05 3.714931051E-05
79.8 6.690057088E-05 -9.291745956E-06
80 7.065088053E-05 -1.859233698E-05
80.2 7.068452381E-05 -2.790178571E-05
80.4 7.071819914E-05 9.305026203E-06
80.6 7.075190658E-05 3.723784557E-05
80.8 7.078564616E-05 3.725560324E-05
81 7.081941794E-05 3.727337786E-05
81.2 7.085322196E-05 2.796837709E-05
81.4 7.088705826E-05 2.798173352E-05
81.6 7.09209269E-05 1.852950237E-20
81.8 7.095482792E-05 -9.336161568E-06
82 7.098876136E-05 -9.340626495E-06
82.2 6.7284689E-05 -1.816050214E-20
82.4 6.357707037E-05 2.804870752E-05
82.6 5.986590038E-05 2.976294196E-20
82.8 5.615117393E-05 -4.679264494E-05
83 5.617809204E-05 -3.745206136E-05
83.2 5.620503597E-05 -1.873501199E-05
83.4 5.623200576E-05 -1.874400192E-05
83.6 5.250840134E-05 -1.875300048E-05
83.8 4.878121998E-05 -1.562787187E-20
84 4.505045651E-05 -1.877102355E-05
84.2 4.8828125E-05 -4.695012019E-05
84.4 4.885161135E-05 1.71605561E-20
84.6 4.887512031E-05 2.819718479E-05
84.8 5.642152143E-05 2.821076071E-05
85 5.644869942E-05 -9.40811657E-06
85.2 5.647590361E-05 -1.88253012E-05
85.4 5.273625844E-05 2.825156702E-05
85.6 6.029908345E-05 2.826519537E-05
85.8 6.032818533E-05 3.770511583E-05
86 6.412964751E-05 2.829249155E-05
86.2 6.416062802E-05 -2.830615942E-05
86.4 7.551957467E-05 -3.775978734E-05
86.6 8.311170213E-05 1.707637682E-20
86.8 8.69315433E-05 9.449080793E-06
87 8.319215876E-05 -9.453654405E-06
87.2 7.944915254E-05 -2.837469734E-05
87.4 7.948764535E-05 -1.892562984E-05
87.6 7.573921474E-05 -1.893480368E-05
87.8 7.19871484E-05 -1.134506809E-21
88 6.823144105E-05 -4.054221097E-21
88.2 6.447208738E-05 -9.48118932E-06
88.4 6.070908208E-05 1.897158815E-05
88.6 5.694241983E-05 1.898080661E-05
88.8 5.697010209E-05 -1.612902909E-20
89 5.31979572E-05 -9.499635214E-06
89.2 5.322384428E-05 4.494605286E-22
89.4 4.944620253E-05 9.508885102E-06
89.6 4.566488066E-05 -1.902703361E-05
89.8 4.56871345E-05 -4.759076511E-05
90 4.951852755E-05 -2.856838128E-05
90.2 5.335365854E-05 -1.905487805E-05
90.4 5.719253294E-05 6.093750228E-21
90.6 5.722045898E-05 -1.907348633E-05
90.8 6.106497313E-05 -2.862420616E-05
91 6.491324536E-05 -3.818426197E-05
91.2 6.876528117E-05 -4.775366748E-05
91.4 7.262108611E-05 -1.358442114E-20
91.6 7.648066569E-05 -3.824033284E-05
91.8 8.034402547E-05 -7.651811949E-05
92 8.421117099E-05 -9.569451249E-06
92.2 8.425245098E-05 2.872242647E-05
92.4 8.429377146E-05 -2.8736513E-05
92.6 8.433513248E-05 -2.875061335E-05
92.8 8.437653412E-05 9.588242514E-06
93 8.441797642E-05 2.87788556E-05
93.2 8.445945946E-05 1.91953317E-05
93.4 8.450098328E-05 9.602384464E-06
93.6 8.069970487E-05 1.921421545E-05
93.8 8.073941929E-05 9.61183563E-06
94 8.46258001E-05 1.923313639E-05
94.2 8.081896552E-05 9.621305419E-06
94.4 7.700837851E-05 1.488303752E-20
94.6 7.319403353E-05 -1.926158777E-05
94.8 7.708436112E-05 -1.927109028E-05
95 6.941016782E-05 2.921857845E-21
95.2 6.558641975E-05 9.645061728E-06
95.4 6.175889328E-05 9.649827075E-06
95.6 6.178942165E-05 1.930919427E-05
95.8 5.795623145E-05 9.659371909E-06
96 5.41192479E-05 -1.932830282E-05
96.2 5.027846535E-05 1.933787129E-05
96.4 4.643387816E-05 2.902117385E-05
96.6 4.258548067E-05 -9.678518335E-06
96.8 3.873326723E-05 9.683316807E-06
97 3.487723214E-05 2.906436012E-05
97.2 3.101736973E-05 3.877171216E-05
97.4 2.715367428E-05 5.818644489E-05
97.6 2.328614009E-05 7.762046696E-05
97.8 1.941476143E-05 2.912214215E-05
98 1.553953257E-05 -9.712207857E-06
98.2 1.166044776E-05 -1.40235619E-20
98.4 1.166625187E-05 -3.888750622E-05
98.6 7.781374502E-06 -1.945343625E-05
98.8 3.89262581E-06 1.946312905E-05
99 0 -9.736415753E-06
99.2 0 -2.922381546E-05
99.4 0 -3.898453094E-05
99.6 0 -7.800798802E-05
99.8 0 -4.877934565E-05
100 0 -7.96519135E-21
100.2 0 -9.765625E-06
100.4 0 -1.922935862E-20
100.6 0 -1.95508008E-05
100.8 0 -4.890147722E-05
101 0 -9.785195391E-06
101.2 0 -3.926563134E-20
101.4 0 9.79501003E-06
101.6 0 4.899962368E-05
101.8 0 1.960968876E-05
102 0 1.961953792E-05
102.2 0 2.944409548E-05
102.4 0 2.945889894E-05
102.6 0 6.877200704E-05
102.8 0 3.931806744E-05
103 0 -1.613528506E-20
103.2 3.935768262E-06 1.967884131E-05
103.4 7.875504032E-06 4.92219002E-05
103.6 1.181921331E-05 1.969868886E-05
103.8 1.576690212E-05 1.210764509E-20
104 1.971857648E-05 -9.871778457E-21
104.2 1.972853535E-05 -2.959280303E-05
104.4 2.368620515E-05 -2.960775644E-05
104.6 2.764787664E-05 9.874241658E-06
104.8 2.371016692E-05 -1.975847243E-05
105 1.976847166E-05 -1.976847166E-05
105.2 1.977848101E-05 4.944620253E-05
105.4 1.583080041E-05 6.925975177E-05
105.6 1.187911809E-05 3.959706031E-05
105.8 1.584685598E-05 9.90428499E-06
106 1.585489599E-05 8.150436766E-23
106.2 1.586294416E-05 -1.831785056E-20
106.4 1.983875063E-05 -1.983875063E-05
106.6 2.381859756E-05 -1.98488313E-05
106.8 2.383070666E-05 9.929461108E-06
107 2.384282808E-05 9.934511699E-06
107.2 2.385496183E-05 1.987913486E-05
107.4 1.988925662E-05 3.440015802E-21
107.6 1.591951095E-05 1.471388698E-20
107.8 1.194571865E-05 1.990953109E-05
108 7.967873534E-06 1.991968383E-05
108.2 3.985969388E-06 9.964923469E-06
108.4 0 9.970010209E-06
108.6 0 2.992530644E-05
108.8 0 4.990099642E-05
109 0 3.994120654E-05
109.2 0 -9.990409207E-06
109.4 0 -1.999104401E-05
109.6 0 1.000064004E-05
109.8 0 -2.185778258E-20
110 4.00435674E-06 -4.00435674E-05
110.2 0 -2.003205128E-05
110.4 0 2.00423294E-05
110.6 0 3.00789271E-05
110.8 0 1.003145865E-05
111 0 -1.003661357E-05
111.2 0 -2.008354756E-05
111.4 0 2.00938786E-05
111.6 0 3.015633042E-05
111.8 0 -4.022914521E-05
112 0 -3.01874034E-05
112.2 4.027061856E-06 2.013530928E-05
112.4 0 2.014569366E-05
112.6 0 1.007804438E-05
112.8 0 2.016649458E-05
113 0 3.026536674E-05
113.2 0 2.01873385E-05
113.4 0 2.019777663E-05
113.6 0 3.031233833E-05
113.8 0 1.010934265E-05
114 0 1.011457794E-05
114.2 0 2.023963731E-05
114.4 0 4.05002592E-05
114.6 0 4.052126556E-05
114.8 0 2.027114686E-05
115 0 2.028167186E-05
115.2 0 5.073051948E-05
115.4 0 8.121101871E-05
115.6 4.062662507E-06 6.09399376E-05
115.8 8.129552549E-06 1.016194069E-05
116 1.220067673E-05 -3.050169183E-05
116.2 1.220703125E-05 -2.034505208E-05
116.4 2.035565399E-05 3.053348098E-05
116.6 2.036626694E-05 5.091566736E-05
116.8 2.037689098E-05 1.018844549E-05
117 2.03875261E-05 -2.03875261E-05
117.2 2.039817232E-05 -1.019908616E-05
117.4 2.040882968E-05 -4.318508315E-20
117.6 1.633559854E-05 1.020974909E-05
117.8 1.634414226E-05 1.021508891E-05
118 1.635269492E-05 -1.022043433E-05
118.2 1.636125654E-05 -2.045157068E-05
118.4 1.636982713E-05 1.023114196E-05
118.6 1.228380503E-05 1.023650419E-05
118.8 2.04837441E-05 2.623579083E-21
119 2.049449108E-05 2.049449108E-05
119.2 2.460629921E-05 5.000926942E-21
119.4 2.872242647E-05 -1.025800945E-05
119.6 3.284287966E-05 1.026339989E-05
119.8 4.107518402E-05 -1.0268796E-05
120 4.520647028E-05 -2.054839558E-05
120.2 5.345394737E-05 -2.055921053E-05
120.4 5.759610321E-05 -2.057003686E-05
120.6 6.585879874E-05 1.02904373E-05
120.8 6.589351608E-05 -2.135423269E-20
121 7.004878692E-05 -3.090387658E-05
121.2 7.008575198E-05 -7.214709763E-05
121.4 7.012275607E-05 -6.187302006E-05
121.6 7.015979926E-05 2.063523508E-05
121.8 7.432610994E-05 6.193842495E-05
122 7.849682708E-05 -1.032852988E-05
122.2 8.680555556E-05 -5.166997354E-05
122.4 9.098729487E-05 -2.067893065E-05
122.6 9.517346398E-05 -2.068988347E-05
122.8 9.522390037E-05 -2.070084791E-05
123 9.941675504E-05 -1.035591198E-05
123.2 0.0001036140584 -1.036140584E-05
123.4 0.0001078158174 2.073381104E-05
123.6 0.0001120220393 -3.111723314E-05
123.8 0.0001162327311 -8.302337938E-05
124 0.0001162945242 -2.076687932E-05
124.2 0.000116356383 -2.077792553E-05
124.4 0.0001164183076 -7.276144226E-05
124.6 0.0001123202875 -9.360023962E-05
124.8 0.0001123801279 -6.243340437E-05
125 0.0001082755864 -1.230743427E-20
125.2 0.0001083333333 1.041666667E-05
125.4 0.0001083911419 -1.042222519E-05
125.6 0.0001126201281 -8.696142297E-21
125.8 0.0001126802885 -1.043336004E-05
126 0.0001127405131 -2.08778728E-05
126.2 0.0001128008021 -2.088903743E-05
126.4 0.0001128611557 -2.090021402E-05
126.6 0.0001171038544 -3.136710385E-05
126.8 0.0001171665774 -2.092260311E-05
127 0.0001172293676 -1.046690782E-05
127.2 0.0001172922252 3.510046335E-21
127.4 0.0001173551502 1.047813841E-05
127.6 0.0001174181428 -1.048376275E-05
127.8 0.0001132854458 1.226603322E-20
128 0.0001133463192 1.049502955E-05
128.2 0.0001050067204 1.050067204E-05
128.4 9.665814954E-05 1.05063206E-05
128.6 9.250538213E-05 1.051197524E-05
128.8 9.255519655E-05 2.103527194E-05
129 9.681438578E-05 -1.05233028E-05
129.2 9.265498652E-05 -2.105795148E-05
129.4 8.849110032E-05 1.05346548E-05
129.6 8.010658392E-05 2.108067998E-05
129.8 7.593142549E-05 1.054603132E-05
130 7.175175581E-05 -1.05517288E-05
130.2 7.179054054E-05 -4.391005034E-21
130.4 6.760411033E-05 3.168942672E-05
130.6 6.341314935E-05 3.170657468E-05
130.8 5.921765024E-05 3.17237412E-05
131 5.924972914E-05 5.290154388E-05
131.2 5.504742547E-05 5.29302168E-05
131.4 5.931399132E-05 4.236713666E-05
131.6 5.934617472E-05 4.23901248E-05
131.8 5.937839305E-05 2.120656895E-05
132 5.516702879E-05 4.243617599E-05
132.2 5.095108696E-05 6.36888587E-05
132.4 4.673056009E-05 3.186174551E-05
132.6 4.25054407E-05 4.25054407E-05
132.8 3.827572128E-05 6.379286881E-05
133 3.404139434E-05 2.127587146E-05
133.2 2.980245232E-05 -1.064373297E-05
133.4 2.555888768E-05 1.064953653E-05
133.6 2.131069285E-05 5.327673213E-05
133.8 1.705786026E-05 7.462813865E-05
134 1.706717641E-05 4.266794102E-05
134.2 1.707650273E-05 4.269125683E-05
134.4 1.708583926E-05 6.407189721E-05
134.6 1.28213895E-05 7.479143873E-05
134.8 8.552271483E-06 6.414203612E-05
135 1.283543264E-05 1.069619387E-05
135.2 2.140410959E-05 -1.901066823E-21
135.4 3.426535088E-05 3.212376645E-05
135.6 4.285518376E-05 4.285518376E-05
135.8 4.716657519E-05 1.90419701E-21
136 5.577292696E-05 -3.217668863E-05
136.2 6.868131868E-05 -3.219436813E-05
136.4 8.160390324E-05 -5.368677845E-05
136.6 9.024339934E-05 -6.445957096E-05
136.8 0.0001031920748 -5.374587232E-05
137 0.0001075509361 -4.302037445E-05
137.2 0.0001119146006 -4.304407713E-05
137.4 0.0001205898567 -3.230085447E-05
137.6 0.0001292746828 -5.386445119E-05
137.8 0.0001379690949 -6.467301325E-05
138 0.0001423591938 -5.392393705E-05
138.2 0.0001424378453 -3.237223757E-05
138.4 0.0001468352681 -1.150728674E-20
138.6 0.0001469164823 -2.160536504E-05
138.8 0.0001513212507 -3.242598229E-05
139 0.0001470791805 -4.32585825E-05
139.2 0.0001514889197 -5.41031856E-05
139.4 0.0001515728936 -4.330654102E-05
139.6 0.0001516569606 -5.416320022E-05
139.8 0.000151741121 -6.503190899E-05
140 0.0001561632426 -7.59126874E-05
140.2 0.00015625 -4.340277778E-05
140.4 0.0001563368538 3.257017788E-05
140.6 0.0001520786986 4.345105673E-05
140.8 0.0001478158041 1.086880913E-05
141 0.0001478981069 2.17497216E-05
141.2 0.0001436281337 2.176183844E-05
141.4 0.000143708194 3.266095318E-05
141.6 0.000139431121 4.357222532E-05
141.8 0.0001307896205 2.179827009E-05
142 0.0001265005583 2.181044109E-05
142.2 0.0001265712291 -3.876477041E-21
142.4 0.0001310089435 -1.091741196E-05
142.6 0.0001310822148 -1.09235179E-05
142.8 0.0001355274203 -2.185926133E-05
143 0.0001356033035 1.093575028E-05
143.2 0.0001356792717 2.18837535E-05
143.4 0.0001401345291 -2.189602018E-05
143.6 0.0001445947841 -1.095415031E-05
143.8 0.000140291807 1.096029742E-05
144 0.0001359839978 -1.096645143E-05
144.2 0.0001272823034 1.097261236E-05
144.4 0.0001185708263 5.489390107E-05
144.6 0.0001010615861 5.492477503E-05
144.8 9.232554868E-05 4.396454699E-05
145 8.357967342E-05 2.19946509E-05
145.2 7.922535211E-05 1.100352113E-05
145.4 7.046223224E-05 4.403889515E-05
145.6 7.050197406E-05 2.203186689E-05
145.8 6.613290068E-05 -1.102215011E-05
146 5.734754376E-05 -3.30851214E-05
146.2 6.179378531E-05 -2.206920904E-05
146.4 6.182871679E-05 1.96124757E-21
146.6 6.186368778E-05 4.418834842E-05
146.8 5.305602716E-05 6.632003396E-05
147 4.423839185E-05 1.105959796E-05
147.2 3.541076487E-05 1.965692324E-21
147.4 3.100198413E-05 1.770125996E-20
147.6 2.658820193E-05 1.107841747E-05
147.8 2.216940976E-05 -1.108470488E-05
148 1.774559909E-05 -1.109099943E-05
148.2 1.775568182E-05 3.329190341E-05
148.4 1.332433201E-05 5.551805003E-05
148.6 8.887940842E-06 4.443970421E-05
148.8 8.892999431E-06 1.111624929E-05
149 8.898063781E-06 3.336773918E-05
149.2 8.903133903E-06 5.564458689E-05
149.4 8.908209806E-06 2.227052452E-05
149.6 8.9132915E-06 2.228322875E-05
149.8 8.918378995E-06 3.960555881E-21
150 1.338520845E-05 -3.346302113E-05
150.2 4.464285714E-06 -3.348214286E-05
150.4 4.466838193E-06 -2.233419097E-05
150.6 4.469393593E-06 3.969618938E-21
150.8 4.471951918E-06 1.191567356E-20
151 4.474513173E-06 -5.593141466E-05
151.2 4.477077364E-06 -0.0001007342407
151.4 4.479644495E-06 -0.0001007920011
151.6 4.482214573E-06 -4.482214573E-05
151.8 4.4847876E-06 -4.4847876E-05
152 4.487363584E-06 -4.487363584E-05
152.2 4.489942529E-06 1.122485632E-05
152.4 0 -1.12313111E-05
152.6 0 1.12377733E-05
152.8 0 1.124424295E-05
153 0 -1.125072005E-05
153.2 0 2.251440922E-05
153.4 0 -1.126369666E-05
153.6 0 -6.762117715E-05
153.8 0 -2.255340647E-05
154 0 -1.128321779E-05
154.2 0 -3.386921965E-05
154.4 0 3.388880856E-05
154.6 0 3.390842014E-05
154.8 0 3.013416577E-20
155 0 5.657951912E-05
155.2 0 7.925724638E-05
155.4 0 4.531612529E-05
155.6 0 3.40068195E-05
155.8 0 4.536875726E-05
156 0 3.404633934E-05
156.2 4.542151163E-06 -1.135537791E-05
156.4 4.544793485E-06 -1.136198371E-05
156.6 4.547438882E-06 5.684298603E-05
156.8 4.550087362E-06 0.000113752184
157 4.552738928E-06 0.0001024366259
157.2 4.555393586E-06 3.41654519E-05
157.4 4.558051342E-06 -9.831985114E-21
157.6 4.560712201E-06 6.841068301E-05
157.8 0 0.0001140844042
158 4.56604325E-06 0.0001027359731
158.2 4.56871345E-06 6.853070175E-05
158.4 4.571386776E-06 6.857080164E-05
158.6 4.574063232E-06 8.004610656E-05
158.8 4.576742824E-06 5.72092853E-05
159 9.158851114E-06 0.0001144856389
159.2 1.374633431E-05 0.0001030975073
159.4 1.833920188E-05 5.731000587E-05
159.6 2.29374633E-05 6.88123899E-05
159.8 2.754112808E-05 1.147547004E-05
160 3.67430923E-05 -4.592886537E-05
160.2 4.595588235E-05 -1.148897059E-05
160.4 4.598293114E-05 1.149573278E-05
160.6 5.061101296E-05 5.751251472E-05
160.8 5.064083677E-05 4.603712434E-05
161 4.606426887E-05 3.454820165E-05
161.2 4.609144543E-05 5.761430678E-05
161.4 4.611865407E-05 4.611865407E-05
161.6 4.153130538E-05 4.614589486E-05
161.8 3.232121749E-05 1.31470481E-21
162 2.310023655E-05 2.310023655E-05
162.2 1.38683432E-05 6.934171598E-05
162.4 9.251036116E-06 3.469138544E-05
162.6 1.388477488E-05 -8.099452014E-05
162.8 1.389300533E-05 -9.262003557E-05
163 9.267497034E-06 -2.316874259E-05
163.2 0 -2.318249258E-05
163.4 4.639251781E-06 -3.479438836E-05
163.6 9.284016637E-06 -2.321004159E-05
163.8 1.39343044E-05 -6.9671522E-05
164 2.323765616E-05 -8.133179655E-05
164.2 2.790178571E-05 -3.487723214E-05
164.4 2.791840381E-05 -5.816334127E-05
164.6 3.2590882E-05 -9.311680572E-05
164.8 3.726893262E-05 -0.000104818873
165 3.729116945E-05 -8.157443317E-05
165.2 3.731343284E-05 -4.664179104E-05
165.4 3.733572282E-05 -3.500224014E-05
165.6 4.202779438E-05 2.695924111E-20
165.8 3.738038278E-05 -2.282530889E-20
166 4.207809695E-05 -4.675344105E-05
166.2 4.210329341E-05 -5.847679641E-05
166.4 3.74475734E-05 -7.021420012E-05
166.6 3.747002398E-05 -4.683752998E-05
166.8 4.686562687E-05 -2.343281344E-05
167 5.158313325E-05 -1.172343938E-05
167.2 4.692192192E-05 -3.519144144E-05
167.4 5.164513221E-05 -4.695012019E-05
167.6 4.697835238E-05 -3.523376428E-05
167.8 3.760529483E-05 -4.700661853E-05
168 2.822095123E-05 -1.175872968E-05
168.2 2.823795181E-05 -2.54131105E-20
168.4 2.354581073E-05 -5.886452682E-05
168.6 1.884800965E-05 -5.890003016E-05
168.8 1.885938443E-05 -3.536134581E-05
169 1.887077295E-05 -1.087419812E-20
169.2 9.441087613E-06 -1.180135952E-05
169.4 1.417019347E-05 -2.361698912E-05
169.6 2.363127647E-05 1.181563823E-05
169.8 2.364558111E-05 2.364558111E-05
170 2.839188371E-05 2.365990309E-05
170.2 3.314393939E-05 -2.367424242E-05
170.4 3.316403881E-05 -2.368859915E-05
170.6 3.318416262E-05 -1.185148665E-05
170.8 3.794778385E-05 -2.371736491E-05
171 3.79708384E-05 -3.5597661E-05
171.2 4.274316109E-05 -2.374620061E-05
171.4 5.227341849E-05 1.188032238E-05
171.6 5.230523433E-05 1.188755326E-05
171.8 5.233708892E-05 3.568437881E-05
172 5.236898233E-05 4.760816575E-05
172.2 5.240091463E-05 -2.312533733E-20
172.4 5.71995119E-05 1.191656498E-05
172.6 5.246489621E-05 2.38476801E-05
172.8 5.726939524E-05 2.386224801E-05
173 5.252903423E-05 1.193841687E-05
173.2 5.256116208E-05 -1.194571865E-05
173.4 5.259332925E-05 -1.195302938E-05
173.6 5.740967544E-05 1.196034905E-05
173.8 5.744485294E-05 2.678674713E-20
174 6.227007971E-05 -5.987507664E-05
174.2 6.230828221E-05 -5.991180982E-05
174.4 6.234653161E-05 -3.596915285E-05
174.6 6.238482801E-05 -4.798832924E-05
174.8 6.72249539E-05 -4.801782422E-05
175 6.246156212E-05 -8.271947477E-21
175.2 5.769230769E-05 1.201923077E-05
175.4 5.772783251E-05 -2.405326355E-05
175.6 5.294978435E-05 -2.40680838E-05
175.8 4.816584464E-05 2.285445018E-20
176 3.855644664E-05 1.204888957E-05
176.2 2.893518519E-05 3.408697925E-20
176.4 2.412754787E-05 -3.61913218E-05
176.6 2.414245983E-05 -7.242737948E-05
176.8 2.415739023E-05 -3.623608534E-05
177 2.417233911E-05 1.208616955E-05
177.2 1.93498452E-05 -3.628095975E-05
177.4 1.936183395E-05 -4.840458488E-05
177.6 1.937383757E-05 -3.632594544E-05
177.8 1.938585608E-05 -4.84646402E-05
178 1.454841713E-05 -2.424736189E-05
178.2 9.704968944E-06 1.213121118E-05
178.4 9.711000622E-06 2.037806853E-20
178.6 4.8585199E-06 2.609018001E-20
178.8 0 -8.22246661E-21
179 0 -1.21614259E-05
179.2 4.867601246E-06 -1.216900312E-05
179.4 9.74127182E-06 -2.435317955E-05
179.6 1.462102308E-05 -1.21841859E-05
179.8 1.950686642E-05 2.84401705E-20
180 2.439881324E-05 -1.219940662E-05
180.2 2.44140625E-05 1.220703125E-05
180.4 2.442933083E-05 1.221466542E-05
180.6 2.444461827E-05 -1.222230914E-05
180.8 2.445992486E-05 1.222996243E-05
181 2.447525063E-05 2.447525063E-05
181.2 2.449059561E-05 1.224529781E-05
181.4 2.450595985E-05 1.225297992E-05
181.6 2.452134338E-05 3.678201507E-05
181.8 2.453674623E-05 2.453674623E-05
182 2.455216845E-05 1.870132904E-20
182.2 2.456761006E-05 -1.228380503E-05
182.4 2.458307111E-05 -2.947031417E-20
182.6 2.459855164E-05 1.229927582E-05
182.8 2.461405167E-05 -2.461405167E-05
183 2.462957125E-05 -3.694435687E-05
183.2 2.464511041E-05 -2.464511041E-05
183.4 2.466066919E-05 1.746166578E-21
183.6 2.467624763E-05 1.976397082E-21
183.8 2.469184576E-05 -2.469184576E-05
184 2.470746363E-05 -1.235373182E-05
184.2 2.472310127E-05 1.236155063E-05
184.4 1.979100697E-05 1.236937935E-05
184.6 1.98035488E-05 -4.02812093E-20
184.8 1.981610653E-05 -2.191443138E-20
185 1.98286802E-05 -9.196520339E-21
185.2 1.984126984E-05 1.240079365E-05
185.4 1.985387548E-05 2.481734435E-05
185.6 1.489987285E-05 2.483312142E-05
185.8 9.93956743E-06 2.484891858E-05
186 4.972947167E-06 3.729710376E-05
186.2 0 3.732085987E-05
186.4 0 4.97928617E-05
186.6 0 6.228077168E-05
186.8 0 1.246410338E-05
187 9.977650064E-06 -3.727480207E-20
187.2 1.497603834E-05 1.248003195E-05
187.4 1.498561381E-05 2.340625697E-20
187.6 1.499520154E-05 -2.499200256E-05
187.8 2.000640205E-05 -1.250400128E-05
188 1.501441384E-05 1.251201153E-05
188.2 1.001602564E-05 1.401403573E-20
188.4 1.002245029E-05 -1.252806286E-05
188.6 1.002888318E-05 1.612471242E-20
188.8 5.017662171E-06 2.508831085E-05
189 0 -2.510443445E-05
189.2 0 -3.768086817E-05
189.4 0 -1.256837194E-05
189.6 0 2.515292981E-05
189.8 0 5.03382732E-05
190 0 1.259268214E-05
190.2 0 -2.52016129E-05
190.4 0 -2.52178825E-05
190.6 0 2.523417313E-05
190.8 0 2.525048481E-05
191 0 -1.26334088E-05
191.2 0 -1.264158576E-05
191.4 0 1.264977332E-05
191.6 0 -1.265797148E-05
191.8 0 1.266618029E-05
192 0 7.604639844E-05
192.2 0 5.073051948E-05
192.4 0 2.446165905E-20
192.6 0 1.269912224E-05
192.8 0 1.270738452E-05
193 0 -8.623319144E-21
193.2 0 -1.272394137E-05
193.4 0 -1.273223598E-05
193.6 0 3.822162427E-05
193.8 0 3.824657311E-05
194 0 -1.917973075E-20
194.2 0 -5.10620915E-05
194.4 0 -6.386935906E-05
194.6 0 -3.834669503E-05
194.8 0 -1.279060249E-05
195 0 -1.279898427E-05
195.2 0 -2.56147541E-05
195.4 0 -1.281578084E-05
195.6 0 -2.564839133E-05
195.8 0 -3.849786465E-05
196 0 -2.568211703E-05
196.2 0 -3.854851974E-05
196.4 0 -1.285796577E-05
196.6 0 1.28664361E-05
196.8 0 -1.28749176E-05
197 0 -1.288341029E-05
197.2 0 1.289191419E-05
197.4 0 1.290042933E-05
197.6 0 -1.898112129E-20
197.8 0 -8.403603194E-21
198 0 -1.292604236E-05
198.2 0 -2.58692053E-05
198.4 0 -1.294317429E-05
198.6 0 -2.681990838E-20
198.8 0 2.592070338E-05
199 0 2.593791501E-05
199.2 0 1.297757475E-05
199.4 0 1.298620346E-05
199.6 0 1.299484365E-05
199.8 0 -2.600699068E-05
200 0 -5.204863424E-05
200.2 0 -2.604166667E-05
200.4 0 1.302951968E-05
200.6 0 3.911465287E-05
200.8 0 -1.215368729E-20
201 0 -1.91453317E-20
201.2 0 3.919314381E-05
201.4 0 2.614625167E-05
201.6 0 1.308188212E-05
201.8 0 3.92719504E-05
202 0 5.239771965E-05
202.2 0 2.621644295E-05
202.4 0 1.311702485E-05
202.6 0 3.937752016E-05
202.8 0 3.940400134E-05
203 0 3.943051817E-05
203.2 0 5.260942761E-05
203.4 0 3.948365903E-05
203.6 0 3.951028321E-05
203.8 0 3.953694332E-05
204 0 -5.849885763E-21
204.2 0 -1.319679054E-05
204.4 0 -1.320571332E-05
204.6 0 -1.321464817E-05
204.8 0 1.322359513E-05
205 0 8.440235128E-20
205.2 0 -2.648305085E-05
205.4 0 -3.975152646E-05
205.6 0 8.163026519E-21
205.8 0 1.326851223E-05
206 0 2.655506458E-05
206.2 0 2.657312925E-05
206.4 0 1.329560926E-05
206.6 0 2.660933243E-05
206.8 0 7.489527077E-21
207 0 2.664563438E-05
207.2 0 -4.056877366E-21
207.4 0 -1.334101776E-05
207.6 5.340054682E-06 -1.255463667E-21
207.8 5.34370725E-06 -1.335926813E-05
208 5.347364819E-06 5.032246312E-21
208.2 5.351027397E-06 4.239482545E-20
208.4 5.354694997E-06 -3.720481858E-21
208.6 0 -1.339591907E-05
208.8 0 -5.362045299E-05
209 0 -2.682864011E-05
209.2 0 5.369415808E-05
209.4 0 2.686554333E-05
209.6 0 1.846833774E-20
209.8 0 4.035382231E-05
210 0 5.384217781E-05
210.2 0 1.346982759E-05
210.4 5.391649413E-06 -5.391649413E-05
210.6 1.079074586E-05 -6.74421616E-05
210.8 1.079820318E-05 -1.349775397E-05
211 5.402835408E-06 4.052126556E-05
211.2 0 2.703287197E-05
211.4 0 -4.05773892E-05
211.6 1.082813583E-05 1.353516979E-05
211.8 1.625346741E-05 4.063366852E-05
212 1.62647467E-05 1.355395559E-05
212.2 1.085069444E-05 4.069010417E-05
212.4 1.628735233E-05 2.714558721E-05
212.6 2.173157163E-05 -1.358223227E-05
212.8 2.718336813E-05 -5.436673626E-05
213 2.720229805E-05 -2.720229805E-05
213.2 2.722125436E-05 1.361062718E-05
213.4 2.179218968E-05 2.72402371E-05
213.6 2.180739707E-05 1.362962317E-05
213.8 2.727828212E-05 1.363914106E-05
214 2.729734451E-05 1.364867226E-05
214.2 3.277972028E-05 -2.928796851E-20
214.4 3.826976907E-05 1.366777467E-05
214.6 3.282563025E-05 2.063180409E-20
214.8 3.832340575E-05 -1.368693062E-05
215 3.83502805E-05 -1.369652875E-05
215.2 3.837719298E-05 1.866122328E-20
215.4 3.291783708E-05 5.789806953E-21
215.6 3.294096978E-05 -2.745080815E-05
215.8 3.845815752E-05 -1.373505626E-05
216 3.298733286E-05 2.685048061E-20
216.2 3.301056338E-05 4.126320423E-05
216.4 3.853946441E-05 5.505637773E-05
216.6 3.856664316E-05 2.754760226E-05
216.8 3.859386027E-05 1.599037231E-20
217 3.862111582E-05 1.253075534E-20
217.2 3.864840989E-05 5.521201413E-05
217.4 3.867574257E-05 5.525106082E-05
217.6 3.870311394E-05 5.529016277E-05
217.8 3.873052408E-05 5.532932011E-05
218 3.875797307E-05 2.768426648E-05
218.2 3.878546099E-05 1.385195035E-05
218.4 3.881298793E-05 -1.386178141E-05
218.6 3.884055398E-05 -1.387162642E-05
218.8 3.88681592E-05 1.388148543E-05
219 3.88958037E-05 2.778271693E-05
219.2 3.892348754E-05 -5.560498221E-05
219.4 3.895121083E-05 -8.346688034E-05
219.6 4.454739843E-05 -2.784212402E-05
219.8 4.457917261E-05 -5.572396576E-05
220 4.461099215E-05 -9.758654532E-05
220.2 4.464285714E-05 -6.975446429E-05
220.4 4.467476769E-05 -2.202771255E-20
220.6 4.470672389E-05 -3.266447546E-20
220.8 5.033106657E-05 -1.564856988E-20
221 5.596346705E-05 -2.798173352E-05
221.2 5.600358423E-05 -2.800179211E-05
221.4 5.604375897E-05 1.401093974E-05
221.6 4.486719311E-05 -6.185999769E-21
221.8 3.928699713E-05 -2.80621408E-05
222 3.931524083E-05 -5.616462976E-05
222.2 3.934352518E-05 -4.215377698E-05
222.4 3.374730022E-05 -1.73429611E-20
222.6 2.814301153E-05 -1.407150576E-05
222.8 3.379596251E-05 -2.816330209E-05
223 3.382034632E-05 1.678627529E-20
223.2 2.820397112E-05 -2.820397112E-05
223.4 3.386921965E-05 -4.233652457E-05
223.6 3.954266088E-05 -2.824475777E-05
223.8 3.391823444E-05 -4.239779305E-05
224 2.828566256E-05 -2.828566256E-05
224.2 2.830615942E-05 -4.245923913E-05
224.4 2.8326686E-05 -7.081671501E-05
224.6 3.401669086E-05 -2.834724238E-05
224.8 3.404139434E-05 4.255174292E-05
225 2.271075581E-05 2.838844477E-05
225.2 2.272727273E-05 1.420454545E-05
225.4 2.274381368E-05 4.264465066E-05
225.6 2.276037873E-05 1.422523671E-05
225.8 2.277696793E-05 2.323366172E-21
226 1.139679066E-05 -2.791026339E-21
226.2 1.140510949E-05 -1.425638686E-05
226.4 5.706720234E-06 -4.280040175E-05
226.6 5.710891813E-06 -1.427722953E-05
226.8 5.715069495E-06 4.286302121E-05
227 0 1.131595808E-21
227.2 5.723443223E-06 -5.723443223E-05
227.4 5.727639296E-06 1.556686092E-20
227.6 0 4.420416984E-21
227.8 0 -2.15450519E-21
228 0 4.305198384E-05
228.2 0 1.901700851E-20
228.4 0 -9.311972114E-21
228.6 0 1.438236377E-05
228.8 0 1.439296242E-05
229 0 3.818709393E-21
229.2 0 -1.441420664E-05
229.4 0 -1.453835186E-20
229.6 0 -4.330654102E-05
229.8 0 -7.223095414E-05
230 0 -4.337065137E-05
230.2 0 -4.073116657E-20
230.4 0 2.895663454E-05
230.6 0 1.448905786E-05
230.8 0 1.44998144E-05
231 0 4.353176077E-05
231.2 0 2.904275093E-05
231.4 0 2.906436012E-05
231.6 0 7.271500372E-05
231.8 0 5.821535022E-05
232 0 1.456469053E-05
232.2 0 -1.45755597E-05
232.4 0 -2.917289022E-05
232.6 0 -1.459734679E-05
232.8 0 -4.418399793E-20
233 0 -2.736899619E-20
233.2 0 -4.389044944E-05
233.4 0 -4.392335082E-05
233.6 0 -1.465210053E-05
233.8 0 -6.746867695E-21
234 0 1.467411721E-05
234.2 0 2.241253447E-20
234.4 0 3.353916206E-20
234.6 0 -2.941453313E-05
234.8 0 -2.943669932E-05
235 0 1.381087546E-20
235.2 0 -1.474056604E-05
235.4 0 -2.566950329E-21
235.6 0 5.258913438E-20
235.8 0 -2.954803328E-05
236 0 -2.957040121E-05
236.2 0 -4.438920455E-05
236.4 0 -2.961523882E-05
236.6 0 -2.963770865E-05
236.8 0 -2.96602126E-05
237 0 2.968275076E-05
237.2 5.941064639E-06 2.970532319E-05
237.4 1.189117199E-05 2.972792998E-05
237.6 1.190022848E-05 7.437642803E-05
237.8 1.190929878E-05 5.95464939E-05
238 5.959191457E-06 4.469393593E-05
238.2 5.963740458E-06 1.490935115E-05
238.4 1.193659282E-05 2.129662334E-20
238.6 1.791857798E-05 4.479644495E-05
238.8 1.195485845E-05 4.48307192E-05
239 1.196401225E-05 1.495501531E-05
239.2 1.197318008E-05 4.489942529E-05
239.4 1.198236196E-05 4.493385736E-05
239.6 1.199155794E-05 -4.496834229E-05
239.8 1.200076805E-05 -1.500096006E-05
240 1.200999231E-05 7.506245196E-05
240.2 1.201923077E-05 4.507211538E-05
240.4 1.202848345E-05 -6.014241724E-05
240.6 1.203775039E-05 -3.009437596E-05
240.8 1.204703161E-05 3.280110619E-20
241 1.205632716E-05 1.507040895E-05
241.2 1.206563707E-05 9.049227799E-05
241.4 1.207496136E-05 -4.240719777E-21
241.6 1.208430008E-05 -3.021075019E-05
241.8 6.046826625E-06 3.023413313E-05
242 6.051510457E-06 -1.512877614E-05
242.2 1.21124031E-05 4.697434417E-21
242.4 6.060899922E-06 6.060899922E-05
242.6 0 1.516401398E-05
242.8 0 -1.517579643E-05
243 0 -3.03751944E-05
243.2 0 -3.039883268E-05
243.4 0 1.521125389E-05
243.6 0 -1.52231099E-05
243.8 0 -3.04699688E-05
244 0 4.574063232E-05
244.2 0 3.051757812E-05
244.4 0 -4.581215794E-05
244.6 0 -6.113067293E-05
244.8 0 -4.58839076E-05
245 0 -3.061324451E-05
245.2 0 -1.531862745E-05
245.4 0 2.926000507E-20
245.6 0 1.085558765E-20
245.8 0 -3.070951258E-05
246 0 -6.146734854E-05
246.2 6.151574803E-06 -1.537893701E-05
246.4 1.231284476E-05 9.23463357E-05
246.6 6.161277603E-06 6.161277603E-05
246.8 0 -6.166140489E-05
247 6.171011058E-06 -0.0001079926935
247.2 1.235177866E-05 -4.631916996E-05
247.4 6.180775316E-06 3.090387658E-05
247.6 0 -1.54641726E-05
247.8 0 -3.095285261E-05
248 0 -2.32261261E-20
248.2 0 -1.529804316E-20
248.4 0 -4.653991263E-05
248.6 0 -5.249772951E-21
248.8 0 1.553798727E-05
249 0 -9.330214968E-05
249.2 0 1.998819195E-21
249.4 6.230063796E-06 7.787579745E-05
249.6 6.235035914E-06 -1.149053185E-20
249.8 0 -3.120007987E-05
250 6.245003997E-06 -4.683752998E-05
250.2 1.25E-05 -4.580289959E-20
250.4 6.255004003E-06 9.382506005E-05
250.6 6.260016026E-06 6.260016026E-05
250.8 1.253007217E-05 -5.668768036E-20
251 1.254012841E-05 -6.68850566E-21
251.2 6.275100402E-06 -1.5687751E-05
251.4 6.280144695E-06 -2.076076717E-20
251.6 6.285197104E-06 4.307311164E-20
251.8 6.290257649E-06 -3.145128824E-05
252 0 -1.348402896E-20
252.2 6.300403226E-06 -1.575100806E-05
252.4 6.305488297E-06 -3.152744149E-05
252.6 6.310581583E-06 1.577645396E-05
252.8 0 -1.578920776E-05
253 0 -4.74059466E-05
253.2 0 -1.581477733E-05
253.4 6.331037277E-06 -1.582759319E-05
253.6 1.267234388E-05 -1.584042985E-05
253.8 1.268262987E-05 -4.294386002E-20
254 1.269293258E-05 -3.625043874E-20
254.2 6.351626016E-06 -9.818826918E-21
254.4 0 1.589198535E-05
254.6 0 -1.590492671E-05
254.8 6.367155664E-06 -3.183577832E-05
255 1.274469821E-05 1.593087276E-05
255.2 1.275510204E-05 1.949858379E-20
255.4 1.276552288E-05 -1.595690359E-05
255.6 1.277596075E-05 -1.202727905E-20
255.8 1.278641571E-05 -2.734452213E-20
256 1.27968878E-05 -5.384782128E-20
256.2 1.280737705E-05 3.287103457E-20
256.4 1.281788351E-05 1.602235439E-05
256.6 1.282840722E-05 4.810652709E-05
256.8 1.283894823E-05 3.209737058E-05
257 1.284950658E-05 -9.715079664E-21
257.2 6.430041152E-06 4.822530864E-05
257.4 6.435337727E-06 3.217668863E-05
257.6 1.288128607E-05 -4.830482275E-05
257.8 1.289191419E-05 -6.445957096E-05
258 1.290255987E-05 -1.432471904E-20
258.2 6.45661157E-06 6.45661157E-05
258.4 6.461952026E-06 1.615488007E-05
258.6 1.293460265E-05 4.595293976E-20
258.8 1.294531897E-05 6.472659486E-05
259 1.295605307E-05 4.8585199E-05
259.2 1.296680498E-05 3.241701245E-05
259.4 1.297757475E-05 6.488787375E-05
259.6 1.948254364E-05 6.494181214E-05
259.8 2.599833611E-05 3.249792013E-05
260 3.252497918E-05 -1.626248959E-05
260.2 3.90625E-05 1.627604167E-05
260.4 4.561092577E-05 1.628961635E-05
260.6 5.217028381E-05 -3.260642738E-05
260.8 5.87406015E-05 -1.631683375E-05
261 6.532190635E-05 2.61078784E-20
261.2 6.537656904E-05 -4.903242678E-05
261.4 7.197445561E-05 -6.543132328E-05
261.6 7.858340319E-05 -4.911462699E-05
261.8 8.52034396E-05 -3.277055369E-05
262 8.527497901E-05 -1.639903442E-05
262.2 8.534663866E-05 -3.282563025E-05
262.4 8.541841884E-05 -1.642661901E-05
262.6 8.549031987E-05 3.288089226E-05
262.8 8.556234204E-05 3.290859309E-05
263 8.563448567E-05 -3.293634064E-05
263.2 8.570675105E-05 -4.944620253E-05
263.4 8.577913851E-05 -3.299197635E-05
263.6 8.585164835E-05 5.723568719E-20
263.8 8.592428088E-05 3.304780034E-05
264 8.599703641E-05 3.307578323E-05
264.2 8.606991525E-05 6.620762712E-05
264.4 8.614291773E-05 4.969783715E-05
264.6 8.621604414E-05 -4.974002547E-05
264.8 8.628929482E-05 -6.637638063E-05
265 8.636267007E-05 -2.415970982E-21
265.2 8.643617021E-05 6.360654833E-22
265.4 8.650979557E-05 -1.182094362E-20
265.6 9.324381927E-05 3.330136402E-05
265.8 9.332337884E-05 -3.332977816E-05
266 9.34030743E-05 -5.003736123E-05
266.2 9.348290598E-05 1.669337607E-05
266.4 9.356287425E-05 1.670765612E-05
266.6 9.364297945E-05 -3.344392123E-05
266.8 9.372322194E-05 1.673628963E-05
267 9.380360206E-05 5.025192967E-05
267.2 9.388412017E-05 1.676502146E-05
267.4 8.725300687E-05 1.67794244E-05
267.6 8.061049011E-05 3.358770421E-05
267.8 7.395654045E-05 8.404152324E-05
268 6.729112834E-05 6.729112834E-05
268.2 6.061422414E-05 1.683728448E-05
268.4 5.39257981E-05 1.685181191E-05
268.6 4.722582038E-05 5.059909326E-05
268.8 4.051426102E-05 -1.688094209E-05
269 4.054930796E-05 -6.758217993E-05
269.2 4.058441558E-05 1.691017316E-05
269.4 4.061958406E-05 8.462413345E-05
269.6 2.710320902E-05 6.438775951E-21
269.8 2.034505208E-05 -3.390842014E-05
270 2.036272806E-05 3.39378801E-05
270.2 2.717391304E-05 -1.698369565E-05
270.4 2.71975631E-05 -5.099543081E-05
270.6 2.041594077E-05 -6.805313589E-05
270.8 2.043374019E-05 -3.405623365E-05
271 2.045157068E-05 -2.119208435E-20
271.2 2.046943231E-05 -1.264509896E-20
271.4 1.365821678E-05 1.707277098E-05
271.6 6.835083115E-06 1.708770779E-05
271.8 6.841068301E-06 3.420534151E-05
272 6.847063979E-06 5.135297984E-05
272.2 6.853070175E-06 1.713267544E-05
272.4 6.859086918E-06 -1.71477173E-05
272.6 6.865114236E-06 -1.716278559E-05
272.8 1.374230431E-05 -1.717788039E-05
273 2.063160211E-05 1.719300176E-05
273.2 1.376651982E-05 3.441629956E-05
273.4 6.889329806E-06 -2.315695949E-20
273.6 6.895410415E-06 -1.255835774E-20
273.8 0 -1.725375442E-05
274 0 -1.726900973E-05
274.2 6.913716814E-06 6.913716814E-05
274.4 6.919840567E-06 1.729960142E-05
274.6 0 -1.731493794E-05
274.8 0 3.466060337E-05
275 0 6.938277087E-05
275.2 0 5.208333333E-05
275.4 0 1.737655694E-05
275.6 0 1.739203028E-05
275.8 0 1.740753119E-05
276 0 -1.742305977E-05
276.2 0 -3.487723214E-05
276.4 0 -1.745420018E-05
276.6 0 -3.493962433E-05
276.8 0 -3.497090421E-05
277 7.000448029E-06 -1.750112007E-05
277.2 1.401345291E-05 -1.751681614E-05
277.4 1.402603232E-05 -1.753254039E-05
277.6 1.403863432E-05 -1.75482929E-05
277.8 1.405125899E-05 -1.726263823E-20
278 1.406390639E-05 3.515976598E-05
278.2 1.407657658E-05 -1.759572072E-05
278.4 1.408926961E-05 -2.189912413E-20
278.6 1.410198556E-05 2.837248633E-20
278.8 1.411472448E-05 -1.76434056E-05
279 1.412748644E-05 3.531871609E-05
279.2 1.414027149E-05 1.767533937E-05
279.4 7.076539855E-06 7.076539855E-05
279.6 7.082955576E-06 3.541477788E-05
279.8 1.417876588E-05 -5.317037205E-05
280 1.419164396E-05 -1.773955495E-05
280.2 1.420454545E-05 5.326704545E-05
280.4 1.421747043E-05 1.777183803E-05
280.6 1.423041894E-05 -3.557604736E-05
280.8 1.424339107E-05 1.780423883E-05
281 1.425638686E-05 -4.954937218E-20
281.2 1.426940639E-05 -3.567351598E-05
281.4 1.428244973E-05 -1.785306216E-05
281.6 1.429551693E-05 -1.576289007E-20
281.8 1.430860806E-05 -3.577152015E-05
282 1.432172319E-05 -5.370646196E-05
282.2 1.433486239E-05 -1.667173934E-20
282.4 7.174012856E-06 1.793503214E-05
282.6 7.180606618E-06 -3.590303309E-05
282.8 1.437442502E-05 -1.796803128E-05
283 1.438766114E-05 3.596915285E-05
283.2 1.440092166E-05 -2.581991862E-21
283.4 1.441420664E-05 1.80177583E-05
283.6 1.442751616E-05 7.213758079E-05
283.8 1.444085028E-05 7.220425139E-05
284 1.445420907E-05 5.4203284E-05
284.2 7.233796296E-06 5.425347222E-05
284.4 0 1.810125116E-05
284.6 0 -1.811804267E-05
284.8 0 -4.743706026E-20
285 0 -3.630343866E-05
285.2 0 -3.63372093E-05
285.4 0 3.637104283E-05
285.6 0 5.460740913E-05
285.8 0 -3.192946793E-21
286 0 -1.823646125E-05
286.2 0 1.158934976E-20
286.4 0 3.654115996E-05
286.6 0 3.657537453E-05
286.8 0 -1.830482662E-05
287 0 -1.832199812E-05
287.2 0 3.667840376E-05
287.4 0 5.506931391E-05
287.6 0 -1.837370649E-05
287.8 0 -3.678201507E-05
288 0 5.522502356E-05
288.2 0 3.685141509E-05
288.4 0 -3.688621341E-05
288.6 0 -3.69210775E-05
288.8 0 -3.695600757E-05
289 0 -3.699100379E-05
289.2 0 -1.851303318E-05
289.4 0 8.400407079E-20
289.6 0 6.00504144E-20
289.8 0 -3.713165399E-05
290 0 -5.575047574E-05
290.2 0 -3.720238095E-05
290.4 0 -1.861892278E-05
290.6 7.454675573E-06 -1.863668893E-05
290.8 1.492359121E-05 -5.596346705E-05
291 2.240678776E-05 -3.734464627E-05
291.2 2.242822967E-05 -1.869019139E-05
291.4 2.993295019E-05 -3.741618774E-05
291.6 3.745206136E-05 -5.617809204E-05
291.8 4.498560461E-05 -7.497600768E-05
292 5.253362152E-05 -5.628602305E-05
292.2 5.258413462E-05 -3.756009615E-05
292.4 4.511549567E-05 -1.87981232E-05
292.6 3.763246628E-05 -3.763246628E-05
292.8 3.766875603E-05 -1.883437801E-05
293 4.5246139E-05 1.885255792E-05
293.2 3.774154589E-05 3.774154589E-05
293.4 3.022243714E-05 5.666706963E-05
293.6 1.512584705E-05 5.672192643E-05
293.8 1.514050388E-05 5.677688953E-05
294 1.515518914E-05 -3.366276544E-20
294.2 1.516990291E-05 1.896237864E-05
294.4 1.518464529E-05 7.592322643E-05
294.6 0 0.000132994893
294.8 0 9.508885102E-05
295 0 1.903630604E-05
295.2 7.62195122E-06 1.905487805E-05
295.4 0 1.907348633E-05
295.6 0 3.818426197E-05
295.8 0 3.822162427E-05
296 0 3.825905975E-05
296.2 0 5.744485294E-05
296.4 0 7.666830226E-05
296.6 0 0.0001151154224
296.8 0 0.0001344333825
297 0 5.767101378E-05
297.2 0 3.658861612E-20
297.4 0 2.52840183E-20
297.6 0 1.928060217E-05
297.8 0 1.929965415E-05
298 0 1.931874382E-05
298.2 0 3.867574257E-05
298.4 0 3.871407334E-05
298.6 0 1.937624008E-05
298.8 0 -1.939548163E-05
299 0 -3.882952286E-05
299.2 0 -2.761748817E-20
299.4 0 4.837874236E-20
299.6 0 -1.947283151E-05
299.8 0 -1.949226547E-05
300 0 -7.804695305E-05
300.2 0 -9.765625E-05
300.4 0 -5.86524024E-05
300.6 0 -5.871117234E-05
300.8 0 -5.877006018E-05
301 0 -1.960968876E-05
301.2 0 -3.925879397E-05
301.4 0 -7.859657948E-05
301.6 0 -3.933786506E-05
301.8 0 1.968876008E-05
302 0 1.970862765E-05
302.2 0 -3.945707071E-05
302.4 0 -7.899393327E-05
302.6 0 -1.976847166E-05
302.8 0 5.936550152E-05
303 0 9.90428499E-05
303.2 0 5.948604061E-05
303.4 0 -1.98488313E-05
303.6 0 -1.98690234E-05
303.8 0 1.988925662E-05
304 0 -1.979418458E-21
304.2 0 -1.992984694E-05
304.4 0 8.423009648E-21
304.6 0 -4.152323697E-20
304.8 0 -1.999104401E-05
305 0 -2.001152664E-05
305.2 0 -2.003205128E-05
305.4 0 -3.562060526E-20
305.6 0 -3.025289155E-20
305.8 8.03755144E-06 -4.01877572E-05
306 1.609165808E-05 -8.045829042E-05
306.2 2.416237113E-05 -4.027061856E-05
306.4 2.41873065E-05 -3.22239655E-20
306.6 3.228305785E-05 -4.035382231E-05
306.8 4.039555326E-05 -2.103903371E-20
307 4.04373706E-05 2.02186853E-05
307.2 4.857512953E-05 -1.346329902E-20
307.4 5.672977178E-05 -2.026063278E-05
307.6 5.67886812E-05 2.028167186E-05
307.8 4.872661123E-05 3.245844342E-20
308 4.87773153E-05 -8.129552549E-05
308.2 6.510416667E-05 -8.138020833E-05
308.4 6.517205422E-05 -4.073253389E-05
308.6 6.524008351E-05 -2.03875261E-05
308.8 6.530825496E-05 -8.16353187E-05
309 7.354864017E-05 -8.17207113E-05
309.2 8.180628272E-05 -6.135471204E-05
309.4 7.370283019E-05 -2.047300839E-05
309.6 9.017576076E-05 2.049449108E-05
309.8 8.206407563E-05 2.051601891E-05
310 9.036540484E-05 2.053759201E-05
310.2 8.223684211E-05 -4.111842105E-05
310.4 9.055584826E-05 -8.232349842E-05
310.6 8.241033755E-05 -2.060258439E-05
310.8 9.074709609E-05 -2.287776273E-21
311 8.25845666E-05 -6.193842495E-05
311.2 9.093915344E-05 -6.200396825E-05
311.4 9.103548729E-05 -6.206965042E-05
311.6 9.113202545E-05 -2.071182397E-05
311.8 9.122876858E-05 2.073381104E-05
312 9.132571732E-05 2.416271737E-20
312.2 9.142287234E-05 -4.155585106E-05
312.4 9.152023429E-05 2.080005325E-05
312.6 9.161780384E-05 6.246668443E-05
312.8 9.171558164E-05 2.084445037E-05
313 8.346688034E-05 2.086672009E-05
313.2 8.355614973E-05 2.088903743E-05
313.4 8.364561028E-05 -3.732112412E-20
313.6 8.373526259E-05 5.724002514E-21
313.8 7.544259657E-05 4.191255365E-05
314 7.55236305E-05 4.19575725E-05
314.2 8.400537634E-05 -2.100134409E-05
314.4 0.0001009149623 -2.102395048E-05
314.6 0.0001178609914 2.10466056E-05
314.8 0.0001179881338 5.109718491E-20
315 0.0001349892009 5.765413572E-21
315.2 0.0001435810811 -2.111486486E-05
315.4 0.000160646645 2.113771645E-05
315.6 0.0001777491874 2.116061755E-05
315.8 0.0001864154013 -1.23453259E-21
316 0.0001951004343 4.241313789E-05
316.2 0.0002038043478 4.245923913E-05
316.4 0.0002210282916 2.125272035E-05
316.6 0.0002297794118 -4.255174292E-05
316.8 0.0002385496183 7.93029101E-21
317 0.0002473389738 0.0001066116266
317.2 0.000256147541 6.403688525E-05
317.4 0.0002649753829 -4.16650776E-22
317.6 0.0002567086528 4.278477547E-05
317.8 0.0002484237939 6.424753289E-05
318 0.0002401207464 -2.143935236E-05
318.2 0.0002489697802 3.023277902E-20
318.4 0.0002320544554 8.594609461E-05
318.6 0.0002151018722 0.0001075509361
318.8 0.0001981119074 8.613561191E-05
319 0.0001897075055 6.467301325E-05
319.2 0.0001812845304 4.316298343E-05
319.4 0.0001814850664 0.0001080268252
319.6 0.00017303433 0.00017303433
319.8 0.0001559035477 0.0001299196231
320 0.0001474056604 0.000108386515
320.2 0.0001388888889 8.680555556E-05
320.4 0.0001303531702 4.345105673E-05
320.6 0.000121798441 2.17497216E-05
320.8 0.0001132246377 0.0001088698439
321 0.0001046316964 8.719308036E-05
321.2 9.601955307E-05 6.546787709E-05
321.4 8.738814318E-05 0.000109235179
321.6 7.873740202E-05 0.0001312290034
321.8 7.006726457E-05 0.0001094801009
322 6.137766554E-05 6.576178451E-05
322.2 5.266853933E-05 8.778089888E-05
322.4 4.393982002E-05 0.0001318194601
322.6 3.519144144E-05 0.0001759572072
322.8 2.642333709E-05 6.605834273E-05
323 1.763544018E-05 5.110240555E-20
323.2 8.827683616E-06 6.620762712E-05
323.4 0 2.209417421E-05
323.6 0 -4.423839185E-05
323.8 0 -4.428854875E-05
324 0 -6.650822928E-05
324.2 0 -0.0001109730114
324.4 0 -0.0001333191126
324.6 0 -8.898063781E-05
324.8 0 1.186916072E-20
325 0 2.229594749E-05
325.2 8.928571429E-06 2.232142857E-05
325.4 8.938787185E-06 2.234696796E-05
325.6 8.949026346E-06 2.237256586E-05
325.8 8.959288991E-06 0.0001119911124
326 0 8.969575201E-05
326.2 8.979885057E-06 -2.244971264E-05
326.4 8.990218642E-06 -2.247554661E-05
326.6 9.000576037E-06 -2.250144009E-05
326.8 9.010957324E-06 -4.505478662E-05
327 0 -2.255340647E-05
327.2 0 2.257947977E-05
327.4 0 2.260561343E-05
327.6 0 -4.52636153E-05
327.8 9.063225058E-06 -6.797418794E-05
328 9.073751452E-06 -4.536875726E-05
328.2 9.084302326E-06 -1.018617229E-20
328.4 1.818975553E-05 2.273719441E-05
328.6 2.731643357E-05 -2.276369464E-05
328.8 3.646441074E-05 -4.558051342E-05
329 4.563376168E-05 -2.281688084E-05
329.2 3.65497076E-05 -4.56871345E-05
329.4 5.488875878E-05 -6.861094848E-05
329.6 7.327080891E-05 -2.289712778E-05
329.8 9.169600939E-05 -2.292400235E-05
330 0.0001009841363 -6.885282021E-05
330.2 0.0001102941176 -4.595588235E-05
330.4 0.0001196260306 -2.300500589E-05
330.6 0.0001197670991 -6.039874879E-20
330.8 0.0001291322314 -2.305932704E-05
331 0.0001477541371 -4.617316785E-05
331.2 0.0001664201183 -2.311390533E-05
331.4 0.0001758738152 -4.628258294E-05
331.6 0.0001946174377 -4.633748517E-05
331.8 0.0002134055819 -2.319625891E-05
332 0.0002322384067 1.97730543E-20
332.2 0.0002511160714 2.32514881E-05
332.4 0.000260727056 6.983760429E-05
332.6 0.0002703609785 6.992094272E-05
332.8 0.0002706839904 2.415430228E-20
333 0.0002710077751 -3.448876658E-20
333.2 0.0002713323353 2.339071856E-05
333.4 0.0002810251799 2.341876499E-05
333.6 0.0002719837935 2.344687875E-05
333.8 0.0002629206731 2.34750601E-05
334 0.0002632370638 7.05099278E-05
334.2 0.0002541415663 7.059487952E-05
334.4 0.0002544481303 1.935098614E-20
334.6 0.0002453200483 2.358846618E-05
334.8 0.0002456166868 7.085096735E-05
335 0.0002364558111 4.729116223E-05
335.2 0.0002272727273 4.734848485E-05
335.4 0.0002275485437 4.74059466E-05
335.6 0.0002278250304 2.3731774E-05
335.8 0.0002281021898 3.230648737E-20
336 0.00021886419 2.378958587E-05
336.2 0.0002000762195 -2.381859756E-05
336.4 0.0001812423687 2.38476801E-05
336.6 0.0001623624694 0.0001193841687
336.8 0.0001434363525 2.390605875E-05
337 0.000124463848 -7.180606618E-05
337.2 0.0001054447853 -4.21204544E-20
337.4 8.637899263E-05 7.198249386E-05
337.6 7.687576876E-05 -2.579117511E-20
337.8 6.734913793E-05 2.405326355E-05
338 5.779901356E-05 2.408292232E-05
338.2 4.822530864E-05 -7.233796296E-05
338.4 3.862793572E-05 -0.000144854759
338.6 2.900680693E-05 -7.251701733E-05
338.8 1.936183395E-05 -1.225587837E-20
339 9.69292804E-06 -9.69292804E-05
339.2 0 -0.0001213121118
339.4 0 -7.287779851E-05
339.6 0 -7.296855542E-05
339.8 0 -0.0001461190773
340 0 -0.0001463014981
340.2 0 -7.32421875E-05
340.4 0 -9.777847309E-05
340.6 0 -7.342575188E-05
340.8 0 -2.450595985E-05
341 0 -4.907349246E-05
341.2 0 -2.456761006E-05
341.4 0 -2.459855164E-05
341.6 0 -9.851828499E-05
341.8 0 -0.000123303346
342 0 -4.938369153E-05
342.2 0 -7.41693038E-05
342.4 0 -9.901774398E-05
342.6 0 -4.957170051E-05
342.8 0 -2.481734435E-05
343 0 -4.969783715E-05
343.2 0 -9.952229299E-05
343.4 0 -4.982461735E-05
343.6 0 -2.494412516E-05
343.8 0 -4.995204604E-05
344 0 -7.502400768E-05
344.2 0 -5.008012821E-05
344.4 0 -0.0001002888318
344.6 0 -0.0001004177378
344.8 0 -2.513674389E-05
345 0 -5.03382732E-05
345.2 0 -5.040322581E-05
345.4 0 -2.523417313E-05
345.6 0 -2.526681759E-05
345.8 0 -2.529954663E-05
346 0 -2.533236057E-05
346.2 0 -5.073051948E-05
346.4 0 -5.079648895E-05
346.6 0 6.955962614E-21
346.8 0 5.092894394E-05
347 0 0.0001019908616
347.2 0 0.0001276552288
347.4 0 7.669339005E-05
347.6 0 7.679390564E-05
347.8 0 0.0001025262467
348 0 0.0001283262155
348.2 0 5.139802632E-05
348.4 0 2.57328722E-05
348.6 0 5.153364116E-05
348.8 0 3.514065075E-20
349 1.033399471E-05 8.737823565E-20
349.2 1.034768212E-05 -2.58692053E-05
349.4 1.036140584E-05 4.603312301E-20
349.6 2.075033201E-05 5.187583001E-05
349.8 3.11668883E-05 2.001385561E-20
350 4.161118509E-05 -2.600699068E-05
350.2 5.208333333E-05 2.604166667E-05
350.4 6.258344459E-05 2.607643525E-05
350.6 7.311163102E-05 3.614344964E-20
350.8 8.366800535E-05 2.420231736E-20
351 9.425268097E-05 -2.618130027E-05
351.2 0.0001048657718 1.553006939E-20
351.4 0.0001155073925 2.625168011E-05
351.6 0.0001261776581 1.803038468E-20
351.8 0.0001263477089 3.691696806E-20
352 0.0001370614035 6.442423134E-20
352.2 0.0001478040541 -2.639358108E-05
352.4 0.0001480040595 -2.642929635E-05
352.6 0.000148204607 -2.64651084E-05
352.8 0.0001484056988 -2.650101764E-05
353 0.000148607337 -2.653702446E-05
353.2 0.0001488095238 2.657312925E-05
353.4 0.0001490122616 -6.264749997E-20
353.6 0.0001492155525 -5.329126876E-05
353.8 0.0001494193989 2.668203552E-05
354 0.000149623803 -2.671853625E-05
354.2 0.0001498287671 -0.0001070205479
354.4 0.0001500342936 -5.358367627E-05
354.6 0.0001502403846 -2.682864011E-05
354.8 0.0001504470426 -2.686554333E-05
355 0.00015065427 3.161270613E-20
355.2 0.000150862069 -2.693965517E-05
355.4 0.000151070442 -5.395372928E-05
355.6 0.0001512793914 2.701417704E-05
355.8 0.0001514889197 2.70515928E-05
356 0.0001625346741 -2.708911234E-05
356.2 0.0001736111111 2.712673611E-05
356.4 0.0001847183588 2.716446453E-05
356.6 0.000195856546 4.688839312E-20
356.8 0.000207025802 6.703253426E-20
357 0.000218226257 -2.727828212E-05
357.2 0.0002185314685 -2.731643357E-05
357.4 0.0002407212885 2.686258238E-20
357.6 0.000262973352 5.478611501E-05
357.8 0.0002633426966 8.22945927E-05
358 0.0002637130802 0.0001098804501
358.2 0.0002530809859 8.252640845E-05
358.4 0.0002534379408 -5.509520451E-05
358.6 0.000253795904 -2.75865113E-05
358.8 0.0002541548798 -5.525106082E-05
359 0.0002545148725 -8.299398017E-05
359.2 0.0002548758865 -3.521929609E-20
359.4 0.0002552379261 2.774325284E-05
359.6 0.0002556009957 5.556543385E-05
359.8 0.0002448361823 -2.068962259E-20
360 0.0002451854494 5.572396576E-05
360.2 0.000234375 0.0001116071429
360.4 0.0002235336195 -2.794170243E-05
360.6 0.0002350465616 -2.798173352E-05
360.8 0.0002353837877 5.604375897E-05
361 0.0002357219828 2.80621408E-05
361.2 0.0002360611511 -5.620503597E-05
361.4 0.0002364012968 -2.814301153E-05
361.6 0.0002367424242 -2.818362193E-05
361.8 0.0002370845376 -5.644869942E-05
362 0.0002148154848 2.826519537E-05
362.2 0.0002038043478 2.830615942E-05
362.4 0.0001927612482 7.305275246E-20
362.6 0.0001703306686 2.838844477E-05
362.8 0.0001478347889 2.84297671E-05
363 0.0001252733236 -2.346995135E-21
363.2 0.0001026459854 2.851277372E-05
363.4 7.995248538E-05 5.710891813E-05
363.6 5.719253294E-05 5.719253294E-05
363.8 4.582111437E-05 8.591458944E-05
364 3.441629956E-05 5.736049927E-05
364.2 3.446691176E-05 2.872242647E-05
364.4 2.301178203E-05 -2.876472754E-05
364.6 2.304572271E-05 -2.880715339E-05
364.8 1.153988183E-05 2.884970458E-05
365 1.155695266E-05 -5.778476331E-05
365.2 1.157407407E-05 -5.787037037E-05
365.4 1.159124629E-05 -5.795623145E-05
365.6 1.160846954E-05 -0.0001741270431
365.8 1.162574405E-05 -0.0001453218006
366 1.164307004E-05 -5.821535022E-05
366.2 1.166044776E-05 -0.000145755597
366.4 1.167787743E-05 -8.758408072E-05
366.6 1.169535928E-05 2.92383982E-05
366.8 1.171289355E-05 -8.784670165E-05
367 1.173048048E-05 -0.0001173048048
367.2 1.17481203E-05 -2.937030075E-05
367.4 1.176581325E-05 2.941453313E-05
367.6 1.178355958E-05 0.0001178355958
367.8 1.180135952E-05 5.900679758E-05
368 1.181921331E-05 3.541427046E-20
368.2 1.183712121E-05 -2.959280303E-05
368.4 1.185508346E-05 5.92754173E-05
368.6 0 0.000118731003
368.8 1.189117199E-05 -5.945585997E-05
369 1.190929878E-05 -2.977324695E-05
369.2 1.192748092E-05 5.963740458E-05
369.4 1.194571865E-05 8.959288991E-05
369.6 0 -4.399009381E-20
369.8 0 -7.453384584E-20
370 0 6.000384025E-05
370.2 0 3.004807692E-05
370.4 0 5.27250277E-20
370.6 0 -6.02816358E-05
370.8 0 3.01874034E-05
371 0 6.046826625E-05
371.2 0 3.028100775E-05
371.4 0 3.032802795E-05
371.6 0 2.912308649E-20
371.8 0 3.042250779E-05
372 0 6.09399376E-05
372.2 0 6.103515625E-05
372.4 0 6.113067293E-05
372.6 0 3.061324451E-05
372.8 0 4.514775464E-21
373 0 -1.310714641E-20
373.2 0 3.199066329E-20
373.4 0 -2.453406613E-20
373.6 1.234202212E-05 -3.72079416E-20
373.8 2.472310127E-05 6.180775316E-05
374 3.714342314E-05 9.285855784E-05
374.2 4.96031746E-05 3.100198413E-05
374.4 4.968203498E-05 3.105127186E-05
374.6 4.97611465E-05 9.330214968E-05
374.8 4.984051037E-05 9.345095694E-05
375 6.240015974E-05 3.120007987E-05
375.2 7.5E-05 -6.25E-05
375.4 8.764022436E-05 -3.130008013E-05
375.6 0.0001003210273 3.135032103E-05
375.8 0.0001130426045 -3.140072347E-05
376 0.0001132246377 -3.145128824E-05
376.2 0.0001134072581 -6.300403226E-05
376.4 0.0001135904685 -6.310581583E-05
376.6 0.0001137742718 -2.24866972E-20
376.8 0.0001266207455 -6.331037277E-05
377 0.0001395089286 -0.0001268262987
377.2 0.0001524390244 -6.351626016E-05
377.4 0.000139963355 1.773173975E-21
377.6 0.0001401916803 -3.186174551E-05
377.8 0.0001404207516 -3.191380719E-05
378 0.0001406505728 3.196603928E-05
378.2 0.0001408811475 0.0001280737705
378.4 0.0001282840722 9.621305419E-05
378.6 0.0001284950658 3.212376645E-05
378.8 0.0001287067545 3.217668863E-05
379 0.0001289191419 9.356093552E-20
379.2 0.0001291322314 -3.228305785E-05
379.4 0.0001164114238 -6.467301325E-05
379.6 0.0001036484245 -3.239013267E-05
379.8 0.000103820598 -1.778816386E-20
380 9.099417637E-05 2.61171905E-20
380.2 7.8125E-05 -2.903906897E-20
380.4 6.521285476E-05 -3.260642738E-05
380.6 5.225752508E-05 -6.532190635E-05
380.8 5.234505863E-05 -1.94963583E-21
381 3.932466443E-05 -3.277055369E-05
381.2 2.62605042E-05 -6.56512605E-05
381.4 1.31523569E-05 5.819100781E-20
381.6 0 -6.416246878E-21
381.8 0 6.59839527E-05
382 0 3.304780034E-05
382.2 0 -3.310381356E-05
382.4 0 -3.316001698E-05
382.6 0 -5.611863246E-22
382.8 0 9.981899489E-05
383 0 9.998933447E-05
383.2 0 -3.338675214E-05
383.4 0 -3.344392123E-05
383.6 0 6.70025729E-05
383.8 0 3.35588488E-05
384 0 -3.361660929E-05
384.2 0 -6.734913793E-05
384.4 0 -3.373272884E-05
384.6 0 6.758217993E-05
384.8 0 0.0001353986135
385 0 0.0001017252604
385.2 0 1.111443631E-20
385.4 0 8.25568253E-20
385.6 0 6.817190227E-05
385.8 0 3.414554196E-05
386 0 -6.841068301E-05
386.2 0 -0.0001027960526
386.4 0 5.234857499E-20
386.6 0 4.164521521E-20
386.8 0 -6.889329806E-05
387 0 -3.450750883E-05
387.2 0 -4.662763712E-21
387.4 0 6.925975177E-05
387.6 0 5.233345721E-20
387.8 0 -6.950622776E-05
388 0 -6.963012478E-05
388.2 0 -3.487723214E-05
388.4 0 0.000104818873
388.6 1.400089606E-05 0.0001050067204
388.8 0 3.506508079E-05
389 0 -0.0001053844424
389.2 0 -0.0001055743243
389.4 0 3.345883501E-20
389.6 0 1.063485729E-19
389.8 0 6.937410718E-20
390 0 -7.08938294E-05
390.2 0 -7.102272727E-05
390.4 0 -7.115209472E-05
390.6 0 -3.564096715E-05
390.8 0 -3.570612431E-05
391 0 -0.0001430860806
391.2 0 -0.0001791857798
391.4 0 -3.590303309E-05
391.6 0 -3.596915285E-05
391.8 0 -0.0001081065498
392 0 3.610212569E-05
392.2 1.446759259E-05 -2.148122801E-20
392.4 1.449443414E-05 3.623608534E-05
392.6 0 -7.260687732E-05
392.8 0 -0.0001454841713
393 0 -3.643889925E-05
393.2 0 -3.650700935E-05
393.4 0 3.657537453E-05
393.6 0 -3.664399625E-05
393.8 0 -0.0001468515038
394 0 -0.0001103460452
394.2 0 7.370283019E-05
394.4 0 7.384215501E-05
394.6 0 -3.699100379E-05
394.8 0 -3.706119545E-05
395 0 3.713165399E-05
395.2 0 3.720238095E-05
395.4 0 -3.013331831E-20
395.6 0 -3.734464627E-05
395.8 0 -0.0001122485632
396 0 -7.991048642E-20
396.2 0 0.0001126802885
396.4 0 0.0001505298651
396.6 0 0.0001131153475
396.8 0 -6.710729114E-20
397 1.514050388E-05 7.024997774E-20
397.2 3.033980583E-05 0.0001137742718
397.4 4.559824903E-05 -3.799854086E-05
397.6 6.091617934E-05 -7.614522417E-05
397.8 7.629394531E-05 5.803656847E-20
398 9.173189824E-05 -6.553416347E-20
398.2 0.0001072303922 3.829656863E-05
398.4 0.0001227897839 -7.674361493E-05
398.6 0.0001384104331 -7.689468504E-05
398.8 0.0001540927022 -1.723275437E-19
399 0.0001698369565 3.85993083E-05
399.2 0.0001856435644 -7.735148515E-05
399.4 0.0002015128968 -0.0001550099206
399.6 0.000217445328 -3.882952286E-05
399.8 0.0002334412351 -1.435223228E-19
400 0.000249500998 -3.898453094E-05
400.2 0.000265625 3.90625E-05
400.4 0.0002661573146 0.0001174223447
400.6 0.0002823795181 3.921937751E-05
400.8 0.000298667002 -7.859657948E-05
401 0.0003307711694 -3.937752016E-05
401.2 0.0003630050505 3.945707071E-05
401.4 0.0003795546559 3.953694332E-05
401.6 0.0003803245436 2.726232792E-20
401.8 0.000381097561 -3.96976626E-05
402 0.0003977851324 -1.024096657E-20
402.2 0.0004145408163 -7.971938776E-05
402.4 0.0004313650307 -3.994120654E-05
402.6 0.000464267418 8.004610656E-05
402.8 0.0004812628337 8.021047228E-05
403 0.0005144032922 8.03755144E-05
403.2 0.0005315721649 4.027061856E-05
403.4 0.0005488119835 -4.035382231E-05
403.6 0.0005661231884 2.442443707E-20
403.8 0.0005835062241 0.0001215637967
404 0.0006009615385 0.0001218165281
404.2 0.0006184895833 4.069010417E-05
404.4 0.0006360908142 4.077505219E-05
404.6 0.0006537656904 8.17207113E-05
404.8 0.0006551362683 -4.094601677E-05
405 0.0006729254202 8.657732437E-20
405.2 0.0006578947368 4.111842105E-05
405.4 0.0006592827004 1.024731167E-19
405.6 0.0006606765328 7.578266578E-20
405.8 0.0006620762712 -4.137976695E-05
406 0.0006634819533 1.473225882E-20
406.2 0.000664893617 4.155585106E-05
406.4 0.0006496535181 4.164445629E-05
406.6 0.0006343482906 5.93067855E-20
406.8 0.0006189775161 -4.182280514E-05
407 0.0006035407725 -8.38251073E-05
407.2 0.0005880376344 8.400537634E-05
407.4 0.0005724676724 0.0001683728448
407.6 0.0005568304536 8.436825054E-05
407.8 0.0005411255411 7.604316263E-20
408 0.0005253524946 -4.236713666E-05
408.2 0.0005095108696 4.245923913E-05
408.4 0.0004936002179 8.270565528E-20
408.6 0.0004946779476 -4.264465066E-05
408.8 0.0004786652079 2.277536292E-20
409 0.0004625822368 7.608436298E-20
409.2 0.0004464285714 7.625158136E-21
409.4 0.0004302037445 -9.170344366E-20
409.6 0.0004139072848 4.311534216E-05
409.8 0.0003975387168 8.642146018E-05
410 0.000381097561 8.661308204E-05
410.2 0.0003645833333 -8.480870327E-20
410.4 0.0003479955457 -8.699888641E-05
410.6 0.0003313337054 -8.719308036E-05
410.8 0.0003145973154 -4.369407159E-05
411 0.0002977858744 -4.379204036E-05
411.2 0.0002808988764 -0.0001316713483
411.4 0.0002639358108 -8.79786036E-05
411.6 0.0002468961625 -4.408860045E-05
411.8 0.0002297794118 -0.0001325650452
412 0.000212585034 -4.428854875E-05
412.2 0.0001953125 -4.438920455E-05
412.4 0.0001779612756 -8.898063781E-05
412.6 0.0001605308219 -4.459189498E-05
412.8 0.000143020595 4.469393593E-05
413 0.0001254300459 8.959288991E-05
413.2 0.0001077586207 -8.979885057E-05
413.4 9.000576037E-05 6.189144986E-20
413.6 7.217090069E-05 4.510681293E-05
413.8 5.425347222E-05 -0.0001356336806
414 3.625290023E-05 -0.0001812645012
414.2 1.816860465E-05 8.726219164E-20
414.4 0 9.105477855E-05
414.6 1.825350467E-05 4.563376168E-05
414.8 1.829625293E-05 4.062584253E-20
415 3.667840376E-05 -9.169600939E-05
415.2 3.676470588E-05 3.265361837E-20
415.4 3.685141509E-05 4.606426887E-05
415.6 3.693853428E-05 -6.660326534E-20
415.8 1.851303318E-05 -9.256516588E-05
416 1.855700713E-05 -9.278503563E-05
416.2 0 7.557896224E-20
416.4 0 -4.661396181E-05
416.6 0 -0.0001401764354
416.8 0 -4.683752998E-05
417 0 9.390024038E-05
417.2 0 4.706325301E-05
417.4 0 4.717693237E-05
417.6 0 9.458232446E-05
417.8 0 9.48118932E-05
418 0 9.504257908E-05
418.2 0 9.527439024E-05
418.4 0 9.550733496E-05
418.6 0 4.787071078E-05
418.8 0 4.798832924E-05
419 0 9.621305419E-05
419.2 0 2.569960705E-20
419.4 0 -4.834467822E-05
419.6 0 -5.486489711E-20
419.8 0 -9.782314771E-20
420 0 -1.179601452E-19
420.2 0 -2.830177462E-20
420.4 0 4.895050125E-05
420.6 0 4.907349246E-05
420.8 0 -4.919710327E-05
421 0 -4.932133838E-05
421.2 0 4.944620253E-05
421.4 0 9.914340102E-05
421.6 0 4.969783715E-05
421.8 0 -4.982461735E-05
422 0 4.646906698E-20
422.2 0 5.008012821E-05
422.4 0 -5.020886889E-05
422.6 0 -3.074417849E-20
422.8 0 0.0001009366925
423 0 0.0001517972798
423.2 0 0.000101461039
423.4 2.034505208E-05 5.086263021E-05
423.6 2.039817232E-05 -1.963821172E-20
423.8 4.090314136E-05 -5.798474829E-20
424 2.050524934E-05 -4.839719716E-20
424.2 4.111842105E-05 0.0001027960526
424.4 0 0.0001546009235
424.6 2.066798942E-05 8.704399252E-20
424.8 0 5.180702918E-05
425 0 0.0001038896277
425.2 0 5.208333333E-05
425.4 0 5.222259358E-05
425.6 0 0.0001047252011
425.8 0 5.250336022E-05
426 0 0.0001052897574
426.2 0 0.0001055743243
426.4 0 5.29302168E-05
426.6 0 0.0001592221467
426.8 0 0.0002128746594
427 0 0.0001067281421
427.2 0 5.351027397E-05
427.4 0 0.0001073145604
427.6 0 0.0001076101928
427.8 0 0.0001079074586
428 0 -1.467484312E-19
428.2 0 -5.425347222E-05
428.4 0 -6.962330234E-20
428.6 0 -2.996360204E-20
428.8 0 -3.784709326E-20
429 0 1.441388451E-20
429.2 0 -4.679968853E-20
429.4 0 -1.169762649E-19
429.6 0 -5.532932011E-05
429.8 0 -7.544071467E-20
430 0 -1.216942074E-19
430.2 0 -0.0001116071429
430.4 0 7.853995174E-20
430.6 0 5.612428161E-05
430.8 0 -5.628602305E-05
431 0 -5.644869942E-05
431.2 0 -6.831866099E-20
431.4 0 -7.659021008E-20
431.6 0 -1.50902373E-19
431.8 0 -1.981241642E-19
432 0 -2.576242719E-20
432.2 0 -5.092816679E-20
432.4 0 -2.325924271E-19
432.6 0 -1.078306583E-19
432.8 0 6.226131526E-20
433 0 -5.812872024E-05
433.2 0 -0.0001166044776
433.4 0 -5.847679641E-05
433.6 0 5.86524024E-05
433.8 0 0.0001176581325
434 0 0.0001180135952
434.2 0 0.0001183712121
434.4 0 5.936550152E-05
434.6 0 -5.95464939E-05
434.8 0 -0.0001194571865
435 0 -5.991180982E-05
435.2 0 5.426035842E-20
435.4 0 5.587940505E-20
435.6 0 -6.670359714E-20
435.8 0 -1.077906769E-19
436 0 -6.084501558E-05
436.2 0 -6.103515625E-05
436.4 0 6.122648903E-05
436.6 0 6.141902516E-05
436.8 0 1.866918849E-20
437 0 -6.601325285E-20
437.2 0 -9.561112905E-21
437.4 0 4.246285598E-20
437.6 0 -6.240015974E-05
437.8 0 -6.260016026E-05
438 0 4.054039203E-20
438.2 0 9.614901664E-20
438.4 0 -6.051990981E-20
438.6 0 -1.213302812E-20
438.8 0 -6.361970684E-05
439 0 -0.0001276552288
439.2 0 -6.403688525E-05
439.4 0 -1.573671575E-19
439.6 0 -4.162117556E-20
439.8 0 -6.467301325E-05
440 0 -6.488787375E-05
440.2 0 -9.388625638E-20
440.4 0 -4.438288463E-20
440.6 0 6.554110738E-05
440.8 0 0.000131523569
441 0 6.59839527E-05
441.2 0 2.744966968E-20
441.4 0 6.448527861E-20
441.6 0 -6.665955631E-05
441.8 0 -6.688784247E-05
442 0 -5.64414756E-20
442.2 0 5.305653636E-20
442.4 0 2.987922056E-20
442.6 0 -6.781684028E-05
442.8 0 -6.805313589E-05
443 0 -6.829108392E-05
443.2 0 -0.0001370614035
443.4 0 -0.0001375440141
443.6 0 -6.901501767E-05
443.8 0 -6.925975177E-05
444 0 -0.0001390124555
444.2 0 -0.0001395089286
444.4 0 -0.0001400089606
444.6 0 -0.0001405125899
444.8 0 -0.0001410198556
445 0 -0.0001415307971
445.2 0 -0.0001420454545
445.4 0 -0.0001425638686
445.6 0 -0.0001430860806
445.8 0 -0.0001436121324
446 0 -0.0001441420664
446.2 0 -0.0001446759259
446.4 0 -0.0001452137546
446.6 0 -0.000145755597
446.8 0 -0.0001463014981
447 0 -0.0001468515038
447.2 0 -0.0001474056604
447.4 0 -0.0001479640152
447.6 0 -0.000148526616
447.8 0 -0.0001490935115
448 0 -0.000149664751
448.2 0 -0.0001502403846
448.4 0 -0.0001508204633
448.6 0 -7.570251938E-05
448.8 0 -7.599708171E-05
449 0 -7.629394531E-05
449.2 0 4.411108522E-20
449.4 0 5.692325999E-20
449.6 0 3.277397322E-20
449.8 0 -3.4575339E-20
450 0 -1.366449368E-19
450.2 0 2.55609639E-20
450.4 0 3.637462356E-21
450.6 0 -1.084761552E-19
450.8 0 4.057104669E-20
451 0 -1.172920381E-19
451.2 0 3.642431332E-20
451.4 0 -4.567817233E-20
451.6 0 -9.15951465E-22
451.8 0 -1.806584165E-20
452 0 8.166047215E-21
452.2 0 1.501704931E-19
452.4 0 8.412518566E-20
452.6 0 3.702937488E-20
452.8 0 1.14987196E-19
453 0 1.038108895E-19
453.2 0 5.152894876E-20
453.4 0 1.460798935E-20
453.6 0 1.556941392E-19
453.8 0 1.346485393E-19
454 0 1.367844742E-19
454.2 0 -3.99301393E-20
454.4 0 -2.091140325E-21
454.6 0 -7.39606854E-20
454.8 0 3.876212103E-20
455 0 1.200908049E-19
455.2 0 -1.043011009E-20
455.4 0 -2.532045828E-19
455.6 0 -1.81076943E-19
455.8 0 -1.496781102E-19
456 0 2.099805802E-19
456.2 0 8.228253231E-20
456.4 0 6.179035021E-20
456.6 0 1.263877807E-19
456.8 0 -4.554351696E-20
457 0 4.390809016E-20
457.2 0 9.084302326E-05
457.4 0 9.126752336E-05
457.6 0 1.307950167E-19
457.8 0 -5.330695851E-20
458 0 2.901372619E-20
458.2 0 2.453256137E-19
458.4 0 1.058756968E-19
458.6 0 -9.390024038E-05
458.8 0 1.794206056E-19
459 0 9.48118932E-05
459.2 0 9.527439024E-05
459.4 0 0.0001914828431
459.6 0 9.621305419E-05
459.8 0 5.275595706E-20
460 0 9.717039801E-05
460.2 0 9.765625E-05
460.4 0 1.120809355E-20
460.6 0 -9.864267677E-05
460.8 0 -0.000198286802
461 0 3.10106082E-19
461.2 0 0.0002003205128
461.4 0 1.425110367E-19
461.6 0 -4.472195449E-20
461.8 0 0.0001017252604
462 0 0.0001022578534
462.2 0 0.0002055921053
462.4 0 0.0002066798942
462.6 0 9.293764921E-20
462.8 0 -0.0001044451872
463 0 -0.0001050067204
463.2 0 -0.0001055743243
463.4 0 -0.0001061480978
463.6 0 -0.0002134562842
463.8 0 -0.0001073145604
464 0 0.0001079074586
464.2 0 0.0001085069444
464.4 0 1.192293421E-20
464.6 0 -6.168250607E-20
464.8 0 -0.0001103460452
465 0 -0.0001109730114
465.2 0 1.324150871E-19
465.4 0 9.873619358E-20
465.6 0 -0.0001128973988
465.8 0 -0.0002271075581
466 0 -0.0002284356725
466.2 0 -0.0001148897059
466.4 0 -5.201777807E-21
466.6 0 1.001730338E-19
466.8 0 2.004749352E-19
467 0 9.89850546E-20
467.2 0 -2.052929635E-20
467.4 0 -1.236256454E-19
467.6 0 0.0001198236196
467.8 0 0.0001205632716
468 0 -1.290781692E-19
468.2 0 -1.183670003E-19
468.4 0 1.456415136E-19
468.6 0 1.670073268E-20
468.8 0 -1.60622871E-20
469 0 -0.0001252003205
469.2 0 4.777191087E-20
469.4 0 0.0001268262987
469.6 0 -1.162773232E-20
469.8 0 2.934776602E-20
470 0 1.390331163E-19
470.2 0 -1.980267925E-19
470.4 0 2.061224731E-19
470.6 0 1.073507312E-19
470.8 0 -1.645600782E-19
471 0 1.748242551E-19
471.2 0 -0.0001346982759
471.4 0 -0.0001356336806
471.6 0 2.634821518E-20
471.8 0 -3.376849484E-19
472 0 -2.031481849E-20
472.2 0 -2.802611292E-19
472.4 0 -3.196367437E-19
472.6 0 -1.86616507E-19
472.8 0 -1.154645883E-19
473 0 -9.323847313E-20
473.2 0 0.0001446759259
473.4 0 0.000291511194
473.6 0 0.0001468515038
473.8 0 -0.0001479640152
474 0 -0.0002981870229
474.2 0 1.18463082E-19
474.4 0 0.0003028100775
474.6 0 0.0003051757813
474.8 0 -4.013299618E-20
475 0 -0.0001550099206
475.2 0 2.260326702E-19
475.4 0 0.0001575100806
475.6 0 0.0001587906504
475.8 0 2.58622208E-20
476 0 3.501983725E-19
476.2 0 -0.0001627604167
476.4 0 -0.0001641281513
476.6 0 0.0001655190678
476.8 0 0.0001669337607
477 0 -1.968623356E-19
477.2 0 -0.0001698369565
477.4 0 3.010676128E-19
477.6 0 0.0001728429204
477.8 0 1.531235023E-20
478 0 -2.463459583E-19
478.2 0 2.01901351E-20
478.4 0 2.793401352E-19
478.6 0 -3.051925109E-20
478.8 0 -4.78674936E-19
479 0 -1.277706807E-19
479.2 0 -4.612209183E-19
479.4 0 -2.762097327E-19
479.6 0 -5.644059763E-19
479.8 0 1.510412742E-20
480 0 -2.441827071E-19
480.2 0 5.214049232E-20
480.4 0 2.308178934E-19
480.6 0 -3.673744221E-19
480.8 0 -4.363504732E-19
481 0 -1.363785099E-19
481.2 0 -1.821722793E-20
481.4 0 -9.570529648E-20
481.6 0 1.609316217E-19
481.8 0 8.035322802E-20
482 0 -1.269149136E-19
482.2 0 -1.858601681E-20
482.4 0 -3.817832802E-19
482.6 0 3.873867254E-19
482.8 0 -4.640974943E-19
483 0 1.087460799E-19
483.2 0 -0.0002297794118
483.4 0 -0.0004650297619
483.6 0 1.244599215E-19
483.8 0 0.0004763719512
484 0 0.0002411265432
484.2 0 -0.000244140625
484.4 0 -0.0002472310127
484.6 0 0.000250400641
484.8 0 0.0002536525974
485 0 1.780918066E-19
485.2 0 9.170191665E-20
485.4 0 -2.208336997E-19
485.6 0 -3.396098859E-19
485.8 0 1.567258656E-19
486 0 -4.549484037E-20
486.2 0 -7.550835447E-20
486.4 0 -3.934695452E-19
486.6 0 -0.0002872242647
486.8 0 -0.0005830223881
487 0 -0.0002959280303
487.2 0 -1.112789476E-19
487.4 0 0.0003051757812
487.6 0 5.415175611E-19
487.8 0 -0.0006300403226
488 0 -0.0003201844262
488.2 0 -7.211500559E-20
488.4 0 0.0003310381356
488.6 0 -3.382151524E-19
488.8 0 -0.0003426535088
489 0 -8.052893857E-19
489.2 0 -5.344798664E-19
489.4 0 5.865237304E-19
489.6 0 -2.497063268E-19
489.8 0 4.250556881E-19
490 0 4.671587701E-19
490.2 0 3.611371964E-19
490.4 0 -5.644805749E-19
490.6 0 -7.908491796E-19
490.8 0 -5.516534873E-19
491 0 -5.178163243E-19
491.2 0 -5.07205197E-19
491.4 0 8.530691231E-19
491.6 0 -5.319260598E-19
491.8 0 -1.470113228E-18
492 0 5.578315619E-19
492.2 0 1.098984781E-18
492.4 0 -3.591521808E-19
492.6 0 1.429687028E-19
492.8 0 -5.04373566E-19
493 0 -6.029115692E-19
493.2 0 7.362421744E-19
493.4 0 -2.177540483E-19
493.6 0 -2.202686835E-19
493.8 0 -5.752537376E-19
494 0 6.553519117E-19
494.2 0 4.075026454E-19
494.4 0 -9.727080953E-19
494.6 0 8.060028983E-20
494.8 0 -1.82650339E-18
495 0 -1.752141747E-18
495.2 0 -2.00360486E-18
495.4 0 -1.403773764E-18
495.6 0 -1.926533503E-18
495.8 0 -3.08820007E-18
496 0 -2.074359649E-18
496.2 0 -3.185370484E-18
496.4 0 -1.658499953E-18
496.6 0 1.417537399E-18
496.8 0 -1.785874041E-18
497 0 -5.46032487E-18
497.2 0 -3.039193735E-18
497.4 0 -4.454655371E-19
497.6 0 -1.92384943E-18
497.8 0 -8.385386887E-19
498 0 -2.480261707E-18
498.2 0 -2.608307277E-18
498.4 0 -4.822447683E-18
498.6 0 1.122199031E-18
498.8 0 -4.369757978E-19
499 0 2.029878798E-18
499.2 0 -1.219743903E-17
499.4 0 -2.863348565E-18
499.6 0 1.311854582E-17
499.8 0 1.614510461E-17
500 0 -3.712680604E-17
