0 0.007393917433 -2.342812875E-05
0.2 0.0064625 0.001734375
0.4 0.006036789716 0.0003829656863
0.6 0.005710818655 7.036879504E-05
0.8 0.005478449139 0.0001564377253
1 0.005255283454 0.0002582256611
1.2 0.005025676353 3.131262525E-05
1.4 0.004861668003 3.915647554E-05
1.6 0.004637986362 0.0002271986562
1.8 0.004473690811 0.0001489140249
2 0.004281036732 0.0001176108992
2.2 0.004116465863 0.0001176581325
2.4 0.003939207513 5.492918843E-05
2.6 0.003805767685 -3.140072347E-05
2.8 0.003681644552 7.853337354E-05
3 0.003541708568 0.0002042689059
3.2 0.003407947686 0.000149333501
3.4 0.003274079106 4.717693237E-05
3.6 0.00315268828 0.0001022578534
3.8 0.00304379029 0.0001101682111
4 0.002934804514 -7.872329706E-06
4.2 0.002828881048 -2.36265121E-05
4.4 0.002726023598 3.151472368E-05
4.6 0.002638846852 0.0001339916263
4.8 0.002542137667 6.308033912E-05
5 0.002445350363 1.577645396E-05
5.2 0.002345328283 2.803593497E-21
5.4 0.00225785671 -3.157841552E-05
5.6 0.002163996159 -7.897796199E-06
5.8 0.002079540858 1.58019822E-05
6 0.001982370498 5.532932011E-05
6.2 0.001888284413 9.488866397E-05
6.4 0.001794122114 8.701650466E-05
6.6 0.001706214546 6.331037277E-05
6.8 0.00163406972 -3.166801784E-05
7 0.001561866383 -6.336171938E-05
7.2 0.001495943205 -7.923427992E-06
7.4 0.001420454545 1.585328734E-05
7.6 0.001341732643 -4.757917174E-05
7.8 0.001278812957 -9.519699431E-05
8 0.001203144047 -3.174522552E-05
8.2 0.001155995935 -2.381859756E-05
8.4 0.001089746848 6.354209028E-05
8.6 0.001029800651 5.562194874E-05
8.8 0.0009857041107 -4.76953602E-05
9 0.0009479336319 -7.15721702E-05
9.2 0.0009196792261 -7.955702648E-05
9.4 0.0008818510595 -7.95894458E-05
9.6 0.0008599164289 -5.573532409E-05
9.8 0.0008284053834 -4.779261827E-05
10 0.0008032435741 -0.0001354676663
10.2 0.000774872449 -7.174744898E-05
10.4 0.0007464781543 -5.58263577E-05
10.6 0.0007340175654 -7.180606618E-05
10.8 0.0007247394769 -7.981712301E-06
11 0.0007250357727 -8.783473017E-05
11.2 0.0007093558282 -0.0001198236196
11.4 0.0006936630524 -7.192358838E-05
11.6 0.0006779574294 -4.796868604E-05
11.8 0.0006654381654 -1.599610975E-05
12 0.0006465075789 2.400399426E-05
12.2 0.0006243596311 -8.805071721E-05
12.4 0.000608599836 -0.0001361341738
12.6 0.0005864181706 -0.0001121564807
12.8 0.0005642183012 -0.0001041880386
13 0.0005516215107 -5.612428161E-05
13.2 0.0005325975359 -8.021047228E-05
13.4 0.0005167676664 -7.221908381E-05
13.6 0.0004977137279 -6.545319814E-21
13.8 0.0004722193668 8.030941612E-06
14 0.0004595588235 -2.41027355E-05
14.2 0.0004468878601 1.350679435E-20
14.4 0.0004277737752 -2.412258131E-05
14.6 0.0004118616145 -3.217668863E-05
14.8 0.0004055933251 -6.437989287E-05
15 0.0003960995466 -7.245723413E-05
15.2 0.0003769329897 -8.054123711E-06
15.4 0.0003545276403 1.117822778E-20
15.6 0.0003450010318 -1.612154354E-05
15.8 0.0003354665566 -7.257689926E-05
16 0.0003162432879 -8.067430814E-05
16.2 0.000300232438 -5.649535124E-05
16.4 0.0002938972716 -6.459280695E-05
16.6 0.0002875568652 -1.615488007E-05
16.8 0.0002715142739 4.848469177E-05
17 0.000258692053 -4.850475993E-05
17.2 0.0002555641822 -0.0001051371636
17.4 0.000239488401 -6.472659486E-05
17.6 0.0002298746374 -8.90359511E-05
17.8 0.000229969942 -0.0001133654643
18 0.0002203442555 -6.480713397E-05
18.2 0.0001945020747 -1.620850622E-05
18.4 0.0001783675799 -1.397520867E-20
18.6 0.0001687084718 -1.622196844E-05
18.8 0.0001655328209 -8.925789364E-05
19 0.0001591074397 -8.929499169E-05
19.2 0.0001624220374 -8.121101871E-05
19.4 0.0001592398087 -0.0001056182404
19.6 0.0001495526425 -0.0001056621931
19.8 0.0001463624063 -6.504995837E-05
20 0.0001464233653 8.134631404E-06
20.2 0.0001432291667 -2.44140625E-05
20.4 0.0001498020008 -8.955554398E-05
20.6 0.0001498644704 -6.515846539E-05
20.8 0.0001531862745 -7.333385482E-05
21 0.0001597714942 -6.521285476E-05
21.2 0.0001598382046 -2.446503132E-05
21.4 0.000169695071 -4.895050125E-05
21.6 0.000176295445 -8.16182616E-05
21.8 0.0001796352425 -4.082619147E-05
22 0.0001764429109 1.633730657E-05
22.2 0.0001830543933 -8.17207113E-06
22.4 0.0001864012139 -4.905295103E-05
22.6 0.0001897508375 -5.725240787E-05
22.8 0.0001963762044 -3.272936741E-05
23 0.0002030071249 2.45573135E-05
23.2 0.0001998165618 -8.189203354E-06
23.4 0.0002031774329 -7.373374581E-05
23.6 0.0002130979857 -4.098038187E-05
23.8 0.0002230268682 -2.459855164E-05
24 0.0002231205376 -1.640592188E-05
24.2 0.0002297794118 -3.282563025E-05
24.4 0.0002331599412 -4.104928541E-05
24.6 0.0002398286375 -8.213309504E-05
24.8 0.000243216239 -7.395088347E-05
25 0.0002466066919 3.288089226E-05
25.2 0.0002434210526 8.223684211E-06
25.4 0.0002402327296 -4.113574136E-05
25.6 0.0002403339654 -7.407553729E-05
25.8 0.0002404352867 -3.293634064E-05
26 0.0002405366934 3.489932931E-20
26.2 0.0002406381857 8.241033755E-06
26.4 0.0002407397636 5.771158717E-05
26.6 0.0002375422297 4.948796453E-05
26.8 0.0002343419941 8.251478665E-06
27 0.0002311390533 8.254966188E-06
27.2 0.0002246300211 1.651691332E-05
27.4 0.0002214202623 8.261950085E-06
27.6 0.0002215139653 -2.47963394E-05
27.8 0.0002183001693 -4.961367485E-05
28 0.000215083651 -1.654489623E-05
28.2 0.0002052436441 1.655190678E-05
28.4 0.00019208351 1.655892327E-05
28.6 0.0001888517812 -8.282972858E-06
28.8 0.0001856173101 -1.657297412E-05
29 0.0001823800934 8.290004244E-06
29.2 0.0001725053079 8.745240387E-21
29.4 0.0001692597706 1.659409516E-05
29.6 0.0001693317042 4.980344241E-05
29.8 0.0001660820578 8.304102891E-06
30 0.0001595065929 -8.307635049E-06
30.2 0.0001496010638 -8.311170213E-06
30.4 0.0001396871009 -3.325883355E-05
30.6 0.0001330919932 -3.32729983E-05
30.8 0.0001231625479 -3.328717512E-05
31 0.0001165547741 -2.497602302E-05
31.2 0.0001066098081 -9.162767866E-21
31.4 0.0001066552901 -3.157076965E-21
31.6 0.0001000320102 3.849799076E-21
31.8 9.673889838E-05 -1.667912041E-05
32 9.344297309E-05 -1.668624519E-05
32.2 9.014423077E-05 -1.669337607E-05
32.4 8.684266781E-05 -8.35025652E-06
32.6 8.68798118E-05 8.353828058E-06
32.8 8.023106547E-05 1.356976883E-20
33 7.692101884E-05 -3.344392123E-05
33.2 7.695396146E-05 -4.182280514E-05
33.4 7.363967438E-05 -3.347257926E-05
33.6 7.032254608E-05 8.371731676E-06
33.8 6.70025729E-05 4.187660806E-05
34 6.367975118E-05 -3.351565852E-05
34.2 6.035407725E-05 -5.867757511E-05
34.4 6.037999141E-05 -8.386109918E-06
34.6 5.705004296E-05 1.771313594E-20
34.8 5.707455952E-05 -2.263810657E-21
35 5.374032674E-05 1.679385211E-05
35.2 5.040322581E-05 -8.400537634E-06
35.4 5.042491394E-05 -4.202076162E-05
35.6 5.38097288E-05 -6.7262161E-05
35.8 5.383290267E-05 -4.205695521E-05
36 5.385609651E-05 -2.524504524E-05
36.2 5.051185345E-05 -3.367456897E-05
36.4 5.053363519E-05 -3.368909013E-05
36.6 5.055543572E-05 -4.212952977E-05
36.8 5.057725507E-05 -4.214771256E-05
37 5.397236615E-05 -2.529954663E-05
37.2 5.399568035E-05 -2.531047516E-05
37.4 5.064282627E-05 -2.532141314E-05
37.6 5.066472114E-05 -8.44412019E-06
37.8 4.730752595E-05 -1.733495712E-20
38 4.394742536E-05 -2.535428386E-05
38.2 4.058441558E-05 -2.536525974E-05
38.4 3.38349935E-05 -8.458748376E-06
38.6 3.384965338E-05 -2.265596122E-20
38.8 3.386432596E-05 -2.258384289E-20
39 3.387901127E-05 -8.469752819E-06
39.2 3.389370933E-05 -1.458096309E-20
39.4 3.729926215E-05 -1.695421007E-05
39.6 3.73154581E-05 -8.480785931E-06
39.8 3.733166811E-05 -8.484470026E-06
40 3.734789222E-05 3.395262929E-05
40.2 3.736413043E-05 6.793478261E-05
40.4 3.738038278E-05 1.699108308E-05
40.6 3.739664926E-05 2.54977154E-05
40.8 4.081410535E-05 3.401175446E-05
41 3.742922474E-05 5.103985192E-05
41.2 3.404139434E-05 5.957244009E-05
41.4 3.746185702E-05 1.702811683E-05
41.6 3.747819451E-05 1.311623896E-20
41.8 3.408595113E-05 2.556446335E-05
42 3.06907464E-05 1.705041467E-05
42.2 2.388100437E-05 -3.411572052E-05
42.4 2.047837484E-05 -5.119593709E-05
42.6 2.390187937E-05 -8.53638549E-05
42.8 2.391233056E-05 -9.394129864E-05
43 2.39227909E-05 -3.417541557E-05
43.2 2.393326039E-05 -8.78368415E-21
43.4 2.394373905E-05 -1.398443437E-20
43.6 2.395422689E-05 4.118344724E-21
43.8 2.396472393E-05 -8.558829974E-06
44 2.397523016E-05 -1.71251644E-05
44.2 2.398574561E-05 -8.566337719E-06
44.4 2.056823168E-05 -8.570096534E-06
44.6 2.400680421E-05 8.573858648E-06
44.8 2.401734739E-05 -8.577624067E-06
45 2.402789982E-05 -5.148835677E-05
45.2 2.403846154E-05 -4.292582418E-05
45.4 2.404903254E-05 1.46722117E-20
45.6 2.405961285E-05 -8.592718874E-06
45.8 2.407020246E-05 -2.578950264E-05
46 2.408080141E-05 8.600286218E-06
46.2 2.064977974E-05 -2.581222467E-05
46.4 2.065888056E-05 -2.582360071E-05
46.6 2.066798942E-05 -2.583498677E-05
46.8 2.067710631E-05 -2.584638288E-05
47 1.723852604E-05 -1.723852604E-05
47.2 1.379690949E-05 -2.58692053E-05
47.4 1.380300353E-05 8.626877208E-06
47.6 1.72613787E-05 2.589206805E-05
47.8 1.726900973E-05 3.453801945E-05
48 1.72766475E-05 1.72766475E-05
48.2 1.728429204E-05 -2.592643805E-05
48.4 2.075033201E-05 -1.801292402E-20
48.6 2.07595217E-05 8.649800709E-06
48.8 2.42301728E-05 -2.596089942E-05
49 2.770390071E-05 -2.597240691E-05
49.2 3.118070953E-05 -2.598392461E-05
49.4 3.466060337E-05 -8.665150843E-06
49.6 3.120838881E-05 -1.733799379E-05
49.8 3.469138544E-05 -4.336423179E-05
50 3.470679698E-05 -8.676699245E-06
50.2 2.777777778E-05 5.208333333E-05
50.4 1.736883059E-05 3.473766118E-05
50.6 2.432717972E-05 -8.68827847E-06
50.8 1.738429016E-05 3.476858033E-05
51 6.95681211E-06 3.478406055E-05
51.2 3.479955457E-06 8.699888641E-06
51.4 3.481506239E-06 2.611129679E-05
51.6 3.483058404E-06 5.224587606E-05
51.8 3.484611954E-06 -1.742305977E-05
52 6.97233378E-06 -0.0001045850067
52.2 0 -4.359654018E-05
52.4 3.489280929E-06 1.744640464E-05
52.6 0 8.727100089E-06
52.8 0 1.746200268E-05
53 0 3.493962433E-05
53.2 0 3.495525727E-05
53.4 0 3.497090421E-05
53.6 0 4.373320645E-05
53.8 3.500224014E-06 1.750112007E-05
54 3.501792918E-06 8.754482295E-06
54.2 0 1.751681614E-05
54.4 0 -1.582393793E-21
54.6 0 8.766270197E-06
54.8 0 8.770206556E-06
55 0 8.774146451E-06
55.2 0 -2.633426966E-05
55.4 0 -2.634611061E-05
55.6 0 2.635796221E-05
55.8 0 -1.449757378E-21
56 0 6.155729401E-05
56.2 0 9.677646396E-05
56.4 0 5.281095088E-05
56.6 0 1.761158702E-05
56.8 0 1.76195309E-05
57 0 -1.93354705E-20
57.2 0 -1.763544018E-05
57.4 0 2.64651084E-05
57.6 0 -1.135290351E-20
57.8 0 -1.765935805E-05
58 3.533469019E-06 -8.833672546E-06
58.2 7.070135747E-06 4.418834842E-05
58.4 1.061000453E-05 1.768334088E-05
58.6 1.415307971E-05 -8.845674819E-06
58.8 1.769936565E-05 1.769936565E-05
59 2.124886673E-05 -8.85369447E-06
59.2 2.48015873E-05 -8.857709751E-06
59.4 2.835753176E-05 2.658518603E-05
59.6 3.191670449E-05 4.432875624E-05
59.8 3.193119891E-05 8.869777475E-06
60 3.549522944E-05 -2.662142208E-05
60.2 3.551136364E-05 2.297907689E-21
60.4 3.908026376E-05 3.552751251E-05
60.6 3.909804368E-05 -8.885919017E-06
60.8 3.911583978E-05 -1.777992717E-05
61 3.913365209E-05 -8.89401184E-06
61.2 4.271070615E-05 -2.669419134E-05
61.4 4.629102097E-05 -2.670635825E-05
61.6 5.34370725E-05 -4.453089375E-05
61.8 5.346145073E-05 -2.673072536E-05
62 5.348585121E-05 8.914308535E-06
62.2 5.707762557E-05 8.918378995E-06
62.4 6.067268159E-05 -3.56898127E-05
62.6 6.78416362E-05 -2.677959324E-05
62.8 6.430041152E-05 2.679183813E-05
63 5.360818847E-05 2.680409424E-05
63.2 5.720823799E-05 8.938787185E-06
63.4 6.438873626E-05 1.788576007E-05
63.6 6.799702245E-05 4.473488319E-05
63.8 7.160861595E-05 5.370646196E-05
64 7.164144888E-05 5.373108666E-05
64.2 7.167431193E-05 2.687786697E-05
64.4 7.170720514E-05 2.689020193E-05
64.6 7.174012856E-05 1.793503214E-05
64.8 7.895039045E-05 4.485817639E-05
65 8.25769761E-05 0.0001346363741
65.2 7.902298851E-05 9.877873563E-05
65.4 8.624655014E-05 5.390409384E-05
65.6 7.90957202E-05 0.0001078578003
65.8 7.913213628E-05 8.093059392E-05
66 6.837286965E-05 2.698929065E-05
66.2 6.120391705E-05 5.400345622E-05
66.4 5.402835408E-05 6.303307976E-05
66.6 4.684617159E-05 4.504439576E-05
66.8 3.965736041E-05 0.0001081564375
67 3.246191136E-05 0.0001082063712
67.2 2.886836028E-05 5.412817552E-05
67.4 2.166127542E-05 5.415318854E-05
67.6 1.805940823E-05 7.223763292E-05
67.8 1.806776133E-05 0.000108406568
68 2.16913466E-05 8.134254975E-05
68.2 2.893518519E-05 3.616898148E-05
68.4 2.894858731E-05 9.046433534E-06
68.6 3.620250232E-05 -1.323387213E-20
68.8 3.621928605E-05 2.716446453E-05
69 4.348330241E-05 1.811804267E-05
69.2 5.075406032E-05 3.625290023E-05
69.4 5.803156917E-05 6.347202878E-05
69.6 6.531583837E-05 5.44298653E-05
69.8 6.534618959E-05 2.7227579E-05
70 6.900860065E-05 -2.72402371E-05
70.2 6.904069767E-05 -7.767266081E-22
70.4 7.634364821E-05 9.088529549E-06
70.6 7.637918994E-05 2.727828212E-05
70.8 7.277596646E-05 2.729098742E-05
71 7.280987884E-05 -2.730370457E-05
71.2 7.648601399E-05 -3.642191142E-05
71.4 8.016557836E-05 -4.554862407E-05
71.6 8.020298647E-05 -3.645590294E-05
71.8 7.659313725E-05 -4.559115313E-05
72 7.297991593E-05 -8.210240542E-05
72.2 7.301401869E-05 -6.388726636E-05
72.4 7.304815334E-05 -2.73930575E-05
72.6 7.308231993E-05 -1.827057998E-05
72.8 7.677234441E-05 -4.569782405E-05
73 7.680828652E-05 -7.315074906E-05
73.2 7.318501171E-05 -6.403688525E-05
73.4 7.321930647E-05 -8.237171978E-05
73.6 8.424167839E-05 -0.0001098804501
73.8 9.160999062E-05 -7.32879925E-05
74 9.165297982E-05 -6.415708588E-05
74.2 9.169600939E-05 -6.418720657E-05
74.4 8.80695162E-05 9.173907938E-06
74.6 8.076832707E-05 9.178218985E-06
74.8 7.346027268E-05 -6.42777386E-05
75 7.349482596E-05 -0.0001010553857
75.2 7.352941176E-05 -5.514705882E-05
75.4 6.620762712E-05 1.839100753E-05
75.6 6.255887894E-05 -3.268438014E-21
75.8 5.89066918E-05 -3.681668238E-05
76 5.525106082E-05 -5.525106082E-05
76.2 5.159198113E-05 -5.527712264E-05
76.4 5.161632846E-05 -3.686880604E-05
76.6 5.164069877E-05 -5.532932011E-05
76.8 4.797472839E-05 -9.225909306E-06
77 4.061318526E-05 2.769080813E-05
77.2 3.324468085E-05 9.23463357E-06
77.4 2.956480605E-05 1.466275723E-20
77.6 2.218409844E-05 -2.773012305E-05
77.8 1.849550189E-05 -9.247750947E-06
78 1.480341071E-05 9.252131691E-06
78.2 1.110781991E-05 9.256516588E-06
78.4 3.704362257E-06 -9.260905642E-06
78.6 3.706119545E-06 -1.853059772E-05
78.8 0 3.340205047E-21
79 0 1.854819563E-05
79.2 0 1.855700713E-05
79.4 0 -1.8565827E-05
79.6 0 -9.287327627E-06
79.8 0 1.858349191E-05
80 0 2.788850547E-05
80.2 0 3.720238095E-05
80.4 0 9.305026203E-06
80.6 0 -4.961077624E-21
80.8 0 9.313900811E-06
81 3.727337786E-06 9.318344466E-06
81.2 3.729116945E-06 -2.312874528E-20
81.4 3.730897803E-06 -1.865448902E-05
81.6 3.732680363E-06 -2.799510272E-05
81.8 3.734464627E-06 -1.867232314E-05
82 3.736250598E-06 9.340626495E-06
82.2 3.738038278E-06 -9.345095694E-06
82.4 3.739827669E-06 -2.804870752E-05
82.6 3.741618774E-06 -1.870809387E-05
82.8 3.743411596E-06 -1.871705798E-05
83 3.745206136E-06 -3.745206136E-05
83.2 3.747002398E-06 -4.683752998E-05
83.4 3.748800384E-06 -1.874400192E-05
83.6 3.750600096E-06 -9.37650024E-06
83.8 3.752401537E-06 -2.814301153E-05
84 3.754204709E-06 -4.692755887E-05
84.2 3.756009615E-06 -6.573016827E-05
84.4 7.515632516E-06 -2.818362193E-05
84.6 1.127887392E-05 1.87981232E-05
84.8 1.504573905E-05 9.403586904E-06
85 1.881623314E-05 1.881623314E-05
85.2 1.88253012E-05 2.823795181E-05
85.4 2.260125362E-05 1.883437801E-05
85.6 2.638084901E-05 8.368178852E-21
85.8 3.016409266E-05 -9.426278958E-06
86 3.395098986E-05 -9.430830517E-06
86.2 3.774154589E-05 9.435386473E-06
86.4 3.775978734E-05 -9.439946834E-06
86.6 4.155585106E-05 -1.888902321E-05
86.8 4.535558781E-05 2.834724238E-05
87 4.537754114E-05 -1.890730881E-05
87.2 4.539951574E-05 -1.891646489E-05
87.4 4.542151163E-05 1.892562984E-05
87.6 4.544352884E-05 -9.467401842E-06
87.8 4.546556741E-05 1.894398642E-05
88 4.548762737E-05 2.84297671E-05
88.2 4.550970874E-05 -9.48118932E-06
88.4 4.553181156E-05 3.370031036E-21
88.6 4.175777454E-05 9.490403304E-06
88.8 3.798006806E-05 1.899003403E-05
89 3.419868677E-05 3.799854086E-05
89.2 3.04136253E-05 1.900851582E-05
89.4 2.662487829E-05 3.803554041E-05
89.6 2.283244033E-05 5.708110083E-05
89.8 1.903630604E-05 4.759076511E-05
90 1.523647001E-05 9.522793759E-06
90.2 1.905487805E-05 -9.527439024E-06
90.4 1.906417765E-05 2.859626647E-05
90.6 2.670288086E-05 9.536743164E-06
90.8 2.671592574E-05 1.016936088E-20
91 2.291055718E-05 1.909213099E-05
91.2 2.292176039E-05 4.775366748E-05
91.4 1.911081213E-05 9.555406067E-06
91.6 1.912016642E-05 -4.780041605E-05
91.8 1.53036239E-05 -9.564764936E-06
92 1.5311122E-05 3.8277805E-05
92.2 1.531862745E-05 3.829656863E-05
92.4 1.532614026E-05 5.523940209E-21
92.6 1.533366045E-05 9.583537782E-06
92.8 1.534118802E-05 5.752945508E-05
93 1.534872299E-05 4.796475933E-05
93.2 1.535626536E-05 2.879299754E-05
93.4 1.536381514E-05 9.602384464E-06
93.6 1.537137236E-05 1.921421545E-05
93.8 1.537893701E-05 2.883550689E-05
94 1.538650911E-05 9.616568193E-06
94.2 1.539408867E-05 4.810652709E-05
94.4 1.155125678E-05 6.73823312E-05
94.6 7.704635108E-06 7.704635108E-05
94.8 3.854218056E-06 2.890663542E-05
95 3.856120434E-06 9.640301086E-06
95.2 3.858024691E-06 4.822530864E-05
95.4 0 1.714153632E-21
95.6 0 6.86000386E-21
95.8 0 2.897811573E-05
96 0 -1.932830282E-05
96.2 0 -4.834467822E-05
96.4 0 -9.673724616E-06
96.6 0 -3.871407334E-05
96.8 0 -4.841658404E-05
97 0 9.68812004E-06
97.2 0 -9.69292804E-06
97.4 0 -3.879096326E-05
97.6 0 -5.821535022E-05
97.8 0 -1.37950177E-20
98 0 4.856103928E-05
98.2 0 1.94340796E-05
98.4 0 9.721876556E-06
98.6 0 -9.726718127E-06
98.8 0 -1.946312905E-05
99 0 -3.894566301E-05
99.2 0 -9.74127182E-06
99.4 0 -1.949226547E-05
99.6 0 -5.850599101E-05
99.8 0 -1.951173826E-05
100 0 -1.952148926E-05
100.2 3.90625E-06 -6.938893904E-21
100.4 0 2.931153077E-05
100.6 0 9.7754004E-06
100.8 0 -3.912118177E-05
101 0 -5.871117234E-05
101.2 0 -9.790100251E-06
101.4 0 -0
101.6 3.919969895E-06 -3.919969895E-05
101.8 3.921937751E-06 -4.902422189E-05
102 7.847815168E-06 -4.90488448E-05
102.2 1.177763819E-05 -2.944409548E-05
102.4 1.178355958E-05 -1.963926596E-05
102.6 1.57193159E-05 -3.929828974E-05
102.8 1.572722698E-05 -1.965903372E-05
103 1.573514602E-05 -8.588882944E-21
103.2 1.574307305E-05 9.839420655E-06
103.4 1.575100806E-05 4.92219002E-05
103.6 1.575895108E-05 8.864409985E-05
103.8 1.576690212E-05 4.927156912E-05
104 1.577486118E-05 3.943715295E-05
104.2 1.183712121E-05 6.904987374E-05
104.4 7.895401718E-06 3.50626271E-21
104.6 7.899393327E-06 -1.974848332E-05
104.8 3.951694487E-06 1.975847243E-05
105 3.953694332E-06 3.953694332E-05
105.2 3.955696203E-06 1.977848101E-05
105.4 3.957700101E-06 -3.957700101E-05
105.6 3.959706031E-06 -5.939559047E-05
105.8 0 -9.90428499E-06
106 0 1.981861999E-05
106.2 0 -2.97430203E-05
106.4 0 -4.959687659E-05
106.6 0 -2.977324695E-05
106.8 3.971784443E-06 1.985892222E-05
107 3.97380468E-06 5.960707019E-05
107.2 3.975826972E-06 4.969783715E-05
107.4 3.977851324E-06 -9.94462831E-06
107.6 3.979877738E-06 -4.974847173E-05
107.8 0 -9.954765545E-06
108 0 -2.987952575E-05
108.2 3.985969388E-06 -3.985969388E-05
108.4 3.988004084E-06 -5.313088747E-21
108.6 3.990040858E-06 -1.995020429E-05
108.8 3.992079714E-06 -4.990099642E-05
109 3.994120654E-06 -3.994120654E-05
109.2 3.996163683E-06 -1.998081841E-05
109.4 0 -3.998208802E-05
109.6 0 -3.000192012E-05
109.8 0 2.001152664E-05
110 4.00435674E-06 -2.133949945E-20
110.2 4.006410256E-06 -2.003205128E-05
110.4 4.00846588E-06 -1.00211647E-05
110.6 4.010523614E-06 -2.005261807E-05
110.8 4.012583462E-06 -3.009437596E-05
111 4.014645427E-06 -3.01098407E-05
111.2 4.016709512E-06 -3.012532134E-05
111.4 4.01877572E-06 -5.02346965E-05
111.6 4.020844056E-06 -5.026055069E-05
111.8 4.022914521E-06 6.327836675E-21
112 4.02498712E-06 -1.00624678E-05
112.2 4.027061856E-06 -4.027061856E-05
112.4 4.029138731E-06 -5.036423414E-05
112.6 8.062435501E-06 -6.046826625E-05
112.8 8.066597832E-06 -4.033298916E-05
113 4.035382231E-06 -2.017691116E-05
113.2 4.0374677E-06 2.01873385E-05
113.4 4.039555326E-06 3.029666494E-05
113.6 4.041645111E-06 2.020822556E-05
113.8 4.04373706E-06 4.04373706E-05
114 4.045831176E-06 6.068746763E-05
114.2 4.047927461E-06 5.059909326E-05
114.4 8.10005184E-06 4.05002592E-05
114.6 4.052126556E-06 2.026063278E-05
114.8 4.054229372E-06 3.040672029E-05
115 4.056334372E-06 3.042250779E-05
115.2 4.058441558E-06 1.01461039E-05
115.4 4.060550936E-06 1.015137734E-05
115.6 4.062662507E-06 -1.015665627E-05
115.8 4.064776275E-06 -4.064776275E-05
116 4.066892244E-06 -3.050169183E-05
116.2 0 -1.017252604E-05
116.4 0 -4.071130797E-05
116.6 0 -3.054940042E-05
116.8 0 -2.037689098E-05
117 0 -2.03875261E-05
117.2 0 5.356755933E-21
117.4 0 7.153633296E-21
117.6 0 1.174566159E-20
117.8 0 1.021508891E-05
118 0 3.066130298E-05
118.2 0 2.045157068E-05
118.4 0 -1.023114196E-05
118.6 0 -1.023650419E-05
118.8 0 1.024187205E-05
119 0 1.024724554E-05
119.2 0 -2.050524934E-05
119.4 0 -3.077402836E-05
119.6 0 4.446351649E-21
119.8 0 2.053759201E-05
120 0 -1.027419779E-05
120.2 0 -3.083881579E-05
120.4 0 -2.057003686E-05
120.6 0 -3.087131191E-05
120.8 0 2.059172377E-05
121 0 2.060258439E-05
121.2 0 -3.09201847E-05
121.4 0 -1.031217001E-05
121.6 0 -4.127047015E-05
121.8 0 2.567244045E-20
122 0 2.065705976E-05
122.2 0 -4.133597884E-05
122.4 0 -4.13578613E-05
122.6 4.137976695E-06 -2.068988347E-05
122.8 4.140169581E-06 2.070084791E-05
123 0 7.358318032E-21
123.2 0 -3.108421751E-05
123.4 0 -1.036690552E-05
123.6 0 2.074482209E-05
123.8 0 3.113376727E-05
124 0 3.115031898E-05
124.2 0 5.194481383E-05
124.4 0 4.1577967E-05
124.6 0 4.16001065E-05
124.8 0 2.081113479E-05
125 0 -2.95901659E-20
125.2 0 2.083333333E-05
125.4 0 1.042222519E-05
125.6 0 2.085557928E-05
125.8 0 1.043336004E-05
126 0 -4.175574559E-05
126.2 0 -4.177807487E-05
126.4 0 -1.045010701E-05
126.6 0 -3.136710385E-05
126.8 0 -5.230650777E-05
127 0 -4.18676313E-05
127.2 0 -6.283512064E-05
127.4 0 -0.0001047813841
127.6 4.193505099E-06 -0.0001048376275
127.8 8.391514501E-06 -5.244696563E-05
128 1.259403546E-05 -5.247514777E-05
128.2 1.680107527E-05 -8.400537634E-05
128.4 2.10126412E-05 -4.202528241E-05
128.6 2.522874058E-05 7.469207647E-21
128.8 2.944938072E-05 -4.207054389E-05
129 3.367456897E-05 -6.313981681E-05
129.2 3.369272237E-05 -2.105795148E-05
129.4 3.371089536E-05 -1.05346548E-05
129.6 3.372908797E-05 -1.054033999E-05
129.8 3.374730022E-05 -2.109206263E-05
130 3.376553214E-05 1.679335143E-21
130.2 2.956081081E-05 5.278716216E-05
130.4 2.957679827E-05 5.28157112E-05
130.6 2.959280303E-05 -1.056885823E-05
130.8 2.960882512E-05 -4.22983216E-05
131 2.962486457E-05 1.058030878E-05
131.2 2.964092141E-05 2.117208672E-05
131.4 2.965699566E-05 -4.194335232E-20
131.6 2.967308736E-05 -2.11950624E-05
131.8 3.393051031E-05 -1.060328447E-05
132 3.394894079E-05 3.182713199E-05
132.2 3.39673913E-05 2.122961957E-05
132.4 3.398586188E-05 -2.124116368E-05
132.6 3.825489663E-05 1.062636017E-05
132.8 3.827572128E-05 1.06321448E-05
133 4.255174292E-05 -3.191380719E-05
133.2 4.683242507E-05 1.064373297E-05
133.4 5.111777535E-05 4.259814613E-05
133.6 5.540780142E-05 1.065534643E-05
133.8 5.970251092E-05 -1.066116266E-05
134 6.400191152E-05 1.066698525E-05
134.2 6.830601093E-05 3.201844262E-05
134.4 7.261481684E-05 2.135729907E-05
134.6 7.692833698E-05 -2.136898249E-05
134.8 8.124657909E-05 -2.138067871E-05
135 8.129107338E-05 2.139238773E-05
135.2 8.133561644E-05 4.193696208E-24
135.4 8.994654605E-05 -1.070792215E-05
135.6 8.99958859E-05 -2.142759188E-05
135.8 9.433315038E-05 -4.287870472E-05
136 9.867517847E-05 -2.145112576E-05
136.2 9.87293956E-05 -4.292582418E-05
136.4 0.0001030786146 -1.073735569E-05
136.6 0.0001074326183 1.074326183E-05
136.8 0.0001117914144 -2.149834893E-05
137 0.000116155011 3.226528084E-05
137.2 0.0001162190083 4.304407713E-05
137.4 0.0001162830761 -3.230085447E-05
137.6 0.0001206563707 -4.309156095E-05
137.8 0.0001250344923 -2.155767108E-05
138 0.000125103534 -1.078478741E-05
138.2 0.0001251726519 -2.158149171E-05
138.4 0.0001252418463 -3.239013267E-05
138.6 0.0001253111173 -4.321073009E-05
138.8 0.0001297039292 -3.242598229E-05
139 0.0001341016058 -1.291391714E-20
139.2 0.0001341759003 2.164127424E-05
139.4 0.0001342502772 2.165327051E-05
139.6 0.0001386577926 4.333056018E-05
139.8 0.000130063818 3.25159545E-05
140 0.0001301360355 -1.295651967E-20
140.2 0.0001258680556 6.510416667E-05
140.4 0.0001172526404 4.342690384E-05
140.6 0.0001086276418 -2.172552836E-05
140.8 9.999304396E-05 -2.173761825E-05
141 9.134883073E-05 -6.096081836E-20
141.2 8.269498607E-05 6.528551532E-05
141.4 7.403149387E-05 5.443492196E-05
141.6 6.535833798E-05 1.967396158E-21
141.8 6.103515625E-05 4.359654018E-05
142 5.234505863E-05 4.362088219E-05
142.2 4.800977654E-05 2.18226257E-05
142.4 4.366964785E-05 5.458705981E-05
142.6 3.932466443E-05 -3.222020252E-20
142.8 3.497481813E-05 -1.092963067E-05
143 3.062010078E-05 4.374300112E-05
143.2 2.62605042E-05 5.470938375E-05
143.4 2.189602018E-05 5.474005045E-05
143.6 1.752664049E-05 4.381660123E-05
143.8 1.31523569E-05 2.192059484E-05
144 8.773161145E-06 -3.28993543E-05
144.2 4.389044944E-06 -2.194522472E-05
144.4 4.391512085E-06 4.391512085E-05
144.6 0 5.492477503E-05
144.8 0 1.099113675E-05
145 0 2.19946509E-05
145.2 0 6.602112676E-05
145.4 0 3.318316002E-21
145.6 0 1.101593345E-05
145.8 0 6.613290068E-05
146 0 3.30851214E-05
146.2 0 1.103460452E-05
146.4 0 2.208168457E-05
146.6 0 3.314126131E-05
146.8 0 2.210667799E-05
147 0 3.317879388E-05
147.2 0 3.319759207E-05
147.4 0 -1.107213719E-05
147.6 0 1.107841747E-05
147.8 0 -2.752367162E-21
148 0 -2.218199886E-05
148.2 0 3.329190341E-05
148.4 0 2.220722001E-05
148.6 0 -1.110992605E-05
148.8 0 -2.223249858E-05
149 0 -1.112257973E-05
149.2 0 -2.225783476E-05
149.4 0 1.880988481E-20
149.6 0 -1.114161438E-05
149.8 0 -4.459189498E-05
150 0 -2.230868075E-05
150.2 0 -2.232142857E-05
150.4 0 -4.466838193E-05
150.6 0 -6.704090389E-05
150.8 0 -5.589939897E-05
151 0 -1.118628293E-05
151.2 0 2.30524241E-20
151.4 0 5.488616341E-21
151.6 0 5.299387681E-21
151.8 0 -1.1211969E-05
152 0 1.121840896E-05
152.2 0 1.122485632E-05
152.4 0 2.24626222E-05
152.6 0 3.371331991E-05
152.8 0 1.124424295E-05
153 0 3.375216014E-05
153.2 0 2.251440922E-05
153.4 0 -3.379108997E-05
153.6 0 -4.508078477E-05
153.8 0 -3.38301097E-05
154 0 -2.626486774E-20
154.2 0 1.128973988E-05
154.4 0 1.129626952E-05
154.6 0 -1.42306272E-20
154.8 0 -4.389769433E-22
155 0 3.394771147E-05
155.2 0 1.132246377E-05
155.4 0 -5.664515661E-05
155.6 0 -7.93492455E-05
155.8 0 -3.402656794E-05
156 0 1.134877978E-05
156.2 0 -1.090379969E-20
156.4 0 -2.272396742E-05
156.6 0 1.136859721E-05
156.8 0 3.412565521E-05
157 0 1.138184732E-05
157.2 0 -3.41654519E-05
157.4 0 -4.558051342E-05
157.6 0 -3.420534151E-05
157.8 0 -5.70422021E-05
158 0 -5.707554062E-05
158.2 0 -3.426535088E-05
158.4 0 -3.428540082E-05
158.6 0 -1.143515808E-05
158.8 0 -2.288371412E-05
159 0 -4.579425557E-05
159.2 0 1.145527859E-05
159.4 0 1.146200117E-05
159.6 0 1.146873165E-05
159.8 0 1.147547004E-05
160 0 -1.148221634E-05
160.2 0 -3.446691176E-05
160.4 0 -3.448719835E-05
160.6 0 -2.300500589E-05
160.8 0 -6.905568651E-05
161 0 -6.90964033E-05
161.2 0 -1.152286136E-05
161.4 0 2.305932704E-05
161.6 0 5.768236858E-05
161.8 0 6.925975177E-05
162 0 -1.155011827E-05
162.2 0 -1.482417343E-20
162.4 0 4.625518058E-05
162.6 0 2.314129147E-05
162.8 0 -2.141528826E-21
163 0 -1.158437129E-05
163.2 4.636498516E-06 -3.06520742E-20
163.4 4.639251781E-06 -1.159812945E-05
163.6 4.642008318E-06 -1.16050208E-05
163.8 4.644768133E-06 3.4835761E-05
164 4.647531231E-06 5.809414039E-05
164.2 4.650297619E-06 2.32514881E-05
164.4 9.306134604E-06 1.163266825E-05
164.6 4.655840286E-06 2.327920143E-05
164.8 4.658616577E-06 9.690785401E-21
165 4.661396181E-06 -1.165349045E-05
165.2 4.664179104E-06 1.166044776E-05
165.4 4.666965352E-06 3.500224014E-05
165.6 4.669754931E-06 4.669754931E-05
165.8 4.672547847E-06 4.672547847E-05
166 4.675344105E-06 7.013016158E-05
166.2 4.678143713E-06 4.678143713E-05
166.4 4.680946675E-06 2.340473337E-05
166.6 4.683752998E-06 5.854691247E-05
166.8 4.686562687E-06 8.201484703E-05
167 4.68937575E-06 5.861719688E-05
167.2 4.692192192E-06 4.692192192E-05
167.4 4.695012019E-06 5.868765024E-05
167.6 4.697835238E-06 4.697835238E-05
167.8 4.700661853E-06 4.700661853E-05
168 4.703491872E-06 4.703491872E-05
168.2 4.706325301E-06 2.353162651E-05
168.4 4.709162146E-06 3.531871609E-05
168.6 9.424004825E-06 5.890003016E-05
168.8 1.414453832E-05 2.357423054E-05
169 1.887077295E-05 -1.179423309E-05
169.2 2.360271903E-05 -2.360271903E-05
169.4 3.306378476E-05 -1.180849456E-05
169.6 3.781004235E-05 -8.552604902E-22
169.8 4.2562046E-05 1.182279056E-05
170 4.258782556E-05 1.702082477E-20
170.2 4.261363636E-05 -2.367424242E-05
170.4 4.263947847E-05 -1.184429958E-05
170.6 4.266535194E-05 -1.185148665E-05
170.8 4.269125683E-05 -6.728431182E-21
171 3.79708384E-05 -1.1865887E-05
171.2 3.799392097E-05 -4.749240122E-05
171.4 3.326490268E-05 -1.188032238E-05
171.6 3.804017042E-05 2.377510651E-05
171.8 3.806333739E-05 1.189479294E-05
172 3.332571603E-05 -1.190204144E-05
172.2 3.334603659E-05 -3.572789634E-05
172.4 3.336638194E-05 -3.574969494E-05
172.6 3.815628816E-05 1.192384005E-05
172.8 3.817959682E-05 5.965562004E-05
173 3.820293399E-05 2.387683374E-05
173.2 3.822629969E-05 -3.583715596E-05
173.4 3.8249694E-05 -1.195302938E-05
173.6 3.827311696E-05 -1.196034905E-05
173.8 3.829656863E-05 -5.983838848E-05
174 3.832004905E-05 -4.790006131E-05
174.2 3.834355828E-05 1.198236196E-05
174.4 3.836709638E-05 2.397943524E-05
174.6 4.318949631E-05 -3.599124693E-05
174.8 4.321604179E-05 1.200445605E-05
175 4.324261993E-05 6.005919434E-05
175.2 4.326923077E-05 1.201923077E-05
175.4 4.329587438E-05 -6.013315887E-05
175.6 4.332255083E-05 -7.220425139E-05
175.8 4.334926017E-05 -2.408292232E-05
176 4.337600247E-05 -7.229333745E-05
176.2 3.858024691E-05 -0.0001085069444
176.4 3.860407659E-05 -4.825509574E-05
176.6 3.862793572E-05 -7.242737948E-05
176.8 3.865182437E-05 -7.247217069E-05
177 3.384127475E-05 3.204911034E-20
177.2 3.38622291E-05 2.634707863E-20
177.4 3.388320942E-05 1.210114622E-05
177.6 3.390421575E-05 3.76467491E-20
177.8 3.392524814E-05 -2.42323201E-05
178 2.909683426E-05 -1.212368094E-05
178.2 2.426242236E-05 1.213121118E-05
178.4 1.942200124E-05 2.427750155E-05
178.6 2.42925995E-05 2.42925995E-05
178.8 2.430771624E-05 2.128231274E-20
179 2.432285181E-05 -2.432285181E-05
179.2 1.947040498E-05 -1.216900312E-05
179.4 1.461190773E-05 3.652976933E-05
179.6 1.949469744E-05 8.528930131E-05
179.8 1.950686642E-05 4.876716604E-05
180 2.439881324E-05 2.439881324E-05
180.2 2.9296875E-05 2.44140625E-05
180.4 2.9315197E-05 3.664399625E-05
180.6 1.955569462E-05 4.888923655E-05
180.8 1.467595492E-05 -2.445992486E-05
181 1.95802005E-05 -7.342575188E-05
181.2 2.449059561E-05 2.885735764E-20
181.4 1.960476788E-05 6.126489962E-05
181.6 9.808537351E-06 1.226067169E-05
181.8 1.472204774E-05 -3.680511935E-05
182 1.964173476E-05 -3.682825267E-05
182.2 1.474056604E-05 -2.456761006E-05
182.4 1.474984267E-05 2.458307111E-05
182.6 1.475913098E-05 3.689782746E-05
182.8 1.4768431E-05 -3.69210775E-05
183 1.477774275E-05 -3.694435687E-05
183.2 9.858044164E-06 2.464511041E-05
183.4 9.864267677E-06 3.699100379E-05
183.6 9.870499052E-06 -2.219220761E-20
183.8 1.481510746E-05 -2.469184576E-05
184 1.482447818E-05 -2.470746363E-05
184.2 1.483386076E-05 -4.944620253E-05
184.4 1.484325522E-05 -3.710813806E-05
184.6 1.48526616E-05 -2.475443599E-05
184.8 1.48620799E-05 -4.954026633E-05
185 1.487151015E-05 -3.717877538E-05
185.2 1.488095238E-05 -4.96031746E-05
185.4 1.489040661E-05 -3.722601652E-05
185.6 1.489987285E-05 1.241656071E-05
185.8 1.490935115E-05 -1.242445929E-05
186 1.49188415E-05 -6.216183959E-05
186.2 9.952229299E-06 -3.732085987E-05
186.4 4.97928617E-06 2.489643085E-05
186.6 4.982461735E-06 2.491230867E-05
186.8 0 -1.246410338E-05
187 0 -4.988825032E-05
187.2 0 -6.240015974E-05
187.4 0 -7.492806905E-05
187.6 0 -6.24800064E-05
187.8 0 -2.500800256E-05
188 0 -6.256005766E-05
188.2 0 -3.756009615E-05
188.4 0 -2.505612572E-05
188.6 0 -1.253610398E-05
188.8 5.017662171E-06 1.301705281E-21
189 5.020886889E-06 -1.255221722E-05
189.2 5.024115756E-06 -2.512057878E-05
189.4 1.005469755E-05 -5.027348777E-05
189.6 1.006117193E-05 -1.257646491E-05
189.8 1.006765464E-05 -1.25845683E-05
190 1.007414571E-05 -6.29634107E-05
190.2 1.512096774E-05 -5.040322581E-05
190.4 2.0174306E-05 3.782682376E-05
190.6 2.523417313E-05 3.785125969E-05
190.8 2.525048481E-05 2.525048481E-05
191 2.526681759E-05 5.053363519E-05
191.2 3.033980583E-05 1.264158576E-05
191.4 3.541936528E-05 3.794931995E-05
191.6 4.050550875E-05 2.531594297E-05
191.8 4.053177691E-05 -2.533236057E-05
192 4.055807917E-05 1.267439974E-05
192.2 4.565746753E-05 -3.804788961E-05
192.4 5.076348278E-05 -3.807261209E-05
192.6 5.587613784E-05 0.0001015929779
192.8 5.591249187E-05 0.0001143664606
193 6.103515625E-05 2.54313151E-05
193.2 6.616449511E-05 -1.272394137E-05
193.4 7.130052151E-05 -1.273223598E-05
193.6 7.644324853E-05 1.337778626E-20
193.8 8.15926893E-05 8.557174296E-21
194 8.674885696E-05 1.275718485E-05
194.2 0.000102124183 6.382761438E-05
194.4 0.0001073005232 2.554774362E-05
194.6 0.0001175965314 1.278223168E-05
194.8 0.0001176735429 0.0001151154224
195 0.000122870249 8.959288991E-05
195.2 0.0001280737705 3.842213115E-05
195.4 0.0001332841207 6.40789042E-05
195.6 0.0001333716349 7.6945174E-05
195.8 0.0001385923127 6.416310775E-05
196 0.0001540927022 3.852317554E-05
196.2 0.0001541940789 3.854851974E-05
196.4 0.0001542955892 6.428982883E-05
196.6 0.0001595438076 2.57328722E-05
196.8 0.0001699489123 6.4374588E-05
197 0.0001700610158 6.441705145E-05
197.2 0.0001804867987 3.867574257E-05
197.4 0.0001857661823 0.0001032034346
197.6 0.0001910525446 5.163582287E-05
197.8 0.0001911789021 5.166997354E-05
198 0.0001964758438 6.463021178E-05
198.2 0.0002017798013 2.58692053E-05
198.4 0.0002070907886 3.882952286E-05
198.6 0.0002124088196 6.475878647E-05
198.8 0.0002073656271 1.296035169E-05
199 0.0002178784861 1.29689575E-05
199.2 0.0002232142857 3.893272425E-05
199.4 0.0002337516622 -2.301157137E-20
199.6 0.0002391051231 -1.791045378E-20
199.8 0.0002340629161 -5.201398136E-05
200 0.0002394237175 -6.50607928E-05
200.2 0.000234375 -5.208333333E-05
200.4 0.0002397431621 -5.211807872E-05
200.6 0.0002503337784 1.303821762E-05
200.8 0.0002400634603 5.218770875E-05
201 0.0002297794118 1.30556484E-05
201.2 0.0002351588629 2.612876254E-05
201.4 0.0002353162651 -2.090028284E-20
201.6 0.0002407066309 -5.232752847E-05
201.8 0.0002461042225 -7.123074084E-20
202 0.0002515090543 1.309942991E-05
202.2 0.0002464345638 -6.241605965E-21
202.4 0.0002466000672 1.311702485E-05
202.6 0.0002257644489 2.625168011E-05
202.8 0.0002101546738 5.253866846E-05
203 0.0001892664872 3.943051817E-05
203.2 0.0001736111111 -2.63047138E-05
203.4 0.0001684636119 -2.337902259E-20
203.6 0.0001580411328 9.219066082E-05
203.8 0.0001476045884 0.0001054318489
204 0.00013715395 5.275151924E-05
204.2 0.0001372466216 3.959037162E-05
204.4 0.0001267748479 5.282285328E-05
204.6 0.0001215747632 3.964394452E-05
204.8 0.0001163676371 5.28943805E-05
205 0.000116446477 9.26278794E-05
205.2 0.0001218220339 0.0001191737288
205.4 0.0001113042741 0.0001060040706
205.6 0.0001007722335 3.977851324E-05
205.8 9.553328804E-05 -5.307404891E-05
206 9.559823249E-05 -1.327753229E-05
206.2 9.034863946E-05 7.971938776E-05
206.4 8.509189925E-05 3.988682777E-05
206.6 9.047173025E-05 1.330466621E-05
206.8 8.520790729E-05 3.994120654E-05
207 7.993690314E-05 2.664563438E-05
207.2 7.999146758E-05 2.666382253E-05
207.4 7.470969945E-05 -4.002305328E-05
207.6 6.942071087E-05 -9.345095694E-05
207.8 6.4124487E-05 -4.007780438E-05
208 5.8821013E-05 -4.010523614E-05
208.2 5.351027397E-05 -4.013270548E-05
208.4 4.283755997E-05 -8.032042495E-05
208.6 2.679183813E-05 -8.03755144E-05
208.8 2.144818119E-05 -3.57183969E-20
209 1.609718407E-05 -4.266151775E-21
209.2 1.073883162E-05 -4.027061856E-05
209.4 1.6119326E-05 -1.343277166E-05
209.6 1.613041982E-05 -1.344201652E-05
209.8 1.614152893E-05 -1.34512741E-05
210 1.615265334E-05 2.69210889E-05
210.2 1.61637931E-05 -4.040948276E-05
210.4 1.617494824E-05 -6.739561767E-05
210.6 1.618611878E-05 -2.697686464E-05
210.8 2.159640636E-05 -1.349775397E-05
211 3.781984786E-05 -4.052126556E-05
211.2 3.784602076E-05 -0.0001216479239
211.4 4.328254848E-05 -0.0001217321676
211.6 4.872661123E-05 -6.767584893E-05
211.8 4.876040222E-05 -8.126733703E-05
212 5.421582235E-05 -5.421582235E-05
212.2 5.967881944E-05 1.927470529E-20
212.4 6.514940931E-05 -1.92880998E-20
212.6 7.062760779E-05 -4.07466968E-05
212.8 7.067675713E-05 -0.0001087334725
213 8.160689415E-05 -6.800574513E-05
213.2 8.710801394E-05 -4.083188153E-05
213.4 9.261680614E-05 -4.086035565E-05
213.6 9.813328681E-05 -1.362962317E-05
213.8 0.0001036574721 -2.727828212E-05
214 0.0001091893781 4.848982463E-21
214.2 0.000114729021 1.365821678E-05
214.4 0.0001202764171 -6.833887334E-05
214.6 0.0001258315826 -0.0001230961134
214.8 0.000131394534 -4.106079187E-05
215 0.000131486676 5.478611501E-05
215.2 0.0001260964912 4.111842105E-05
215.4 0.0001371576545 -4.974601149E-20
215.6 0.0001372540408 6.862702038E-05
215.8 0.0001373505626 2.747011252E-05
216 0.0001484429979 -5.497888811E-05
216.2 0.0001540492958 -2.505079927E-20
216.4 0.0001596634954 5.505637773E-05
216.6 0.0001542665726 0.000110190409
216.8 0.0001543754411 9.648465067E-05
217 0.000148967161 5.51730226E-05
217.2 0.0001545936396 -3.221391222E-20
217.4 0.0001602280764 -2.762553041E-05
217.6 0.0001658704883 2.764508139E-05
217.8 0.0001715208924 4.149699008E-05
218 0.0001716424522 2.768426648E-05
218.2 0.0001717641844 3.66449477E-20
218.4 0.0001718860894 1.386178141E-05
218.6 0.0001720081676 6.93581321E-05
218.8 0.0001721304193 2.776297086E-05
219 0.0001778093883 -2.778271693E-05
219.2 0.0001890569395 -2.78024911E-05
219.4 0.0001836271368 1.391114672E-05
219.6 0.0001781895937 2.784212402E-05
219.8 0.0001727442939 -4.179297432E-05
220 0.0001728675946 -4.182280514E-05
220.2 0.0001674107143 1.395089286E-05
220.4 0.0001563616869 5.584345961E-05
220.6 0.0001508851931 5.588340486E-05
220.8 0.000145400859 8.430082756E-21
221 0.0001399086676 2.798173352E-05
221.2 0.0001288082437 5.600358423E-05
221.4 0.0001289006456 2.802187948E-05
221.6 0.000123384781 2.804199569E-05
221.8 0.0001122485632 -3.149657333E-20
222 0.0001067127965 1.595165375E-20
222.2 0.0001011690647 2.810251799E-05
222.4 9.561735061E-05 4.218412527E-05
222.6 9.005763689E-05 5.628602305E-05
222.8 9.012256669E-05 4.224495314E-05
223 9.018759019E-05 7.045905483E-05
223.2 9.025270758E-05 0.0001128158845
223.4 8.467304913E-05 8.467304913E-05
223.6 7.908532176E-05 4.236713666E-05
223.8 7.348950796E-05 4.239779305E-05
224 6.788559015E-05 -6.38318163E-21
224.2 6.793478261E-05 -2.830615942E-05
224.4 6.231870921E-05 2.8326686E-05
224.6 5.669448476E-05 2.834724238E-05
224.8 5.673565723E-05 2.836782861E-05
225 5.109920058E-05 2.838844477E-05
225.2 4.545454545E-05 -2.840909091E-05
225.4 3.980167394E-05 -5.685953421E-05
225.6 3.983066278E-05 -5.690094683E-05
225.8 3.41654519E-05 -5.694241983E-05
226 2.849197666E-05 -1.424598833E-05
226.2 2.281021898E-05 1.425638686E-05
226.4 1.71201607E-05 -1.426680058E-05
226.6 1.142178363E-05 1.876190767E-20
226.8 5.715069495E-06 -3.189480842E-21
227 5.719253294E-06 -1.429813324E-05
227.2 5.723443223E-06 -1.430860806E-05
227.4 5.727639296E-06 -2.863819648E-05
227.6 5.731841526E-06 -5.731841526E-05
227.8 0 -8.60407489E-05
228 5.740264511E-06 -1.435066128E-05
228.2 5.744485294E-06 7.180606618E-05
228.4 5.748712288E-06 2.874356144E-05
228.6 5.752945508E-06 1.438236377E-05
228.8 0 6.695087627E-21
229 0 -2.880715339E-05
229.2 0 -1.35229642E-21
229.4 0 -2.884970458E-05
229.6 0 -2.887102735E-05
229.8 0 -1.444619083E-05
230 0 -2.891376758E-05
230.2 0 -4.340277778E-05
230.4 0 -8.686990363E-05
230.6 0 -8.693434718E-05
230.8 0 -7.249907201E-05
231 0 -7.255293462E-05
231.2 0 -7.260687732E-05
231.4 0 -2.906436012E-05
231.6 0 -2.908600149E-05
231.8 0 -0.0001018768629
232 0 -8.738814318E-05
232.2 0 -4.37266791E-05
232.4 0 -2.917289022E-05
232.6 0 -7.298673393E-05
232.8 0 -7.304132386E-05
233 0 -2.92383982E-05
233.2 0 -2.926029963E-05
233.4 0 -4.392335082E-05
233.6 0 -4.395630158E-05
233.8 0 -4.39893018E-05
234 0 -5.869646882E-05
234.2 0 -4.405545113E-05
234.4 0 -2.93924003E-05
234.6 0 -1.470726657E-05
234.8 0 -2.943669932E-05
235 0 -4.418834842E-05
235.2 5.896226415E-06 -1.487848318E-20
235.4 5.900679758E-06 1.47516994E-05
235.6 5.905139834E-06 -1.476284958E-05
235.8 0 -5.909606657E-05
236 5.914080242E-06 -5.914080242E-05
236.2 5.918560606E-06 -2.959280303E-05
236.4 5.923047763E-06 -1.480761941E-05
236.6 5.92754173E-06 -1.481885432E-05
236.8 0 -2.96602126E-05
237 5.936550152E-06 -4.452412614E-05
237.2 5.941064639E-06 -5.941064639E-05
237.4 1.189117199E-05 -1.486396499E-05
237.6 1.190022848E-05 -1.487528561E-05
237.8 5.95464939E-06 -1.488662348E-05
238 5.959191457E-06 1.489797864E-05
238.2 1.192748092E-05 -1.490935115E-05
238.4 5.968296409E-06 -2.984148205E-05
238.6 5.972859327E-06 -2.986429664E-05
238.8 0 -2.988714614E-05
239 0 -3.205631892E-20
239.2 5.986590038E-06 -3.203870634E-21
239.4 5.991180982E-06 -1.497795245E-05
239.6 5.995778972E-06 -3.981977197E-20
239.8 6.000384025E-06 1.315721451E-20
240 6.004996157E-06 6.004996157E-05
240.2 6.009615385E-06 9.014423077E-05
240.4 6.014241724E-06 1.503560431E-05
240.6 6.018875193E-06 -4.514156394E-05
240.8 6.023515806E-06 -3.011757903E-05
241 6.02816358E-06 -3.01408179E-05
241.2 6.032818533E-06 -7.545606856E-21
241.4 6.03748068E-06 -1.581627331E-20
241.6 0 -1.51053751E-05
241.8 0 1.511706656E-05
242 0 -1.512877614E-05
242.2 0 -1.514050388E-05
242.4 0 -1.515224981E-05
242.6 0 -1.516401398E-05
242.8 0 -1.517579643E-05
243 0 -3.03751944E-05
243.2 0 -4.559824903E-05
243.4 0 -4.563376168E-05
243.6 0 -1.52231099E-05
243.8 0 -1.52349844E-05
244 0 -1.524687744E-05
244.2 0 1.525878906E-05
244.4 0 -1.527071931E-05
244.6 0 -3.056533646E-05
244.8 0 2.5870006E-20
245 0 1.672596247E-20
245.2 0 5.3787647E-20
245.4 0 3.321484194E-20
245.6 0 1.534269442E-05
245.8 0 3.070951258E-05
246 0 3.073367427E-05
246.2 0 -1.537893701E-05
246.4 0 -3.07821119E-05
246.6 0 1.540319401E-05
246.8 0 1.541535122E-05
247 0 1.941507354E-20
247.2 0 -1.543972332E-05
247.4 0 -1.545193829E-05
247.6 0 3.042576157E-20
247.8 0 -1.547642631E-05
248 0 1.548869944E-05
248.2 0 3.100198413E-05
248.4 0 -1.551330421E-05
248.6 0 -1.552563593E-05
248.8 0 8.13491931E-21
249 0 -3.44313023E-21
249.2 0 6.908542495E-22
249.4 0 2.404380799E-20
249.6 0 2.868634829E-20
249.8 0 -5.502757759E-20
250 0 8.092699122E-21
250.2 0 1.5625E-05
250.4 0 1.563751001E-05
250.6 0 -1.374633924E-20
250.8 0 8.576616964E-22
251 0 2.731301903E-20
251.2 0 -7.555144586E-21
251.4 0 -1.570036174E-05
251.6 0 -1.571299276E-05
251.8 0 1.572564412E-05
252 0 -1.573831587E-05
252.2 0 -4.725302419E-05
252.4 0 -3.152744149E-05
252.6 0 -3.155290792E-05
252.8 0 -1.578920776E-05
253 0 -1.58019822E-05
253.2 0 -1.581477733E-05
253.4 0 -3.165518639E-05
253.6 0 -3.168085969E-05
253.8 0 -1.585328734E-05
254 0 -4.759849716E-05
254.2 0 -3.175813008E-05
254.4 0 -1.589198535E-05
254.6 0 -1.590492671E-05
254.8 0 -3.183577832E-05
255 0 -4.779261827E-05
255.2 0 -1.594387755E-05
255.4 0 -3.191380719E-05
255.6 0 -6.387980376E-05
255.8 0 -3.196603928E-05
256 0 -1.599610975E-05
256.2 0 -1.600922131E-05
256.4 0 1.929009884E-20
256.6 0 1.603550903E-05
256.8 0 4.814605588E-05
257 0 4.818564967E-05
257.2 0 3.215020576E-05
257.4 0 1.608834432E-05
257.6 0 3.220321517E-05
257.8 0 1.611489274E-05
258 0 -3.225639967E-05
258.2 0 3.228305785E-05
258.4 0 4.84646402E-05
258.6 0 3.233650662E-05
258.8 0 4.854494615E-05
259 0 6.478026534E-05
259.2 0 8.104253112E-05
259.4 0 6.488787375E-05
259.6 0 6.494181214E-05
259.8 0 4.87468802E-05
260 0 6.504995837E-05
260.2 0 9.765625E-05
260.4 0 0.0001140273144
260.6 0 0.0001141224958
260.8 0 8.158416876E-05
261 0 6.532190635E-05
261.2 0 8.17207113E-05
261.4 0 9.814698492E-05
261.6 0 4.911462699E-05
261.8 0 3.277055369E-05
262 0 3.279806885E-05
262.2 0 1.641281513E-05
262.4 0 4.510385023E-21
262.6 0 -1.644044613E-05
262.8 0 4.936288964E-05
263 0 3.293634064E-05
263.2 0 1.648206751E-05
263.4 0 1.649598818E-05
263.6 0 -4.952979713E-05
263.8 0 -3.304780034E-05
264 0 -4.961367485E-05
264.2 0 -4.965572034E-05
264.4 0 -1.656594572E-05
264.6 0 -8.603537049E-21
264.8 0 3.318819031E-05
265 0 1.660820578E-05
265.2 0 4.986702128E-05
265.4 0 6.654599659E-05
265.6 6.660272805E-06 3.330136402E-05
265.8 6.665955631E-06 1.666488908E-05
266 1.334329633E-05 3.335824082E-05
266.2 2.003205128E-05 5.008012821E-05
266.4 2.004918734E-05 -1.351969192E-20
266.6 2.006635274E-05 1.672196062E-05
266.8 2.008354756E-05 3.347257926E-05
267 2.010077187E-05 1.675064322E-05
267.2 2.011802575E-05 5.029506438E-05
267.4 2.684707904E-05 5.03382732E-05
267.6 3.358770421E-05 3.358770421E-05
267.8 4.033993115E-05 3.361660929E-05
268 4.0374677E-05 1.682278208E-05
268.2 4.714439655E-05 -2.632227904E-20
268.4 5.39257981E-05 -2.192258664E-20
268.6 6.071891192E-05 5.059909326E-05
268.8 6.752376837E-05 6.752376837E-05
269 7.434039792E-05 5.068663495E-05
269.2 8.116883117E-05 5.073051948E-05
269.4 8.800909879E-05 1.692482669E-05
269.6 8.808542931E-05 -1.693950564E-05
269.8 8.138020833E-05 -1.695421007E-05
270 8.145091225E-05 1.696894005E-05
270.2 8.152173913E-05 -3.476552202E-21
270.4 8.839208007E-05 -1.266553843E-20
270.6 8.846907666E-05 -1.190222566E-20
270.8 8.85462075E-05 3.405623365E-05
271 8.862347295E-05 5.11289267E-05
271.2 8.870087336E-05 3.411572052E-05
271.4 8.19493007E-05 6.829108392E-05
271.6 7.518591426E-05 8.543853893E-05
271.8 6.841068301E-05 5.130801226E-05
272 6.847063979E-05 1.711765995E-05
272.2 6.167763158E-05 6.853070175E-05
272.4 5.487269535E-05 8.573858648E-05
272.6 4.805579965E-05 8.581392794E-05
272.8 4.122691293E-05 0.0001030672823
273 3.438600352E-05 0.0001031580106
273.2 2.753303965E-05 6.883259912E-05
273.4 2.755731922E-05 1.722332451E-05
273.6 2.758164166E-05 -3.447705207E-05
273.8 2.760600707E-05 -6.901501767E-05
274 2.072281167E-05 1.726900973E-05
274.2 1.382743363E-05 0.0001209900442
274.4 6.919840567E-06 5.189880425E-05
274.6 6.925975177E-06 -5.194481383E-05
274.8 1.386424135E-05 -1.733030169E-05
275 1.387655417E-05 1.734569272E-05
275.2 2.777777778E-05 -1.736111111E-05
275.4 2.78024911E-05 -5.212967082E-05
275.6 3.478406055E-05 -5.217609083E-05
275.8 4.177807487E-05 1.740753119E-05
276 4.181534344E-05 1.742305977E-05
276.2 4.8828125E-05 1.743861607E-05
276.4 4.88717605E-05 1.745420018E-05
276.6 5.590339893E-05 -3.493962433E-05
276.8 6.294762757E-05 -3.497090421E-05
277 7.000448029E-05 -5.250336022E-05
277.2 6.306053812E-05 -8.758408072E-05
277.4 6.311714542E-05 -0.0001051952424
277.6 7.019317161E-05 -3.50965858E-05
277.8 6.323066547E-05 1.756407374E-05
278 6.328757876E-05 -5.273964896E-05
278.2 5.630630631E-05 -0.0001055743243
278.4 5.635707845E-05 -0.0001056695221
278.6 6.345893502E-05 -8.813740975E-05
278.8 6.351626016E-05 -0.0001235038392
279 5.650994575E-05 -0.0001589342224
279.2 5.656108597E-05 -8.837669683E-05
279.4 6.36888587E-05 9.668704913E-21
279.6 5.666364461E-05 -3.541477788E-05
279.8 4.962568058E-05 -0.0001063407441
280 4.257493188E-05 -0.0001773955495
280.2 4.261363636E-05 -0.0001598011364
280.4 3.554367607E-05 -1.777183803E-05
280.6 2.134562842E-05 -6.127153937E-21
280.8 1.424339107E-05 -3.560847767E-05
281 7.128193431E-06 -7.128193431E-05
281.2 0 -0.0001070205479
281.4 0 -8.926531079E-05
281.6 0 -5.360818847E-05
281.8 0 -3.577152015E-05
282 0 -1.790215399E-05
282.2 0 -1.791857798E-05
282.4 0 -7.501008684E-21
282.6 0 -3.590303309E-05
282.8 0 -0.0001078081877
283 0 -0.000125892035
283.2 0 -7.200460829E-05
283.4 0 -3.603551661E-05
283.6 0 -5.41031856E-05
283.8 0 -3.610212569E-05
284 0 -5.4203284E-05
284.2 0 -7.233796296E-05
284.4 0 -3.620250232E-05
284.6 0 -1.811804267E-05
284.8 0 -3.626973073E-05
285 0 -5.445515799E-05
285.2 7.26744186E-06 -7.26744186E-05
285.4 1.454841713E-05 -7.274208566E-05
285.6 2.184296365E-05 -7.280987884E-05
285.8 2.186333955E-05 -1.821944963E-05
286 2.18837535E-05 1.823646125E-05
286.2 2.190420561E-05 -1.825350467E-05
286.4 2.192469598E-05 -1.827057998E-05
286.6 2.194522472E-05 -1.828768727E-05
286.8 2.196579194E-05 -1.830482662E-05
287 2.198639775E-05 -3.125974858E-21
287.2 2.200704225E-05 1.833920188E-05
287.4 2.937030075E-05 5.506931391E-05
287.6 3.674741298E-05 3.674741298E-05
287.8 4.413841808E-05 -4.752580988E-20
288 5.154335533E-05 1.840834119E-05
288.2 5.159198113E-05 3.685141509E-05
288.4 5.901794145E-05 7.865087336E-21
288.6 5.907372401E-05 -1.846053875E-05
288.8 5.912961211E-05 1.847800378E-05
289 5.17874053E-05 1.849550189E-05
289.2 5.183649289E-05 1.851303318E-05
289.4 5.188567362E-05 3.706119545E-05
289.6 5.193494777E-05 1.854819563E-05
289.8 5.941064639E-05 1.8565827E-05
290 5.946717412E-05 3.716698382E-05
290.2 5.952380952E-05 7.906871913E-21
290.4 5.958055291E-05 -3.723784557E-05
290.6 5.963740458E-05 -3.727337786E-05
290.8 5.969436485E-05 -1.865448902E-05
291 5.975143403E-05 1.867232314E-05
291.2 5.980861244E-05 1.869019139E-05
291.4 5.986590038E-05 2.201779027E-21
291.6 5.992329818E-05 -1.872603068E-05
291.8 5.998080614E-05 -3.748800384E-05
292 6.003842459E-05 -2.668199688E-21
292.2 5.258413462E-05 -4.751144544E-20
292.4 5.263474495E-05 -1.87981232E-05
292.6 5.268545279E-05 -1.881623314E-05
292.8 4.520250723E-05 -1.883437801E-05
293 4.5246139E-05 -1.885255792E-05
293.2 4.528985507E-05 -5.661231884E-05
293.4 4.533365571E-05 -5.666706963E-05
293.6 3.781461762E-05 -5.672192643E-05
293.8 4.542151163E-05 -3.785125969E-05
294 4.546556741E-05 2.564916958E-20
294.2 4.550970874E-05 -1.896237864E-05
294.4 5.31462585E-05 1.898080661E-05
294.6 5.31979572E-05 5.699781128E-05
294.8 5.324975657E-05 5.705331061E-05
295 4.56871345E-05 5.710891813E-05
295.2 4.573170732E-05 7.62195122E-05
295.4 3.814697266E-05 9.536743164E-05
295.6 3.054740958E-05 5.727639296E-05
295.8 2.293297456E-05 3.822162427E-05
296 1.53036239E-05 -4.725338597E-21
296.2 7.659313725E-06 1.208283783E-20
296.4 0 4.728869344E-20
296.6 0 -1.918590373E-05
296.8 0 1.920476893E-05
297 0 5.767101378E-05
297.2 0 5.772783251E-05
297.4 0 7.704635108E-05
297.6 0 9.640301086E-05
297.8 0 5.789896245E-05
298 0 5.795623145E-05
298.2 0 3.867574257E-05
298.4 0 3.401516366E-20
298.6 0 2.059946473E-20
298.8 0 1.939548163E-05
299 0 1.941476143E-05
299.2 7.773631841E-06 -1.94340796E-05
299.4 1.5562749E-05 -1.945343625E-05
299.6 2.336739781E-05 3.894566301E-05
299.8 2.339071856E-05 7.796906188E-05
300 2.341408591E-05 5.853521479E-05
300.2 1.5625E-05 1.953125E-05
300.4 7.82032032E-06 1.95508008E-05
300.6 0 3.914078156E-05
300.8 0 3.918004012E-05
301 0 3.921937751E-05
301.2 0 4.008432244E-20
301.4 0 -3.929828974E-05
301.6 7.867573011E-06 -1.966893253E-05
301.8 1.575100806E-05 3.937752016E-05
302 2.365035318E-05 3.94172553E-05
302.2 1.578282828E-05 1.972853535E-05
302.4 7.899393327E-06 3.949696663E-05
302.6 0 1.976847166E-05
302.8 0 1.978850051E-05
303 0 1.980856998E-05
303.2 0 2.954447382E-20
303.4 0 1.98488313E-05
303.6 0 1.335826029E-21
303.8 0 -9.526025755E-21
304 0 -1.990953109E-05
304.2 0 -3.985969388E-05
304.4 0 1.979337344E-20
304.6 0 -1.997060327E-05
304.8 0 -1.999104401E-05
305 0 2.001152664E-05
305.2 0 4.006410256E-05
305.4 0 4.010523614E-05
305.6 0 6.02196814E-05
305.8 0 4.01877572E-05
306 0 3.113399242E-20
306.2 0 -2.013530928E-05
306.4 0 -4.03121775E-05
306.6 0 2.588367254E-20
306.8 0 8.079110651E-05
307 0 0.0001010934265
307.2 0 0.0001011981865
307.4 0 6.078189834E-05
307.6 0 1.359272948E-20
307.8 0 -2.030275468E-05
308 0 -4.064776275E-05
308.2 0 3.474694138E-20
308.4 0 4.073253389E-05
308.6 8.155010438E-06 4.077505219E-05
308.8 1.632706374E-05 4.081765935E-05
309 2.451621339E-05 4.086035565E-05
309.2 3.272251309E-05 4.090314136E-05
309.4 4.094601677E-05 2.047300839E-05
309.6 4.098898216E-05 2.049449108E-05
309.8 4.103203782E-05 5.598491257E-21
310 4.107518402E-05 -4.107518402E-05
310.2 4.111842105E-05 -6.167763158E-05
310.4 4.116174921E-05 -6.174262381E-05
310.6 4.120516878E-05 -2.060258439E-05
310.8 4.124868004E-05 -4.124868004E-05
311 4.12922833E-05 -2.064614165E-05
311.2 4.133597884E-05 -4.368946366E-20
311.4 4.137976695E-05 -4.137976695E-05
311.6 4.142364793E-05 -4.142364793E-05
311.8 4.146762208E-05 -2.073381104E-05
312 4.151168969E-05 -2.075584485E-05
312.2 4.155585106E-05 3.317399426E-21
312.4 3.32800852E-05 2.021828202E-20
312.6 4.164445629E-05 4.164445629E-05
312.8 4.168890075E-05 0.0001042222519
313 5.008012821E-05 4.173344017E-05
313.2 5.848930481E-05 -2.088903743E-05
313.4 7.528104925E-05 -2.091140257E-05
313.6 8.373526259E-05 -7.330948515E-21
313.8 0.0001005901288 5.22160802E-21
314 0.0001090896885 -1.867957444E-20
314.2 0.0001176075269 -6.169747191E-21
314.4 0.0001261437029 -4.763934243E-20
314.6 0.0001346982759 -9.095415057E-21
314.8 0.0001432713053 5.598169541E-21
315 0.000151862851 -2.109206263E-05
315.2 0.000160472973 -4.222972973E-05
315.4 0.0001691017316 -4.22754329E-05
315.6 0.0001777491874 -4.23212351E-05
315.8 0.0001864154013 -2.829388147E-22
316 0.0001951004343 2.120656895E-05
316.2 0.0002038043478 -4.863343198E-20
316.4 0.0002125272035 -2.125272035E-05
316.6 0.0002212690632 -2.127587146E-05
316.8 0.0002300299891 4.259814613E-05
317 0.0002388100437 4.264465066E-05
317.2 0.0002476092896 2.134562842E-05
317.4 0.0002564277899 2.136898249E-05
317.6 0.0002652656079 2.139238773E-05
317.8 0.0002655564693 2.14158443E-05
318 0.0002658479693 1.31863531E-20
318.2 0.0002661401099 2.146291209E-05
318.4 0.0002664328933 2.148652365E-05
318.6 0.0002667263216 2.151018722E-05
318.8 0.0002756339581 4.306780595E-05
319 0.0002845612583 2.155767108E-05
319.2 0.0002935082873 -2.158149171E-05
319.4 0.0003024751106 2.160536504E-05
319.6 0.000311461794 0.0001081464563
319.8 0.0003204684035 4.330654102E-05
320 0.0003208240844 6.003632394E-21
320.2 0.0003211805556 4.340277778E-05
320.4 0.0003302280311 6.517658509E-05
320.6 0.0003305957684 8.699888641E-05
320.8 0.0003309643255 4.354793757E-05
321 0.0003313337054 -2.179827009E-05
321.2 0.0003317039106 2.040679325E-20
321.4 0.0003233361298 4.369407159E-05
321.6 0.0003149496081 6.561450168E-05
321.8 0.0003065442825 4.379204036E-05
322 0.0002981200898 4.384118967E-05
322.2 0.0002896769663 8.778089888E-05
322.4 0.0002900028121 4.393982002E-05
322.6 0.0002903293919 1.076742239E-20
322.8 0.000290656708 2.201944758E-05
323 0.000290984763 4.408860045E-05
323.2 0.0002913135593 2.206920904E-05
323.4 0.0002916430995 -4.149644086E-20
323.6 0.0002919733862 2.211919592E-05
323.8 0.0002923044218 2.214427438E-05
324 0.0002926362089 -4.433881952E-05
324.2 0.00029296875 -6.658380682E-05
324.4 0.0002933020478 -2.483865954E-20
324.6 0.0002936361048 4.449031891E-05
324.8 0.0002939709236 -6.565421955E-21
325 0.0002943065068 -2.229594749E-05
325.2 0.0002946428571 -4.464285714E-05
325.4 0.0002949799771 -4.469393593E-05
325.6 0.0002953178694 3.170186914E-20
325.8 0.0002956565367 4.479644495E-05
326 0.0002959959816 -3.865673139E-20
326.2 0.0002963362069 -2.244971264E-05
326.4 0.0002966772152 2.247554661E-05
326.6 0.0002970190092 -4.500288018E-05
326.8 0.0002973615917 -4.505478662E-05
327 0.0002977049654 2.255340647E-05
327.2 0.0002980491329 -3.693197821E-20
327.4 0.0002983940972 -2.260561343E-05
327.6 0.000298739861 -4.873429612E-20
327.8 0.0002990864269 2.265806265E-05
328 0.0002994337979 2.268437863E-05
328.2 0.0003088662791 2.271075581E-05
328.4 0.0003183207218 2.273719441E-05
328.6 0.0003277972028 2.276369464E-05
328.8 0.000346411902 -2.420695656E-20
329 0.0003650700935 -4.563376168E-05
329.2 0.000365497076 -2.284356725E-05
329.4 0.0003659250585 -2.287031616E-05
329.6 0.0003755128957 2.921250863E-20
329.8 0.0003759536385 6.877200704E-05
330 0.0003763954172 9.180376028E-05
330.2 0.0003860294118 2.297794118E-05
330.4 0.0003864840989 -6.901501767E-05
330.6 0.0003961527123 -4.606426887E-05
330.8 0.0003873966942 2.0804143E-20
331 0.0003878546099 7.02875764E-21
331.2 0.0003883136095 8.039571494E-21
331.4 0.0003887736967 -2.314129147E-05
331.6 0.0003892348754 -4.633748517E-05
331.8 0.0003896971496 -2.319625891E-05
332 0.0003901605232 -1.963954231E-20
332.2 0.000390625 5.897573149E-21
332.4 0.000391090584 -2.327920143E-05
332.6 0.0003915572792 2.330698091E-05
332.8 0.0003920250896 7.000448029E-05
333 0.0003924940191 4.672547847E-05
333.2 0.0003929640719 -1.28805815E-20
333.4 0.0003934352518 4.683752998E-05
333.6 0.000393907563 2.344687875E-05
333.8 0.0003943810096 -4.695012019E-05
334 0.000385454272 4.700661853E-05
334.2 0.0003765060241 4.706325301E-05
334.4 0.000376960193 -2.356001206E-05
334.6 0.0003774154589 -4.717693237E-05
334.8 0.0003778718259 -2.361698912E-05
335 0.0003783292978 -2.364558111E-05
335.2 0.0003882575758 -5.872216677E-20
335.4 0.0003887287621 4.74059466E-05
335.6 0.000379708384 7.119532199E-05
335.8 0.0003801703163 7.128193431E-05
336 0.0003806333739 9.515834348E-05
336.2 0.000371570122 4.763719512E-05
336.4 0.0003720238095 -2.38476801E-05
336.6 0.0003629278729 -2.387683374E-05
336.8 0.000344247246 -7.171817625E-05
337 0.0003542432598 -4.787071078E-05
337.2 0.0003450920245 -2.396472393E-05
337.4 0.0003455159705 -9.597665848E-05
337.6 0.0003459409594 -9.609471095E-05
337.8 0.0003463669951 -2.405326355E-05
338 0.0003467940814 -4.816584464E-05
338.2 0.0003472222222 -9.645061728E-05
338.4 0.0003573084054 -7.242737948E-05
338.6 0.0003384127475 -4.834467822E-05
338.8 0.0003291511772 -4.840458488E-05
339 0.0003198666253 -4.84646402E-05
339.2 0.0003105590062 -2.426242236E-05
339.4 0.0003012282338 -2.42925995E-05
339.6 0.0003016033624 -4.864570361E-05
339.8 0.0003117206983 -7.305953865E-05
340 0.0003121098627 -0.0001706850811
340.2 0.0003125 -0.000146484375
340.4 0.0003128911139 -2.444461827E-05
340.6 0.000313283208 -2.447525063E-05
340.8 0.0003038739021 -7.351787955E-05
341 0.0003042556533 -4.907349246E-05
341.2 0.0002948113208 -4.913522013E-05
341.4 0.000285343199 -9.839420655E-05
341.6 0.000275851198 -4.92591425E-05
341.8 0.0002663352273 -2.466066919E-05
342 0.000256795196 2.469184576E-05
342.2 0.0002472310127 -4.944620253E-05
342.4 0.0002475443599 -9.901774398E-05
342.6 0.0002379441624 -2.478585025E-05
342.8 0.0002382465057 -7.445203304E-05
343 0.0002385496183 2.484891858E-05
343.2 0.0002289012739 4.97611465E-05
343.4 0.0002092633929 2.491230867E-05
343.6 0.0001995530013 4.988825032E-05
343.8 0.0001898177749 -2.406464213E-20
344 0.0001800576184 3.243170368E-20
344.2 0.0001702724359 2.50400641E-05
344.4 0.0001704910141 5.014441592E-05
344.6 0.0001707101542 1.553798744E-20
344.8 0.0001608751609 -7.541023166E-05
345 0.0001510148196 -0.0001006765464
345.2 0.0001512096774 -5.040322581E-05
345.4 0.0001413113695 -2.523417313E-05
345.6 0.0001313874515 -5.389399938E-20
345.8 0.0001214378238 -2.529954663E-05
346 0.0001114623865 -2.533236057E-05
346.2 0.000101461039 2.536525974E-05
346.4 9.14336801E-05 -1.248858089E-21
346.6 9.155273438E-05 5.086263021E-05
346.8 9.167209909E-05 2.546447197E-05
347 9.179177546E-05 -5.099543081E-05
347.2 9.191176471E-05 2.553104575E-05
347.4 9.203206806E-05 2.556446335E-05
347.6 9.215268676E-05 -5.119593709E-05
347.8 9.227362205E-05 -7.689468504E-05
348 9.239487516E-05 -7.69957293E-05
348.2 9.251644737E-05 5.139802632E-05
348.4 9.263833992E-05 0.0001029314888
348.6 8.245382586E-05 5.153364116E-05
348.8 8.256274769E-05 2.580085865E-05
349 8.267195767E-05 -2.583498677E-05
349.2 8.278145695E-05 5.17384106E-05
349.4 8.289124668E-05 7.771054377E-05
349.6 8.300132802E-05 2.593791501E-05
349.8 8.311170213E-05 -2.16502954E-20
350 7.28195739E-05 -5.201398136E-05
350.2 8.333333333E-05 -0.0001041666667
350.4 8.344459279E-05 -7.822930574E-05
350.6 8.355614973E-05 -5.222259358E-05
350.8 8.366800535E-05 -7.843875502E-05
351 6.283512064E-05 -5.236260054E-05
351.2 6.291946309E-05 -2.621644295E-05
351.4 5.250336022E-05 -5.250336022E-05
351.6 4.205921938E-05 -0.0001051480485
351.8 4.211590296E-05 -0.0001316121968
352 5.271592443E-05 -0.0001317898111
352.2 5.278716216E-05 -2.639358108E-05
352.4 5.285859269E-05 2.642929635E-05
352.6 5.29302168E-05 5.29302168E-05
352.8 6.360244233E-05 7.950305292E-05
353 7.430366848E-05 5.307404891E-05
353.2 8.503401361E-05 -2.657312925E-05
353.4 9.579359673E-05 -2.660933243E-05
353.6 9.592428377E-05 7.993690314E-05
353.8 9.605532787E-05 2.668203552E-05
354 8.549931601E-05 1.276529716E-20
354.2 8.561643836E-05 0.0001605308219
354.4 6.430041152E-05 0.0001339591907
354.6 5.365728022E-05 -5.365728022E-05
354.8 6.447730399E-05 -0.0001343277166
355 8.608815427E-05 -0.0002152203857
355.2 0.0001077586207 -5.387931034E-05
355.4 0.0001079074586 8.093059392E-05
355.6 9.725103734E-05 2.701417704E-05
355.8 8.656509695E-05 2.70515928E-05
356 8.66851595E-05 -5.417822469E-05
356.2 8.680555556E-05 -2.712673611E-05
356.4 7.60605007E-05 2.716446453E-05
356.6 6.528551532E-05 5.44045961E-05
356.8 5.44804742E-05 5.44804742E-05
357 5.455656425E-05 -2.727828212E-05
357.2 5.463286713E-05 -8.19493007E-05
357.4 5.470938375E-05 -0.0001094187675
357.6 4.382889201E-05 -2.73930575E-05
357.8 4.389044944E-05 5.237179481E-20
358 4.395218003E-05 2.747011252E-05
358.2 4.401408451E-05 5.501760563E-05
358.4 4.407616361E-05 3.147373748E-20
358.6 4.413841808E-05 -2.75865113E-05
358.8 4.420084866E-05 -2.762553041E-05
359 4.426345609E-05 -2.766466006E-05
359.2 4.432624113E-05 1.899444151E-20
359.4 3.329190341E-05 5.548650568E-05
359.6 2.222617354E-05 8.334815078E-05
359.8 1.112891738E-05 5.564458689E-05
360 1.114479315E-05 -5.572396576E-05
360.2 2.232142857E-05 -2.790178571E-05
360.4 2.235336195E-05 -2.66638758E-20
360.6 2.238538682E-05 2.798173352E-05
360.8 2.241750359E-05 8.406563845E-05
361 2.244971264E-05 2.80621408E-05
361.2 2.248201439E-05 -0.0001124100719
361.4 2.251440922E-05 2.814301153E-05
361.6 1.127344877E-05 0.0001691017316
361.8 0 5.644869942E-05
362 0 2.826519537E-05
362.2 1.132246377E-05 -5.661231884E-05
362.4 1.133889695E-05 2.834724238E-05
362.6 0 8.51653343E-05
362.8 0 4.144305416E-20
363 0 1.842137237E-20
363.2 0 -5.702554745E-05
363.4 0 -8.566337719E-05
363.6 0 2.567122118E-20
363.8 0 2.140882552E-20
364 0 -8.60407489E-05
364.2 0 -2.872242647E-05
364.4 0 5.752945508E-05
364.6 0 8.642146018E-05
364.8 0 2.884970458E-05
365 0 -2.889238166E-05
365.2 0 2.893518519E-05
365.4 0 -2.897811573E-05
365.6 0 -5.80423477E-05
365.8 0 2.906436012E-05
366 0 2.910767511E-05
366.2 0 -2.91511194E-05
366.4 0 -2.919469357E-05
366.6 0 -2.92383982E-05
366.8 0 4.725152771E-20
367 0 2.93262012E-05
367.2 0 1.833051904E-20
367.4 0 5.882906627E-05
367.6 0 5.891779789E-05
367.8 0 -4.592001013E-20
368 0 2.954803328E-05
368.2 0 2.959280303E-05
368.4 0 -2.390971639E-20
368.6 0 -2.968275076E-05
368.8 0 -5.945585997E-05
369 0 -9.067412931E-21
369.2 0 2.981870229E-05
369.4 0 2.002417702E-20
369.6 0 5.982006126E-05
369.8 0 0.0001198236196
370 0 6.000384025E-05
370.2 0 -3.004807692E-05
370.4 0 -3.009437596E-05
370.6 0 3.01408179E-05
370.8 0 2.446153661E-20
371 0 -3.023413313E-05
371.2 0 3.028100775E-05
371.4 0 6.06560559E-05
371.6 0 6.07503888E-05
371.8 0 3.042250779E-05
372 0 6.09399376E-05
372.2 0 6.103515625E-05
372.4 0 6.113067293E-05
372.6 0 3.061324451E-05
372.8 0 7.250964194E-20
373 0 6.141902516E-05
373.2 0 6.151574803E-05
373.4 0 6.161277603E-05
373.6 0 -3.085505529E-05
373.8 0 3.521215875E-20
374 0 3.095285261E-05
374.2 0 -3.100198413E-05
374.4 0 3.105127186E-05
374.6 0 6.220143312E-05
374.8 0 -9.345095694E-05
375 0 -0.000249600639
375.2 0 -0.0001875
375.4 0 -0.0001252003205
375.6 0 -9.405096308E-05
375.8 0 -9.420217042E-05
376 0 -9.435386473E-05
376.2 0 -0.0002205141129
376.4 0 -0.000378634895
376.6 1.264158576E-05 -0.0002212277508
376.8 0 -0.0001266207455
377 0 -0.0001902394481
377.2 1.270325203E-05 -6.351626016E-05
377.4 1.272394137E-05 3.180985342E-05
377.6 1.274469821E-05 -3.186174551E-05
377.8 1.276552288E-05 -6.382761438E-05
378 1.278641571E-05 -6.393207856E-05
378.2 0 -9.605532787E-05
378.4 0 -0.0001282840722
378.6 0 -3.212376645E-05
378.8 0 3.217668863E-05
379 0 -3.222978548E-05
379.2 0 -3.228305785E-05
379.4 0 9.964701268E-21
379.6 0 -2.022210796E-20
379.8 0 3.244393688E-05
380 0 3.249792013E-05
380.2 0 -3.255208333E-05
380.4 0 -4.962539561E-21
380.6 0 6.532190635E-05
380.8 0 3.271566164E-05
381 0 3.277055369E-05
381.2 0 1.911078574E-20
381.4 0 3.288089226E-05
381.6 0 6.587268128E-05
381.8 0 -6.59839527E-05
382 0 -3.304780034E-05
382.2 0 6.620762712E-05
382.4 0 2.564016511E-20
382.6 0 3.321641156E-05
382.8 0 9.981899489E-05
383 1.333191126E-05 5.183827889E-20
383.2 2.670940171E-05 -3.338675214E-05
383.4 2.675513699E-05 6.688784247E-05
383.6 2.680102916E-05 0.0001005038593
383.8 2.684707904E-05 -6.694213485E-20
384 2.689328744E-05 -3.361660929E-05
384.2 2.693965517E-05 3.367456897E-05
384.4 2.698618307E-05 6.746545769E-05
384.6 2.703287197E-05 3.379108997E-05
384.8 2.70797227E-05 3.384965338E-05
385 2.712673611E-05 -5.951791345E-20
385.2 2.717391304E-05 -7.626556553E-20
385.4 2.722125436E-05 6.805313589E-05
385.6 2.726876091E-05 3.62484377E-20
385.8 2.731643357E-05 -6.829108392E-05
386 2.73642732E-05 -3.420534151E-05
386.2 2.74122807E-05 -3.426535088E-05
386.4 2.746045694E-05 1.000593433E-19
386.6 2.750880282E-05 3.438600352E-05
386.8 2.755731922E-05 3.444664903E-05
387 2.760600707E-05 6.901501767E-05
387.2 2.765486726E-05 6.913716814E-05
387.4 2.770390071E-05 6.925975177E-05
387.6 2.775310835E-05 0.0001040741563
387.8 2.78024911E-05 0.0001042593416
388 2.785204991E-05 3.481506239E-05
388.2 2.790178571E-05 3.487723214E-05
388.4 2.795169946E-05 6.987924866E-05
388.6 2.800179211E-05 7.000448029E-05
388.8 2.805206463E-05 7.013016158E-05
389 2.810251799E-05 7.025629496E-05
389.2 2.815315315E-05 7.038288288E-05
389.4 2.820397112E-05 7.05099278E-05
389.6 2.825497288E-05 7.063743219E-05
389.8 2.830615942E-05 7.076539855E-05
390 2.835753176E-05 7.08938294E-05
390.2 2.840909091E-05 7.102272727E-05
390.4 2.846083789E-05 3.557604736E-05
390.6 2.851277372E-05 4.796312149E-20
390.8 2.856489945E-05 5.706657336E-20
391 2.861721612E-05 -1.371046229E-21
391.2 2.866972477E-05 3.583715596E-05
391.4 2.872242647E-05 -6.480386239E-21
391.6 2.877532228E-05 -5.939662842E-20
391.8 1.441420664E-05 7.207103321E-05
392 0 7.220425139E-05
392.2 0 -3.616898148E-05
392.4 0 -3.623608534E-05
392.6 0 -2.156311193E-20
392.8 2.909683426E-05 -7.274208566E-05
393 5.830223881E-05 -7.287779851E-05
393.2 7.301401869E-05 2.650430043E-20
393.4 7.315074906E-05 3.657537453E-05
393.6 8.794559099E-05 5.645338819E-20
393.8 0.0001027960526 8.815896313E-21
394 0.0001177024482 5.858672051E-20
394.2 0.0001326650943 1.136482828E-19
394.4 0.00014768431 -2.685560732E-20
394.6 0.0001627604167 1.790324481E-20
394.8 0.0001778937381 -3.706119545E-05
395 0.0001930846008 -7.426330798E-05
395.2 0.000193452381 -7.44047619E-05
395.4 0.0001938215649 -3.727337786E-05
395.6 0.0001941921606 -3.734464627E-05
395.8 0.0002095306513 -3.741618774E-05
396 0.00019493762 2.300384753E-20
396.2 0.0001802884615 4.463610583E-20
396.4 0.0001655828516 1.634193156E-21
396.6 0.0001508204633 -2.768677796E-20
396.8 0.0001360009671 2.827217804E-20
397 0.000121124031 9.83850459E-20
397.2 0.0001061893204 1.472253135E-19
397.4 9.119649805E-05 3.03376304E-20
397.6 7.614522417E-05 5.190743285E-20
397.8 6.103515625E-05 3.041211777E-20
398 4.586594912E-05 3.639817158E-20
398.2 3.06372549E-05 3.829656863E-05
398.4 3.069744597E-05 7.674361493E-05
398.6 3.075787402E-05 7.689468504E-05
398.8 3.081854043E-05 7.704635108E-05
399 3.087944664E-05 3.85993083E-05
399.2 3.094059406E-05 0.0001160272277
399.4 1.550099206E-05 0.0001550099206
399.6 1.553180915E-05 -3.882952286E-05
399.8 3.112549801E-05 -7.781374502E-05
400 1.559381238E-05 -1.497943973E-21
400.2 0 -3.90625E-05
400.4 0 -7.828156313E-05
400.6 0 -7.843875502E-05
400.8 0 -0.0001178948692
401 0 -0.0001181325605
401.2 0 -7.891414141E-05
401.4 0 -0.00011861083
401.6 0 -0.0001584685598
401.8 0 -0.0001190929878
402 0 -7.955702648E-05
402.2 0 -7.971938776E-05
402.4 0 -3.994120654E-05
402.6 0 -4.002305328E-05
402.8 0 -8.021047228E-05
403 0 -8.03755144E-05
403.2 0 -8.054123711E-05
403.4 0 -8.070764463E-05
403.6 0 -8.08747412E-05
403.8 0 -8.104253112E-05
404 0 -8.121101871E-05
404.2 0 -8.138020833E-05
404.4 0 -4.077505219E-05
404.6 0 -4.086035565E-05
404.8 0 -8.189203354E-05
405 0 -8.206407563E-05
405.2 0 -8.223684211E-05
405.4 0 -8.241033755E-05
405.6 0 -8.25845666E-05
405.8 0 -4.137976695E-05
406 0 8.293524416E-05
406.2 0 4.155585106E-05
406.4 0 -8.328891258E-05
406.6 0 -8.346688034E-05
406.8 0 -8.364561028E-05
407 0 -8.38251073E-05
407.2 0 -0.0001260080645
407.4 0 -0.0001262796336
407.6 0 -0.0001265523758
407.8 0 -4.22754329E-05
408 0 4.236713666E-05
408.2 0 -1.199506487E-19
408.4 0 -4.255174292E-05
408.6 0 -3.76457154E-20
408.8 0 4.273796499E-05
409 0 -4.28316886E-05
409.2 0 -4.292582418E-05
409.4 0 8.60407489E-05
409.6 0 8.623068433E-05
409.8 0 -4.321073009E-05
410 0 -4.330654102E-05
410.2 0 4.026095708E-20
410.4 0 4.349944321E-05
410.6 0 -1.875053462E-20
410.8 0 -0.0001310822148
411 0 -8.758408072E-05
411.2 0 -4.389044944E-05
411.4 0 -4.39893018E-05
411.6 0 -8.105551889E-20
411.8 0 2.797597179E-20
412 0 3.501152786E-20
412.2 0 4.438920455E-05
412.4 0 4.449031891E-05
412.6 0 -1.523537451E-19
412.8 0 -7.114021068E-21
413 0 6.035352832E-21
413.2 0 -4.347266614E-20
413.4 0 -2.670584965E-20
413.6 0 9.157258094E-20
413.8 0 -9.40757684E-21
414 0 -3.566046436E-20
414.2 0 -7.274054624E-21
414.4 0 -7.092217553E-20
414.6 0 -1.300157855E-19
414.8 0 -1.039922012E-19
415 0 -5.77383525E-20
415.2 0 5.137608119E-20
415.4 0 -3.239885134E-22
415.6 0 4.617316785E-05
415.8 0 4.628258294E-05
416 0 -4.639251781E-05
416.2 0 -4.650297619E-05
416.4 0 2.829628277E-20
416.6 0 4.672547847E-05
416.8 0 4.683752998E-05
417 1.878004808E-05 4.695012019E-05
417.2 3.765060241E-05 4.706325301E-05
417.4 5.661231884E-05 1.668538602E-19
417.6 7.566585956E-05 -1.658279639E-20
417.8 7.584951456E-05 -4.74059466E-05
418 7.603406326E-05 4.752128954E-05
418.2 5.716463415E-05 9.527439024E-05
418.4 5.730440098E-05 -9.550733496E-05
418.6 5.744485294E-05 -4.787071078E-05
418.8 3.839066339E-05 -4.798832924E-05
419 3.848522167E-05 1.089379321E-19
419.2 3.858024691E-05 4.822530864E-05
419.4 3.867574257E-05 -9.668935644E-05
419.6 1.938585608E-05 -9.69292804E-05
419.8 0 -4.8585199E-05
420 0 1.371927711E-19
420.2 0 1.668063357E-19
420.4 0 9.541875686E-20
420.6 0 5.82481086E-20
420.8 0 3.560478623E-20
421 0 -7.263361372E-20
421.2 0 -6.196111578E-20
421.4 0 1.015289128E-19
421.6 0 5.566999914E-20
421.8 0 -8.841582731E-21
422 0 3.52775435E-20
422.2 0 -3.616130696E-21
422.4 0 -9.495134223E-20
422.6 0 2.052912592E-20
422.8 0 4.116038143E-20
423 0 -1.126261169E-19
423.2 0 0.000101461039
423.4 0 -9.903663408E-20
423.6 0 -5.099543081E-05
423.8 0 5.11289267E-05
424 0 -6.351551727E-20
424.2 0 1.261299404E-20
424.4 0 5.153364116E-05
424.6 0 -8.535126495E-20
424.8 0 5.345373773E-20
425 0 1.186138282E-19
425.2 0 -5.208333333E-05
425.4 0 -8.798856077E-20
425.6 0 -2.130376442E-20
425.8 0 -7.897095707E-20
426 0 5.264487871E-05
426.2 0 -7.482287927E-20
426.4 0 -5.29302168E-05
426.6 0 -5.307404891E-05
426.8 0 -5.321866485E-05
427 0 1.396470841E-20
427.2 0 -4.237534836E-20
427.4 0 5.365728022E-05
427.6 0 5.380509642E-05
427.8 0 0.0001079074586
428 0 0.0001082063712
428.2 0 7.24648549E-20
428.4 0 -0.0001088091922
428.6 0 -5.455656425E-05
428.8 0 5.470938375E-05
429 0 2.201876308E-21
429.2 0 -5.501760563E-05
429.4 0 -5.51730226E-05
429.6 0 4.760742522E-20
429.8 0 0.0001109730114
430 0 0.0001112891738
430.2 0 1.727762833E-19
430.4 0 5.995413441E-21
430.6 0 4.416005038E-20
430.8 0 -4.564293091E-20
431 0 8.066773375E-20
431.2 0 -7.538467452E-20
431.4 0 -2.630448691E-20
431.6 0 -3.576936007E-20
431.8 0 -4.528872427E-21
432 0 -5.727639296E-05
432.2 0 -0.0001148897059
432.4 0 -5.761430678E-05
432.6 0 5.542133924E-20
432.8 0 1.169196721E-19
433 0 -5.812872024E-05
433.2 0 -1.179516408E-19
433.4 0 5.847679641E-05
433.6 0 1.000063377E-20
433.8 0 1.442664317E-19
434 0 6.101588447E-20
434.2 0 5.918560606E-05
434.4 0 5.936550152E-05
434.6 0 0.0001190929878
434.8 0 5.972859327E-05
435 0 -5.991180982E-05
435.2 0 1.123711504E-20
435.4 0 6.02816358E-05
435.6 0 -6.046826625E-05
435.8 2.426242236E-05 -0.0001819681677
436 2.433800623E-05 -6.084501558E-05
436.2 2.44140625E-05 1.72270526E-19
436.4 2.449059561E-05 4.690586545E-20
436.6 0 1.28899048E-19
436.8 0 6.161277603E-05
437 0 9.458099011E-20
437.2 2.48015873E-05 -6.200396825E-05
437.4 2.488057325E-05 6.220143312E-05
437.6 0 8.651879686E-20
437.8 0 -4.389802216E-20
438 0 6.280144695E-05
438.2 0 1.409183413E-19
438.4 0 6.32079288E-05
438.6 0 6.341314935E-05
438.8 0 -6.987290992E-20
439 0 -6.382761438E-05
439.2 0 -0.0001280737705
439.4 0 6.424753289E-05
439.6 0 0.0001289191419
439.8 0 -6.467301325E-05
440 2.59551495E-05 7.811278426E-20
440.2 5.208333333E-05 6.510416667E-05
440.4 5.225752508E-05 6.532190635E-05
440.6 5.243288591E-05 0.0001310822148
440.8 5.260942761E-05 0.0001972853535
441 5.278716216E-05 0.0002639358108
441.2 2.648305085E-05 0.0002648305085
441.4 0 0.0002657312925
441.6 0 0.0001333191126
441.8 0 6.688784247E-05
442 0 0.0001342353952
442.2 0 6.734913793E-05
442.4 0 -6.672725613E-20
442.6 0 -3.26994162E-20
442.8 0 6.355828286E-20
443 0 1.75843827E-20
443.2 0 4.463620591E-21
443.4 0 -6.877200704E-05
443.6 0 -6.901501767E-05
443.8 0 -6.925975177E-05
444 0 -6.950622776E-05
444.2 0 -1.088008778E-19
444.4 0 1.354763654E-21
444.6 0 -7.025629496E-05
444.8 0 -0.0001410198556
445 0 -7.076539855E-05
445.2 0 -0.0001420454545
445.4 0 -0.0002851277372
445.6 0 -0.0002146291209
445.8 0 -0.0001436121324
446 0 -7.207103321E-05
446.2 0 -7.233796296E-05
446.4 0 -0.0001452137546
446.6 0 -7.287779851E-05
446.8 0 1.373418808E-19
447 0 1.783152843E-20
447.2 0 -7.370283019E-05
447.4 0 -2.418169427E-19
447.6 0 7.426330798E-05
447.8 0 -7.454675573E-05
448 0 -7.483237548E-05
448.2 0 0.0002253605769
448.4 0 0.0003770511583
448.6 0 9.544652542E-20
448.8 0 -0.0001519941634
449 0 1.256851832E-19
449.2 0 -0.0001531862745
449.4 0 -0.0003075787402
449.6 0 -7.71986166E-05
449.8 0 7.750496032E-05
450 0 -7.781374502E-05
450.2 0 -7.8125E-05
450.4 0 1.721747489E-19
450.6 0 1.293081628E-19
450.8 0 -1.868472951E-20
451 0 -7.93953252E-05
451.2 0 7.971938776E-05
451.4 0 0.0001600922131
451.6 3.215020576E-05 -8.03755144E-05
451.8 3.228305785E-05 -2.072727832E-20
452 0 8.104253112E-05
452.2 0 -8.138020833E-05
452.4 0 3.280105477E-19
452.6 0 8.206407563E-05
452.8 0 8.241033755E-05
453 0 8.27595339E-05
453.2 0 8.80037408E-20
453.4 0 8.346688034E-05
453.6 0 -8.38251073E-05
453.8 0 -0.0001683728448
454 0 -8.45508658E-05
454.2 0 -8.491847826E-05
454.4 0 -3.867034172E-21
454.6 0 -8.566337719E-05
454.8 0 -8.60407489E-05
455 0 -1.51961423E-20
455.2 0 -7.498939624E-20
455.4 0 -3.819279283E-20
455.6 0 1.127538829E-19
455.8 0 3.108657518E-20
456 0 8.837669683E-05
456.2 0 0.0001775568182
456.4 0 8.918378995E-05
456.6 0 0.0001791857798
456.8 0 9.000576037E-05
457 0 -0.0001808449074
457.2 0 -0.0001816860465
457.4 0 -0.0001825350467
457.6 0 -9.169600939E-05
457.8 0 -9.998888957E-20
458 0 -4.115705948E-20
458.2 0 9.300595238E-05
458.4 0 1.613278558E-19
458.6 0 -3.670220427E-20
458.8 3.774154589E-05 9.435386473E-05
459 3.792475728E-05 4.181898966E-20
459.2 0 9.527439024E-05
459.4 0 2.262863712E-19
459.6 0 -9.621305419E-05
459.8 0 1.020834876E-20
460 0 -1.172880984E-19
460.2 0 4.426530661E-21
460.4 0 7.319075363E-20
460.6 0 -1.210429366E-19
460.8 0 -2.405728134E-20
461 0 7.198006009E-20
461.2 0 -2.507895712E-19
461.4 0 -6.244147784E-20
461.6 0 9.354044812E-20
461.8 0 -1.620248754E-20
462 0 -5.935991616E-20
462.2 0 -4.97307155E-20
462.4 0 1.303850199E-19
462.6 0 -0.0001038896277
462.8 0 9.091381937E-20
463 0 0.0001050067204
463.2 0 -0.0001055743243
463.4 0 -0.0001061480978
463.6 0 1.272665349E-19
463.8 0 1.493751828E-19
464 0 2.263840889E-19
464.2 0 1.411388574E-19
464.4 0 -1.540016646E-19
464.6 0 6.384119555E-22
464.8 0 0.0001103460452
465 0 2.311037854E-19
465.2 0 -0.0001116071429
465.4 0 0.0001122485632
465.6 0 -1.073196662E-19
465.8 0 -0.0001135537791
466 0 1.013695177E-19
466.2 0 0.0001148897059
466.4 0 6.26638879E-20
466.6 0 -0.0001162574405
466.8 0 0.0002339071856
467 0 0.0003529743976
467.2 0 -0.0001183712121
467.4 0 -1.002077779E-19
467.6 0 0.0001198236196
467.8 0 -1.137565044E-19
468 0 0.0002426242236
468.2 0 0.0001220703125
468.4 0 -1.955408542E-19
468.6 0 0.0001236155063
468.8 0 0.0001244028662
469 0 1.326471253E-19
469.2 0 0.0001260080645
469.4 0 0.0001268262987
469.6 0 2.23888663E-20
469.8 0 2.292259337E-19
470 0 -0.0001293460265
470.2 0 -0.0002604166667
470.4 0 -0.0001310822148
470.6 0 1.499364379E-19
470.8 0 0.0001328656463
471 0 4.934424289E-20
471.2 0 2.406243822E-19
471.4 0 -0.0001356336806
471.6 0 -0.0002731643357
471.8 0 -0.0002750880282
472 0 -0.0004155585106
472.2 0 1.605032782E-19
472.4 0 -7.438814556E-20
472.6 0 -0.0001415307971
472.8 0 -6.772546212E-21
473 0 -1.441542227E-19
473.2 0 -2.01400364E-19
473.4 0 -2.179842553E-19
473.6 0 -7.655755812E-21
473.8 0 9.176345521E-20
474 0 0.0001490935115
474.2 0 0.0001502403846
474.4 0 -0.0001514050388
474.6 0 -2.104644034E-19
474.8 0 0.0004613681102
475 0 0.0003100198413
475.2 0 -0.00015625
475.4 0 -0.0001575100806
475.6 0 -1.063532848E-19
475.8 0 -2.244991481E-19
476 0 -6.575363043E-20
476.2 0 -9.775629483E-20
476.4 0 -9.466530338E-20
476.6 0 4.035946086E-20
476.8 0 -0.0001669337607
477 0 -0.0003367456897
477.2 0 -4.18340979E-19
477.4 0 0.0001713267544
477.6 0 -6.756280269E-20
477.8 0 -3.261580709E-19
478 0 -2.063696124E-19
478.2 0 0.0001775568182
478.4 0 0.0003583715596
478.6 0 0.0003616898148
478.8 0 0.0001825350467
479 0 0.0001842570755
479.2 0 0.0001860119048
479.4 0 -0.0001878004808
479.6 0 -0.0001896237864
479.8 0 1.539450138E-19
480 0 0.0001933787129
480.2 0 0.0005859375
480.4 0 0.0005918560606
480.6 0 0.0001992984694
480.8 0 1.24165188E-19
481 0 0.0002034505208
481.2 0 0.0002055921053
481.4 0 0.0002077792553
481.6 0 0.0004200268817
481.8 0 0.0004245923913
482 0 0.0002146291209
482.2 0 -0.0002170138889
482.4 0 -0.0004389044944
482.6 0 -0.0004438920455
482.8 0 -0.0004489942529
483 0 -0.0002271075581
483.2 0 4.964498566E-19
483.4 0 2.310492593E-19
483.6 0 2.465916952E-19
483.8 0 7.962791787E-19
484 0 6.0156482E-19
484.2 0 1.615080386E-19
484.4 0 0.0002472310127
484.6 0 0.000250400641
484.8 0 -0.0002536525974
485 0 -0.0002569901316
485.2 0 0.0002604166667
485.4 0 0.0005278716216
485.6 0 0.0002675513699
485.8 0 5.756072553E-19
486 0 4.872876195E-19
486.2 0 -0.0002790178571
486.4 0 -0.0005661231884
486.6 0 -0.0008616727941
486.8 0 -0.0008745335821
487 0 -1.255668692E-19
487.2 0 0.0003004807692
487.4 0 -4.391372578E-19
487.6 0 -4.056364927E-19
487.8 0 1.950796609E-19
488 0 -0.0003201844262
488.2 0 -0.0006510416667
488.4 0 -0.0006620762712
488.6 0 -0.0006734913793
488.8 0 -0.0003426535088
489 0 -5.934837919E-19
489.2 0 1.958952876E-19
489.4 0 2.755972444E-19
489.6 0 -4.473050395E-19
489.8 0 6.366025603E-19
490 0 2.571710296E-19
490.2 0 -7.347575453E-19
490.4 0 -4.493885326E-19
490.6 0 -4.574044026E-19
490.8 0 9.727682861E-19
491 0 1.451063878E-18
491.2 0 -2.051596022E-19
491.4 0 5.970212359E-19
491.6 0 -5.046384869E-19
491.8 0 -7.898146257E-19
492 0 -1.666725381E-19
492.2 0 1.097251476E-18
492.4 0 5.955427543E-19
492.6 0 2.012719486E-18
492.8 0 1.612828564E-18
493 0 -6.779181614E-19
493.2 0 1.123458214E-18
493.4 0 -0.0005744485294
493.6 0 -0.001183712121
493.8 0 -0.0006103515625
494 0 2.212205756E-18
494.2 0 1.312725009E-18
494.4 0 -7.311844607E-20
494.6 0 1.219710713E-18
494.8 0 2.856134521E-18
495 0 2.178509934E-18
495.2 0 -3.287406664E-19
495.4 0 3.84357489E-19
495.6 0 4.352597839E-18
495.8 0 7.568407761E-19
496 0 -1.086079262E-18
496.2 0 -4.832502121E-19
496.4 0 1.851215893E-18
496.6 0 2.549008449E-19
496.8 0 -1.96633643E-18
497 0 -2.122841558E-18
497.2 0 2.407336819E-18
497.4 0 1.587049641E-18
497.6 0 -6.567409487E-20
497.8 0 3.719346963E-20
498 0 1.902714036E-18
498.2 0 -4.847404672E-18
498.4 0 -5.920783292E-18
498.6 0 -2.062888959E-18
498.8 0 1.174230029E-18
499 0 1.264604921E-18
499.2 0 -3.938597928E-18
499.4 0 -7.672678135E-18
499.6 0 -1.083307999E-17
499.8 0 -1.278868507E-17
500 0 8.625454775E-18
