0 0.007300204918 -6.247501E-05
0.2 0.006440625 0.0015859375
0.4 0.006018032213 0.0005861719688
0.6 0.005717073659 0.0003753002402
0.8 0.005434646576 0.000297231678
1 0.005164513221 0.0002582256611
1.2 0.004944263527 0.0002661573146
1.4 0.004698777065 0.000360239575
1.6 0.004490698957 0.0003603840754
1.8 0.004294993981 0.000274315309
2 0.004114813328 0.0002195403452
2.2 0.003943900602 0.00015687751
2.4 0.003775989353 0.000196175673
2.6 0.003611083199 0.0001491534365
2.8 0.003480599115 5.580131809E-21
3 0.003343724859 -7.85649638E-06
3.2 0.003216172032 3.929828974E-05
3.4 0.003116822665 9.435386473E-05
3.6 0.003017393274 7.865988723E-05
3.8 0.002908440774 0.0001416448429
4 0.002786804716 0.0001810635832
4.2 0.002677671371 9.450604839E-05
4.4 0.002584207342 0.0001260588947
4.6 0.00250012611 6.305488297E-05
4.8 0.002409668954 -8.673546629E-05
5 0.002334915186 -3.155290792E-05
5.2 0.002234848485 1.578282828E-05
5.4 0.002153647939 2.368381164E-05
5.6 0.002062904367 -1.57955924E-05
5.8 0.001984728964 -3.95049555E-05
6 0.001903328612 -7.904188588E-06
6.2 0.001821862348 6.325910931E-05
6.4 0.001727673147 6.328473066E-05
6.6 0.001652400729 -5.539657618E-05
6.8 0.00158023409 7.917004459E-06
7 0.001501672749 -1.584042985E-05
7.2 0.001451572008 -6.338742394E-05
7.4 0.001398259943 7.133979302E-05
7.6 0.001332216809 0.0001189479294
7.8 0.001269293258 2.379924858E-05
8 0.00121901666 -0
8.2 0.001171875 2.381859756E-05
8.4 0.001121517893 7.942761285E-06
8.6 0.001077476607 -3.972996338E-05
8.8 0.001042938543 -3.97461335E-05
9 0.001021096295 3.976231678E-05
9.2 0.0009928716904 7.955702648E-05
9.4 0.0009582569275 7.163050122E-05
9.6 0.0009267988178 -2.388656747E-05
9.8 0.0009112459217 -6.372349103E-05
10 0.0008861179111 -4.78121175E-05
10.2 0.0008577806122 -6.37755102E-05
10.4 0.0008326102491 -4.785116374E-05
10.6 0.0008233762255 -3.989225899E-05
10.8 0.0008173273396 -3.19268492E-05
11 0.0008112735078 3.193990188E-05
11.2 0.0007956288344 -1.597648262E-05
11.4 0.0007863645663 -3.99575491E-05
11.6 0.0007770927139 -3.997390503E-05
11.8 0.0007678132678 -6.398443898E-05
12 0.0007489246211 -5.600931995E-05
12.2 0.0007268186475 -0.0001200691598
12.4 0.000707897704 -9.609471095E-05
12.6 0.0006985746514 -8.011177194E-06
12.8 0.0006828323759 -9.814320856E-21
13 0.0006638700739 -8.017754516E-06
13.2 0.000648100616 1.604209446E-05
13.4 0.0006387376746 8.024342646E-06
13.6 0.0006261559803 -2.408292232E-05
13.8 0.0006071391859 -4.015470806E-05
14 0.0005913204443 -2.41027355E-05
14.2 0.000569058642 -5.626286008E-05
14.4 0.0005596438864 -8.040860436E-05
14.6 0.0005534390445 -2.413251647E-05
14.8 0.0005440100948 -2.414245983E-05
15 0.0005281327288 -4.830482275E-05
15.2 0.0005154639175 -4.832474227E-05
15.4 0.000506007632 -1.611489274E-05
15.6 0.0004771976888 4.030385885E-05
15.8 0.0004677177952 -1.384125977E-20
16 0.0004582300702 -9.680916976E-05
16.2 0.0004422778926 -0.0001533445248
16.4 0.0004360014469 -0.0001130374122
16.6 0.0004167959057 -0.0001211616005
16.8 0.0004105037236 -0.0001696964212
17 0.0003977390315 -0.0001455142798
17.2 0.0003881987578 -0.0001455745342
17.4 0.0003818869097 -9.708989229E-05
17.6 0.0003755698301 -8.094177373E-05
17.8 0.0003627694859 -8.097533167E-05
18 0.0003467181667 -4.050445873E-05
18.2 0.0003338952282 -4.862551867E-05
18.4 0.0003210616438 -8.107617269E-05
18.6 0.0003147061877 -7.299885797E-05
18.8 0.0003050997092 8.114353968E-06
19 0.000288991064 1.623545303E-05
19.2 0.0002826143451 -7.308991684E-05
19.4 0.0002762323211 -8.936928037E-05
19.6 0.0002633426966 -1.625572201E-05
19.8 0.0002569473356 -1.626248959E-05
20 0.0002505466472 -7.321168263E-05
20.2 0.0002376302083 -0.0001139322917
20.4 0.0002312161317 -4.884847853E-05
20.6 0.0002280546289 -4.072404087E-05
20.8 0.0002216312057 -4.888923655E-05
21 0.0002152024207 -1.630321369E-05
21.2 0.0002022442589 -6.524008351E-05
21.4 0.0002023287385 -6.5267335E-05
21.6 0.0002024132888 -1.632365232E-05
21.8 0.0001959657191 2.449571488E-05
22 0.0001927802175 -8.168653283E-06
22.2 0.0001895920502 -5.720449791E-05
22.4 0.0001864012139 -7.357942654E-05
22.6 0.0001766645729 -4.089457705E-05
22.8 0.000163646837 -3.272936741E-05
23 0.0001571668064 -5.730039816E-05
23.2 0.0001539570231 -6.551362683E-05
23.4 0.0001474674916 -5.734846896E-05
23.6 0.0001409725136 -4.098038187E-05
23.8 0.0001344720823 -4.099758606E-05
24 0.0001345285594 1.640592188E-05
24.2 0.000131302521 4.103203782E-05
24.4 0.0001215058848 -8.209857083E-06
24.6 0.0001182716569 -8.213309504E-06
24.8 0.0001183214135 -8.21676483E-06
25 0.0001249473906 -1.644044613E-05
25.2 0.0001217105263 8.223684211E-06
25.4 0.0001217617944 6.581718618E-05
25.6 0.0001119363675 9.05367678E-05
25.8 0.0001119835582 9.057493676E-05
26 0.0001087357655 6.590046394E-05
26.2 0.0001087816456 1.610291834E-20
26.4 0.0001088275644 1.610971569E-20
26.6 0.000108873522 1.649598818E-05
26.8 0.0001089195184 1.430004494E-20
27 0.0001089655537 2.027793983E-20
27.2 0.0001090116279 1.651691332E-05
27.4 0.0001057529611 -3.304780034E-05
27.6 0.0001057977148 -8.265446466E-05
27.8 0.0001091500847 -4.961367485E-05
28 0.0001091963151 1.654489623E-05
28.2 0.0001092425847 1.251516248E-20
28.4 9.935353964E-05 -4.139730818E-05
28.6 9.93956743E-05 -3.313189143E-05
28.8 0.0001060670344 -4.14324353E-05
29 0.0001061120543 -6.632003396E-05
29.2 0.0001028397028 -3.317409766E-05
29.4 0.00010288339 -3.318819031E-05
29.6 0.0001029271143 -7.470516362E-05
29.8 0.0001029708759 -4.152051446E-05
30 9.969162059E-05 -3.32305402E-05
30.2 9.973404255E-05 -8.311170213E-06
30.4 9.977650064E-05 -1.558114197E-20
30.6 9.981899489E-05 -7.486424617E-05
30.8 0.0001031902429 -5.825255646E-05
31 9.324381927E-05 -3.330136402E-05
31.2 9.661513859E-05 -4.997334755E-05
31.4 0.0001033223123 -2.499733362E-05
31.6 0.0001067008109 -2.500800256E-05
31.8 0.0001000747225 -5.003736123E-05
32 0.0001034547202 -8.343122597E-05
32.2 0.0001034989316 -6.677350427E-05
32.4 0.0001002030782 -3.340102608E-05
32.6 9.356287425E-05 -6.683062447E-05
32.8 9.694587077E-05 -0.0001002888318
33 0.0001036761558 -0.000108692744
33.2 0.0001003747323 -7.528104925E-05
33.4 0.0001004177378 -3.347257926E-05
33.6 9.376339477E-05 -3.34869267E-05
33.8 9.045347341E-05 6.174187329E-21
34 8.378914629E-05 -1.675782926E-05
34.2 8.0472103E-05 -9.220761803E-05
34.4 8.386109918E-05 -3.354443967E-05
34.6 8.054123711E-05 3.35588488E-05
34.8 8.057584873E-05 -3.357327031E-05
35 7.389294927E-05 -4.198463027E-05
35.2 7.728494624E-05 -2.52016129E-05
35.4 7.395654045E-05 -1.680830465E-05
35.6 7.062526905E-05 3.36310805E-05
35.8 7.065568475E-05 8.411391042E-06
36 6.058810857E-05 -1.683003016E-05
36.2 5.387931034E-05 -1.683728448E-05
36.4 5.39025442E-05 -2.526681759E-05
36.6 5.055543572E-05 2.527771786E-05
36.8 4.383362106E-05 3.371817005E-05
37 4.722582038E-05 1.686636442E-05
37.2 4.049676026E-05 8.436825054E-06
37.4 3.376188418E-05 -1.688094209E-05
37.6 3.377648076E-05 -4.222060095E-05
37.8 3.717019896E-05 -6.758217993E-05
38 4.732799654E-05 -5.070856772E-05
38.2 4.058441558E-05 -3.382034632E-05
38.4 4.736899091E-05 -4.229374188E-05
38.6 6.092937608E-05 -5.077448007E-05
38.8 7.111508453E-05 8.466081491E-06
39 7.792172593E-05 5.081851691E-05
39.2 8.134490239E-05 3.389370933E-05
39.4 8.816189236E-05 2.54313151E-05
39.6 9.498480243E-05 2.544235779E-05
39.8 9.163227628E-05 -3.39378801E-05
40 9.167209909E-05 -5.092894394E-05
40.2 9.171195652E-05 -3.109118982E-20
40.4 8.835363201E-05 1.699108308E-05
40.6 8.839208007E-05 2.54977154E-05
40.8 8.84305616E-05 2.550881585E-05
41 7.826110627E-05 -8.506641986E-06
41.2 7.829520697E-05 8.284311609E-21
41.4 7.83293374E-05 4.257029207E-05
41.6 8.177060619E-05 -1.703554296E-05
41.8 8.521487784E-05 -2.556446335E-05
42 8.525207333E-05 -1.241113496E-20
42.2 8.870087336E-05 1.705786026E-05
42.4 8.873962429E-05 8.532656182E-06
42.6 9.560751748E-05 -8.53638549E-06
42.8 0.0001024814167 -1.47745819E-20
43 0.0001093613298 -5.980697725E-05
43.2 0.0001162472648 -8.547592998E-05
43.4 0.0001197186953 -5.985934764E-05
43.6 0.0001197711345 -2.56652431E-05
43.8 0.0001198236196 -7.753888692E-22
44 0.0001233011837 -6.850065761E-05
44.2 0.0001302083333 -0.0001027960526
44.4 0.0001336935059 -8.570096534E-05
44.6 0.0001371817384 -6.859086918E-05
44.8 0.0001441040843 -1.715524813E-05
45 0.0001544650703 -2.90727197E-20
45.2 0.000154532967 2.575549451E-05
45.4 0.0001580364996 3.435576077E-05
45.6 0.0001615431148 -4.296359437E-05
45.8 0.0001650528169 -6.877200704E-05
46 0.0001651254954 -3.440114487E-05
46.2 0.0001720814978 -2.581222467E-05
46.4 0.0001687141913 -8.607866902E-06
46.6 0.0001618992504 -1.722332451E-05
46.8 0.0001550782973 -2.584638288E-05
47 0.0001516990291 -1.723852604E-05
47.2 0.0001517660044 -8.623068433E-06
47.4 0.0001518330389 2.588063163E-05
47.6 0.0001484478568 4.315344675E-05
47.8 0.0001450596817 2.590351459E-05
48 0.000145123839 3.4553295E-05
48.2 0.0001417311947 8.13030361E-22
48.4 0.000145252324 -4.322985834E-05
48.6 0.0001349368911 -8.649800709E-06
48.8 0.0001246123172 2.596089942E-05
49 0.0001212045656 1.731493794E-05
49.2 0.0001143292683 1.732261641E-05
49.4 0.0001074478705 2.599545253E-05
49.6 0.0001074955615 1.733799379E-05
49.8 0.0001006050178 2.601853908E-05
50 9.370835184E-05 2.603009773E-05
50.2 8.680555556E-05 2.604166667E-05
50.4 7.989662072E-05 1.736883059E-05
50.6 7.993216192E-05 8.68827847E-06
50.8 7.649087672E-05 -1.738429016E-05
51 7.304652716E-05 8.696015138E-06
51.2 7.307906459E-05 5.219933185E-05
51.4 6.614861854E-05 1.740753119E-05
51.6 6.269505127E-05 -1.741529202E-05
51.8 6.620762712E-05 1.742305977E-05
52 6.275100402E-05 5.229250335E-05
52.2 6.277901786E-05 3.487723214E-05
52.4 6.280705672E-05 4.361601161E-05
52.6 6.283512064E-05 6.108970063E-05
52.8 6.286320966E-05 6.111700939E-05
53 6.289132379E-05 2.620471825E-05
53.2 6.291946309E-05 -2.621644295E-05
53.4 6.644471799E-05 -3.493649906E-21
53.6 6.297581729E-05 2.623992387E-05
53.8 6.300403226E-05 3.500224014E-05
54 5.953047961E-05 4.377241147E-05
54.2 5.605381166E-05 1.751681614E-05
54.4 5.257402423E-05 4.381168686E-05
54.6 5.259762118E-05 7.013016158E-05
54.8 5.262123934E-05 1.754041311E-05
55 5.264487871E-05 -4.387073226E-05
55.2 5.266853933E-05 8.778089888E-06
55.4 4.917940647E-05 2.634611061E-05
55.6 4.56871345E-05 -8.785987404E-06
55.8 4.219171917E-05 1.561292356E-20
56 3.869315624E-05 -2.638169743E-05
56.2 3.519144144E-05 1.759572072E-05
56.4 2.816584047E-05 7.041460117E-05
56.6 2.113390442E-05 3.522317403E-05
56.8 1.409562472E-05 -4.404882724E-05
57 7.05099278E-06 -1.762748195E-05
57.2 3.527088036E-06 3.527088036E-05
57.4 0 5.29302168E-05
57.6 0 4.412844555E-05
57.8 0 -2.648903707E-05
58 0 1.766734509E-05
58.2 0 7.070135747E-05
58.4 0 1.768334088E-05
58.6 0 -2.653702446E-05
58.8 0 8.849682827E-06
59 0 -1.770738894E-05
59.2 0 -8.857709751E-06
59.4 0 8.861728675E-06
59.6 3.546300499E-06 -9.103461981E-21
59.8 7.09582198E-06 2.660933243E-05
60 7.099045888E-06 -8.87380736E-06
60.2 7.102272727E-06 -1.775568182E-05
60.4 7.105502501E-06 -1.776375625E-05
60.6 7.108735214E-06 -4.442959509E-05
60.8 7.111970869E-06 -2.666989076E-05
61 7.115209472E-06 -8.50076575E-22
61.2 7.118451025E-06 8.898063781E-06
61.4 3.560847767E-06 1.780423883E-05
61.6 0 -8.906178751E-06
61.8 3.564096715E-06 -1.782048358E-05
62 7.131446828E-06 -1.782861707E-05
62.2 7.134703196E-06 -3.567351598E-05
62.4 3.56898127E-06 -3.56898127E-05
62.6 0 -3.570612431E-05
62.8 0 -5.358367627E-05
63 0 -4.467349039E-05
63.2 0 -3.575514874E-05
63.4 0 -3.577152015E-05
63.6 3.578790655E-06 -4.473488319E-05
63.8 3.580430797E-06 -5.370646196E-05
64 3.582072444E-06 -3.582072444E-05
64.2 0 -1.791857798E-05
64.4 0 -1.792680128E-05
64.6 0 -2.690254821E-05
64.8 3.588654111E-06 -3.588654111E-05
65 7.180606618E-06 -1.795151654E-05
65.2 1.077586207E-05 2.693965517E-05
65.4 1.078081877E-05 1.796803128E-05
65.6 1.078578003E-05 -8.988150023E-06
65.8 1.079074586E-05 -8.992288214E-06
66 1.079571626E-05 -1.799286043E-05
66.2 1.080069124E-05 -4.500288018E-05
66.4 7.203780544E-06 -4.50236284E-05
66.6 3.603551661E-06 -9.008879151E-05
66.8 0 -0.0001081564375
67 0 -9.918917359E-05
67.2 7.217090069E-06 -9.923498845E-05
67.4 3.610212569E-06 -5.415318854E-05
67.6 7.223763292E-06 -4.514852057E-05
67.8 1.08406568E-05 -5.4203284E-05
68 1.446089773E-05 -5.42283665E-05
68.2 1.808449074E-05 -3.616898148E-05
68.4 2.171144048E-05 -1.809286707E-05
68.6 2.172150139E-05 -7.240500463E-05
68.8 2.173157163E-05 -0.0001177126796
69 1.811804267E-05 -9.059021336E-05
69.2 1.812645012E-05 -3.625290023E-05
69.4 1.450789229E-05 1.813486537E-05
69.6 1.088597306E-05 1.814328843E-05
69.8 7.260687732E-06 -9.075859665E-06
70 3.632031613E-06 -2.72402371E-05
70.2 0 -4.542151163E-05
70.4 0 -2.726558865E-05
70.6 0 -1.339425962E-20
70.8 3.638798323E-06 -1.819399162E-05
71 0 -1.820246971E-05
71.2 0 -1.821095571E-05
71.4 0 -1.821944963E-05
71.6 0 -3.645590294E-05
71.8 0 -1.823646125E-05
72 0 9.122489491E-06
72.2 0 8.573903436E-21
72.4 0 2.73930575E-05
72.6 0 2.740586997E-05
72.8 0 9.13956481E-06
73 0 9.143843633E-06
73.2 0 1.829625293E-05
73.4 0 1.830482662E-05
73.6 0 3.804929389E-21
73.8 0 -9.160999062E-06
74 0 -9.165297982E-06
74.2 0 1.058681662E-20
74.4 0 1.834781588E-05
74.6 0 -1.835643797E-05
74.8 0 -1.178518121E-20
75 0 4.593426623E-05
75.2 0 4.595588235E-05
75.4 3.678201507E-06 3.678201507E-05
75.6 3.679934056E-06 9.199835139E-06
75.8 0 1.840834119E-05
76 0 2.762553041E-05
76.2 0 -9.212853774E-06
76.4 7.373761208E-06 9.21720151E-06
76.6 3.688621341E-06 9.221553352E-06
76.8 3.690363722E-06 -9.225909306E-06
77 3.69210775E-06 9.230269376E-06
77.2 7.387706856E-06 -3.693853428E-05
77.4 7.391201514E-06 -4.619500946E-05
77.6 3.69734974E-06 -9.243374349E-06
77.8 3.699100379E-06 -1.849550189E-05
78 3.700852676E-06 -1.850426338E-05
78.2 3.702606635E-06 1.851303318E-05
78.4 7.408724514E-06 1.106124992E-20
78.6 1.111835863E-05 -1.853059772E-05
78.8 7.415757E-06 -1.85393925E-05
79 1.112891738E-05 9.274097816E-06
79.2 1.113420428E-05 1.855700713E-05
79.4 1.11394962E-05 -9.282913498E-06
79.6 1.114479315E-05 9.287327627E-06
79.8 1.115009515E-05 -9.291745956E-06
80 7.436934793E-06 -9.296168491E-06
80.2 7.44047619E-06 -1.860119048E-05
80.4 7.444020962E-06 -2.791507861E-05
80.6 7.447569113E-06 9.309461392E-06
80.8 7.451120649E-06 4.012633453E-21
81 7.454675573E-06 -7.486572547E-21
81.2 3.729116945E-06 -9.322792363E-06
81.4 3.730897803E-06 -2.993996076E-21
81.6 3.732680363E-06 1.866340182E-05
81.8 0 -5.184274525E-21
82 0 9.340626495E-06
82.2 0 1.869019139E-05
82.4 7.479655337E-06 -9.349569172E-06
82.6 1.49664751E-05 -1.092413482E-21
82.8 1.871705798E-05 4.679264494E-05
83 1.872603068E-05 1.872603068E-05
83.2 1.873501199E-05 -2.810251799E-05
83.4 1.874400192E-05 -3.748800384E-05
83.6 1.875300048E-05 -6.563550168E-05
83.8 2.626681076E-05 -6.56670269E-05
84 2.627943296E-05 -9.385511773E-06
84.2 2.629206731E-05 9.390024038E-06
84.4 2.254689755E-05 -9.394540645E-06
84.6 2.255774783E-05 1.773920488E-20
84.8 2.256860857E-05 3.761434762E-05
85 2.257947977E-05 2.822434971E-05
85.2 1.88253012E-05 -1.88253012E-05
85.4 1.883437801E-05 -1.074664577E-20
85.6 1.884346358E-05 1.884346358E-05
85.8 1.885255792E-05 2.827883687E-05
86 1.886166103E-05 8.487747465E-05
86.2 1.887077295E-05 3.774154589E-05
86.4 1.887989367E-05 9.439946834E-06
86.6 1.888902321E-05 4.722255803E-05
86.8 2.26777939E-05 1.889816159E-05
87 2.647023233E-05 4.726827202E-05
87.2 2.648305085E-05 1.891646489E-05
87.4 2.649588178E-05 -3.785125969E-05
87.6 3.029568589E-05 -9.467401842E-06
87.8 3.409917556E-05 -9.47199321E-06
88 3.790635614E-05 -1.895317807E-05
88.2 3.792475728E-05 1.896237864E-05
88.4 3.414885867E-05 -2.845738222E-05
88.6 3.796161322E-05 -5.694241983E-05
88.8 3.798006806E-05 -1.800100474E-21
89 3.799854086E-05 9.499635214E-06
89.2 3.801703163E-05 9.504257908E-06
89.4 3.803554041E-05 -1.90177702E-05
89.6 3.805406722E-05 9.513516805E-06
89.8 3.807261209E-05 3.807261209E-05
90 3.809117504E-05 -4.67527048E-22
90.2 3.81097561E-05 3.81097561E-05
90.4 3.431551977E-05 7.625671059E-05
90.6 3.051757812E-05 5.722045898E-05
90.8 3.434904739E-05 4.770701026E-05
91 3.818426197E-05 3.818426197E-05
91.2 4.584352078E-05 -2.865220049E-05
91.4 4.968811155E-05 9.555406067E-06
91.6 4.97124327E-05 0.0001242810817
91.8 5.356268364E-05 6.695335455E-05
92 5.74167075E-05 -2.870835375E-05
92.2 5.744485294E-05 9.574142157E-06
92.4 5.364149093E-05 5.747302599E-05
92.6 6.133464181E-05 2.875061335E-05
92.8 6.90353461E-05 -4.794121257E-05
93 8.058079568E-05 -3.837180747E-05
93.2 9.597665848E-05 1.91953317E-05
93.4 0.0001113876598 3.840953786E-05
93.6 0.0001191281358 2.882132317E-05
93.8 0.0001268762303 -1.922367126E-05
94 0.000138478582 -9.616568193E-06
94.2 0.0001539408867 -2.886391626E-05
94.4 0.0001694184327 9.626047314E-06
94.6 0.0001733542899 2.889238166E-05
94.8 0.0001811482486 -3.854218056E-05
95 0.0001928060217 9.640301086E-06
95.2 0.000200617284 2.893518519E-05
95.4 0.000204576334 -4.824913538E-05
95.6 0.0002085392981 -7.723677706E-05
95.8 0.000212506182 -4.829685955E-05
96 0.000212611331 2.899245423E-05
96.2 0.0002127165842 9.668935644E-06
96.4 0.0002128219416 -1.934744923E-05
96.6 0.0002129274034 2.9035555E-05
96.8 0.0002130329698 5.809990084E-05
97 0.0002131386409 9.68812004E-06
97.2 0.0002132444169 -3.247439486E-21
97.4 0.0002172293942 2.909322244E-05
97.6 0.0002173373075 -9.702558371E-06
97.8 0.0002213282803 -2.912214215E-05
98 0.0002214383391 -1.942441571E-05
98.2 0.0002176616915 -9.717039801E-06
98.4 0.0002177700348 -9.721876556E-06
98.6 0.0002062064243 -1.945343625E-05
98.8 0.0002024165421 -1.946312905E-05
99 0.0001986228814 -3.894566301E-05
99.2 0.0001948254364 -8.767144638E-05
99.4 0.0001949226547 -3.898453094E-05
99.6 0.0001872191712 -2.925299551E-05
99.8 0.0001834103397 -4.877934565E-05
100 0.0001756934033 -3.904297851E-05
100.2 0.00016796875 -1.953125E-05
100.4 0.0001641445723 6.839357179E-05
100.6 0.0001485860861 5.86524024E-05
100.8 0.0001447483726 -1.956059089E-05
101 0.0001409068136 9.785195391E-06
101.2 0.0001370614035 9.790100251E-06
101.4 0.0001371301404 -9.79501003E-06
101.6 0.0001293590065 4.899962368E-05
101.8 0.000125502008 2.941453313E-05
102 0.0001216411351 2.874329543E-21
102.2 0.0001217022613 -5.888819095E-05
102.4 0.0001256913022 -9.819632981E-05
102.6 0.0001296843561 -3.929828974E-05
102.8 0.0001336814293 -6.341902444E-21
103 0.0001337487412 -1.966893253E-05
103.2 0.0001338161209 -1.967884131E-05
103.4 0.0001299458165 1.968876008E-05
103.6 0.0001260716087 1.969868886E-05
103.8 0.0001221934914 9.854313824E-06
104 0.0001143677436 -9.859288238E-06
104.2 0.000110479798 -2.959280303E-05
104.4 0.0001065879232 -9.869252148E-06
104.6 0.0001026921132 -9.874241658E-06
104.8 0.0001027440567 -5.92754173E-05
105 9.88423583E-05 -6.918965081E-05
105.2 9.493670886E-05 -5.933544304E-05
105.4 9.498480243E-05 -1.627319745E-20
105.6 8.711353269E-05 3.959706031E-05
105.8 8.319599391E-05 1.980856998E-05
106 7.927447996E-05 -2.178412327E-20
106.2 6.741751269E-05 2.97430203E-05
106.4 5.554850178E-05 2.975812595E-05
106.6 5.160696138E-05 -4.962207825E-05
106.8 4.766141332E-05 -1.985892222E-05
107 4.371185148E-05 3.97380468E-05
107.2 3.578244275E-05 9.93956743E-06
107.4 3.182281059E-05 9.94462831E-06
107.6 3.581889964E-05 3.979877738E-05
107.8 3.981906218E-05 -9.954765545E-06
108 4.382330444E-05 -3.983936767E-05
108.2 4.783163265E-05 9.964923469E-06
108.4 4.386804492E-05 1.994002042E-05
108.6 4.78804903E-05 -9.975102145E-06
108.8 4.790495657E-05 -4.990099642E-05
109 4.792944785E-05 -6.989711145E-05
109.2 4.795396419E-05 1.998081841E-05
109.4 4.797850563E-05 5.997313204E-05
109.6 5.200332821E-05 2.348602586E-20
109.8 5.603227459E-05 -2.001152664E-05
110 5.606099436E-05 2.00217837E-05
110.2 5.608974359E-05 3.004807692E-05
110.4 5.611852232E-05 -6.75084887E-21
110.6 6.015785421E-05 3.00789271E-05
110.8 5.617616846E-05 1.003145865E-05
111 4.817574512E-05 -2.250236668E-20
111.2 4.016709512E-05 4.016709512E-05
111.4 4.01877572E-05 3.01408179E-05
111.6 4.020844056E-05 1.005211014E-05
111.8 4.022914521E-05 -3.017185891E-05
112 3.622488408E-05 -1.00624678E-05
112.2 3.62435567E-05 1.006765464E-05
112.4 3.626224858E-05 -3.021854048E-05
112.6 3.628095975E-05 -4.03121775E-05
112.8 4.033298916E-05 -4.033298916E-05
113 4.438920455E-05 -3.026536674E-05
113.2 4.44121447E-05 -2.01873385E-05
113.4 4.443510858E-05 -4.039555326E-05
113.6 4.445809622E-05 -5.052056389E-05
113.8 4.448110766E-05 -5.054671325E-05
114 4.450414293E-05 -3.034373382E-05
114.2 4.452720207E-05 1.011981865E-05
114.4 4.455028512E-05 4.05002592E-05
114.6 4.457339212E-05 3.039094917E-05
114.8 4.459652309E-05 1.013557343E-05
115 4.461967809E-05 3.042250779E-05
115.2 4.058441558E-05 3.043831169E-05
115.4 3.654495842E-05 2.030275468E-05
115.6 3.656396256E-05 3.04699688E-05
115.8 4.064776275E-05 2.032388137E-05
116 4.473581468E-05 3.050169183E-05
116.2 4.475911458E-05 3.051757812E-05
116.4 4.478243877E-05 2.035565399E-05
116.6 4.480578728E-05 -3.054940042E-05
116.8 5.297991654E-05 -4.075378195E-05
117 5.300756785E-05 1.019376305E-05
117.2 5.303524804E-05 2.440099114E-20
117.4 5.714472309E-05 -7.905340228E-21
117.6 6.125849451E-05 1.020974909E-05
117.8 6.129053347E-05 1.021508891E-05
118 6.54107797E-05 -1.022043433E-05
118.2 7.362565445E-05 -2.045157068E-05
118.4 7.775667889E-05 -1.023114196E-05
118.6 7.779743187E-05 1.011020187E-20
118.8 8.19349764E-05 1.024187205E-05
119 8.607686254E-05 1.024724554E-05
119.2 8.612204724E-05 1.025262467E-05
119.4 8.206407563E-05 3.077402836E-05
119.6 8.621255912E-05 3.079019968E-05
119.8 8.625788644E-05 3.080638801E-05
120 8.630326144E-05 3.082259337E-05
120.2 8.634868421E-05 2.993901963E-21
120.4 9.050816219E-05 2.073804632E-20
120.6 9.055584826E-05 1.02904373E-05
120.8 9.060358461E-05 1.029586189E-05
121 8.653085443E-05 2.060258439E-05
121.2 8.245382586E-05 1.030672823E-05
121.4 7.837249208E-05 3.093651003E-05
121.6 7.428684628E-05 7.222332277E-05
121.8 6.606765328E-05 7.226149577E-05
122 5.783976732E-05 4.131411951E-05
122.2 4.96031746E-05 3.100198413E-05
122.4 4.13578613E-05 3.101839598E-05
122.6 3.310381356E-05 1.034494174E-05
122.8 3.312135665E-05 3.105127186E-05
123 3.313891835E-05 8.284729586E-05
123.2 3.315649867E-05 8.289124668E-05
123.4 3.732085987E-05 2.073381104E-05
123.6 3.734067977E-05 3.111723314E-05
123.8 3.320935175E-05 6.226753454E-05
124 3.738038278E-05 1.038343966E-05
124.2 4.571143617E-05 2.253370036E-20
124.4 4.57357637E-05 -1.039449175E-05
124.6 4.576011715E-05 -2.080005325E-05
124.8 4.994672349E-05 4.162226958E-05
125 5.413779318E-05 4.249864399E-22
125.2 5.416666667E-05 -3.125E-05
125.4 5.836446105E-05 -2.546277763E-20
125.6 5.8395622E-05 1.042778964E-05
125.8 5.842681624E-05 4.173344017E-05
126 5.845804383E-05 1.04389364E-05
126.2 6.26671123E-05 3.638505685E-21
126.4 6.270064205E-05 -1.125801612E-20
126.6 6.273420771E-05 -4.182280514E-05
126.8 5.85832887E-05 -3.138390466E-05
127 5.861468382E-05 1.046690782E-05
127.2 4.189008043E-05 -5.236260054E-05
127.4 4.191255365E-05 -4.191255365E-05
127.6 4.193505099E-05 2.643084596E-20
127.8 3.776181525E-05 -5.244696563E-05
128 3.358409457E-05 -2.099005911E-05
128.2 3.360215054E-05 -2.100134409E-05
128.4 2.941769769E-05 -4.202528241E-05
128.6 3.363832078E-05 2.717220491E-20
128.8 3.365643511E-05 2.103527194E-05
129 3.367456897E-05 -1.295015054E-20
129.2 3.369272237E-05 -2.105795148E-05
129.4 3.371089536E-05 1.05346548E-05
129.6 2.951295197E-05 -8.686333344E-21
129.8 2.952888769E-05 -3.163809395E-05
130 2.954484063E-05 1.05517288E-05
130.2 2.956081081E-05 2.111486486E-05
130.4 2.957679827E-05 4.225256896E-05
130.6 2.959280303E-05 4.22754329E-05
130.8 2.960882512E-05 3.17237412E-05
131 2.962486457E-05 1.058030878E-05
131.2 2.964092141E-05 -4.234417344E-05
131.4 2.965699566E-05 -3.177535249E-05
131.6 2.967308736E-05 -4.23901248E-05
131.8 2.968919653E-05 -4.241313789E-05
132 2.970532319E-05 -1.0609044E-05
132.2 2.972146739E-05 2.122961957E-05
132.4 2.973762915E-05 7.434407287E-05
132.6 2.975380849E-05 6.375816104E-05
132.8 2.977000544E-05 3.18964344E-05
133 2.978622004E-05 1.063793573E-05
133.2 2.980245232E-05 1.064373297E-05
133.4 2.981870229E-05 2.129907306E-05
133.6 2.983496999E-05 -2.131069285E-05
133.8 2.985125546E-05 -3.198348799E-05
134 2.986755871E-05 -2.133397051E-05
134.2 2.988387978E-05 -1.067281421E-05
134.4 2.99002187E-05 -2.059135799E-21
134.6 2.991657549E-05 -1.099199308E-20
134.8 2.993295019E-05 3.207101806E-05
135 2.994934283E-05 3.20885816E-05
135.2 2.996575342E-05 -1.070205479E-05
135.4 2.998218202E-05 -2.14158443E-05
135.6 3.428414701E-05 6.239259028E-21
135.8 3.430296378E-05 -3.75587582E-20
136 3.432180121E-05 2.145112576E-05
136.2 3.434065934E-05 3.219436813E-05
136.4 3.435953821E-05 4.294942276E-05
136.6 3.437843784E-05 8.594609461E-05
136.8 3.439735828E-05 6.449504678E-05
137 3.441629956E-05 3.226528084E-05
137.2 3.443526171E-05 2.247084147E-20
137.4 3.445424476E-05 2.153390298E-05
137.6 3.447324876E-05 5.386445119E-05
137.8 3.449227373E-05 1.077883554E-05
138 3.019740475E-05 4.313914964E-05
138.2 3.02140884E-05 5.395372928E-05
138.4 2.591210614E-05 4.318684356E-05
138.6 3.024751106E-05 4.321073009E-05
138.8 3.458771444E-05 -2.161732153E-05
139 3.893272425E-05 1.081464563E-05
139.2 4.328254848E-05 5.41031856E-05
139.4 4.330654102E-05 -1.082663525E-05
139.6 5.199667221E-05 -2.166528009E-05
139.8 6.069644839E-05 -6.400015987E-21
140 5.639228207E-05 2.168933926E-05
140.2 6.510416667E-05 3.255208333E-05
140.4 7.382573652E-05 2.171345192E-05
140.6 7.821190211E-05 -5.431382091E-05
140.8 8.260294936E-05 -8.695047301E-05
141 8.264894209E-05 -1.08748608E-05
141.2 8.704735376E-05 2.176183844E-05
141.4 8.709587514E-05 3.266095318E-05
141.6 8.278722811E-05 8.968315321E-21
141.8 7.847377232E-05 1.089913504E-05
142 7.415549972E-05 3.271566164E-05
142.2 6.546787709E-05 -2.18226257E-05
142.4 6.113750699E-05 -3.275223589E-05
142.6 5.680229306E-05 -3.277055369E-05
142.8 5.24622272E-05 -7.650741466E-05
143 5.249160134E-05 -5.46787514E-05
143.2 4.3767507E-05 -1.094187675E-05
143.4 4.379204036E-05 -1.836018449E-21
143.6 4.819826136E-05 7.862713861E-21
143.8 4.822530864E-05 -4.384118967E-05
144 4.82523863E-05 -2.193290286E-05
144.2 4.389044944E-05 -2.194522472E-05
144.4 3.952360877E-05 -8.783024171E-05
144.6 4.393982002E-05 -6.590973003E-05
144.8 3.956809229E-05 -5.495568374E-05
145 3.959037162E-05 -5.498662725E-05
145.2 4.841549296E-05 -2.200704225E-05
145.4 4.844278467E-05 -1.100972379E-05
145.6 6.16892273E-05 -3.304780034E-05
145.8 7.054176072E-05 1.070295431E-20
146 7.940429136E-05 4.41134952E-05
146.2 7.944915254E-05 2.206920904E-05
146.4 8.391040136E-05 1.104084228E-05
146.6 8.837669683E-05 2.209417421E-05
146.8 9.284804754E-05 3.316001698E-05
147 9.732446206E-05 1.56283395E-20
147.2 0.000101805949 -1.106586402E-05
147.4 0.000106292517 1.107213719E-05
147.6 0.0001107841747 -1.107841747E-05
147.8 0.0001152809308 -1.108470488E-05
148 0.0001109099943 2.218199886E-05
148.2 0.0001109730114 4.438920455E-05
148.4 0.0001110361001 1.110361001E-05
148.6 0.0001155432309 1.110992605E-05
148.8 0.0001111624929 4.446499715E-05
149 0.0001067767654 2.224515945E-05
149.2 0.0001023860399 2.225783476E-05
149.4 0.0001024444128 7.79468358E-05
149.6 9.80462065E-05 7.799130063E-05
149.8 9.364297945E-05 2.229594749E-05
150 8.477298686E-05 3.346302113E-05
150.2 8.035714286E-05 3.348214286E-05
150.4 7.593624929E-05 1.116709548E-05
150.6 7.597969108E-05 3.352045195E-05
150.8 7.60231826E-05 2.235975959E-05
151 7.606672394E-05 -1.637948043E-20
151.2 7.611031519E-05 1.119269341E-05
151.4 7.615395642E-05 2.239822248E-05
151.6 7.619764773E-05 2.241107286E-05
151.8 7.624138921E-05 3.3635907E-05
152 7.179781735E-05 4.487363584E-05
152.2 7.632902299E-05 2.244971264E-05
152.4 7.637291547E-05 3.369393329E-05
152.6 7.192174914E-05 4.495109321E-05
152.8 6.746545769E-05 4.497697179E-05
153 6.300403226E-05 4.500288018E-05
153.2 5.853746398E-05 2.251440922E-05
153.4 5.406574394E-05 4.505478662E-05
153.6 4.958886324E-05 4.508078477E-05
153.8 4.510681293E-05 2.255340647E-05
154 4.061958406E-05 5.641608897E-05
154.2 3.612716763E-05 5.644869942E-05
154.4 3.614806246E-05 1.129626952E-05
154.6 3.616898148E-05 3.390842014E-05
154.8 3.618992472E-05 3.392805443E-05
155 3.621089224E-05 2.263180765E-05
155.2 3.623188406E-05 -3.368263496E-21
155.4 3.17212877E-05 -2.265806265E-05
155.6 3.62739408E-05 -1.13356065E-05
155.8 3.629500581E-05 -1.134218931E-05
156 3.631609529E-05 1.134877978E-05
156.2 3.63372093E-05 3.406613372E-05
156.4 3.635834788E-05 3.408595113E-05
156.6 4.547438882E-05 2.273719441E-05
156.8 5.91511357E-05 1.13752184E-05
157 5.463286713E-05 3.414554196E-05
157.2 5.010932945E-05 -1.138848397E-05
157.4 5.925466744E-05 -4.558051342E-05
157.6 5.472854641E-05 1.294732538E-20
157.8 5.476051402E-05 -2.281688084E-05
158 5.935856224E-05 -3.424532437E-05
158.2 6.39619883E-05 4.579315553E-21
158.4 6.399941486E-05 1.142846694E-05
158.6 6.403688525E-05 -3.031322611E-20
158.8 6.407439953E-05 1.144185706E-05
159 6.41119578E-05 1.144856389E-05
159.2 6.414956012E-05 -1.145527859E-05
159.4 6.418720657E-05 -3.438600352E-05
159.6 6.422489724E-05 -1.146873165E-05
159.8 6.885282021E-05 2.295094007E-05
160 7.807907113E-05 3.444664903E-05
160.2 8.272058824E-05 2.297794118E-05
160.4 9.196586227E-05 -4.598293114E-05
160.6 0.0001012220259 -6.901501767E-05
160.8 0.000105885386 -6.905568651E-05
161 0.0001243735259 -4.606426887E-05
161.2 0.0001382743363 -4.609144543E-05
161.4 0.0001568034238 -6.917798111E-05
161.6 0.0001661252215 -8.075531601E-05
161.8 0.0001754580378 -5.771645981E-05
162 0.0001801818451 -1.155011827E-05
162.2 0.0001802884615 -1.155695266E-05
162.4 0.0001850207223 -5.781897573E-05
162.6 0.0001943868483 -1.157064573E-05
162.8 0.0001945020747 5.788752223E-05
163 0.0001992511862 -5.792185647E-05
163.2 0.0002086424332 -0.0001275037092
163.4 0.0002180448337 -2.319625891E-05
163.6 0.0002228163993 1.16050208E-05
163.8 0.0002275936385 -0.0001161192033
164 0.0002323765616 -9.295062463E-05
164.2 0.000232514881 -2.32514881E-05
164.4 0.0002326533651 -3.489800476E-05
164.6 0.0002327920143 -6.983760429E-05
164.8 0.0002375894454 -9.317233154E-05
165 0.0002330698091 -1.165349045E-05
165.2 0.0002285447761 7.237581382E-21
165.4 0.0002286813023 -3.500224014E-05
165.6 0.0002381575015 3.502316198E-05
165.8 0.0002289548445 5.840684809E-05
166 0.000219741173 1.168836026E-05
166.2 0.0002105164671 -8.186751497E-05
166.4 0.000215323547 -4.680946675E-05
166.6 0.0002201363909 4.683752998E-05
166.8 0.0002202684463 8.871090736E-22
167 0.0002204006603 -2.344687875E-05
167.2 0.0002299174174 3.519144144E-05
167.4 0.0002206655649 3.521259014E-05
167.6 0.0002207982562 -1.174458809E-05
167.8 0.0002162304452 -1.10765922E-20
168 0.000221064118 1.175872968E-05
168.2 0.0002211972892 4.706325301E-05
168.4 0.0002166214587 3.531871609E-05
168.6 0.0002120401086 -1.178000603E-05
168.8 0.0002121680748 -1.61211355E-20
169 0.0002122961957 -1.179423309E-05
169.2 0.0002124244713 -5.900679758E-05
169.4 0.0002125529021 -3.542548368E-05
169.6 0.0002079552329 -1.181563823E-05
169.8 0.0002033519976 2.364558111E-05
170 0.0002034751666 4.731980618E-05
170.2 0.0002035984848 3.551136364E-05
170.4 0.000194246513 3.553289873E-05
170.6 0.0001991049757 5.925743325E-05
170.8 0.0001944823922 4.743472981E-05
171 0.000189854192 -1.230998325E-20
171.2 0.0001852203647 -2.374620061E-05
171.4 0.0001853330292 -9.135302714E-21
171.6 0.0001759357882 5.943776628E-05
171.8 0.0001712850183 3.568437881E-05
172 0.0001713893967 -2.380408288E-05
172.2 0.0001667301829 -4.763719512E-05
172.4 0.0001620652837 -5.958282489E-05
172.6 0.0001573946886 -3.424450816E-20
172.8 0.0001527183873 -5.476293334E-21
173 0.0001480363692 -4.775366748E-05
173.2 0.0001433486239 -4.920130523E-21
173.4 0.0001434363525 3.585908813E-05
173.6 0.0001435241886 7.17620943E-05
173.8 0.0001388250613 3.590303309E-05
174 0.0001341201717 -1.197501533E-05
174.2 0.0001294095092 1.198236196E-05
174.4 0.0001198971762 -1.447632017E-20
174.6 0.0001199708231 -1.199708231E-05
174.8 0.0001152427781 8.403119238E-05
175 0.000105704182 9.609471095E-05
175.2 9.615384615E-05 2.699856004E-20
175.4 9.621305419E-05 2.405326355E-05
175.6 9.145871842E-05 4.813616759E-05
175.8 9.151510481E-05 9.633168927E-05
176 9.157156076E-05 0.0001204888957
176.2 9.162808642E-05 7.233796296E-05
176.4 8.685917233E-05 8.444641754E-05
176.6 9.174134734E-05 7.242737948E-05
176.8 9.179808287E-05 2.934801658E-20
177 8.218595297E-05 1.208616955E-05
177.2 7.73993808E-05 6.046826625E-05
177.4 7.744733581E-05 7.260687732E-05
177.6 7.749535028E-05 2.421729696E-05
177.8 6.785049628E-05 -6.058080025E-05
178 7.274208566E-05 1.212368094E-05
178.2 7.763975155E-05 6.06560559E-05
178.4 7.283250466E-05 -2.427750155E-05
178.6 7.773631841E-05 2.42925995E-05
178.8 8.264623522E-05 4.861543248E-05
179 9.729140722E-05 -1.21614259E-05
179.2 0.0001022196262 -6.084501558E-05
179.4 0.0001168952618 -6.088294888E-05
179.6 0.000121841859 4.873674361E-05
179.8 0.0001170411985 1.219179151E-05
180 0.0001317535915 1.219940662E-05
180.2 0.000126953125 7.32421875E-05
180.4 0.0001270325203 3.664399625E-05
180.6 0.0001320009387 3.666692741E-05
180.8 0.0001222996243 6.114981215E-05
181 0.0001272713033 4.895050125E-05
181.2 0.0001175548589 -1.915979616E-20
181.4 0.0001176286073 -4.90119197E-05
181.6 0.0001177024482 -2.452134338E-05
181.8 0.0001030543342 -1.226837312E-05
182 9.32982401E-05 -4.91043369E-05
182.2 7.86163522E-05 3.011613702E-21
182.4 6.883259912E-05 -6.145767778E-05
182.6 5.903652393E-05 -0.0001106934824
182.8 5.415091367E-05 -4.922810334E-05
183 4.92591425E-05 -3.694435687E-05
183.2 3.943217666E-05 -6.161277603E-05
183.4 3.452493687E-05 -1.23303346E-05
183.6 2.961149716E-05 2.187723121E-21
183.8 2.963021492E-05 -6.172961441E-05
184 2.964895636E-05 -2.470746363E-05
184.2 2.966772152E-05 -6.180775316E-05
184.4 2.968651045E-05 -7.421627612E-05
184.6 2.970532319E-05 -1.2377218E-05
184.8 2.97241598E-05 -1.238506658E-05
185 3.470019036E-05 2.478585025E-05
185.2 2.976190476E-05 2.48015873E-05
185.4 3.474428208E-05 -3.722601652E-05
185.6 3.476636999E-05 -2.483312142E-05
185.8 2.981870229E-05 1.242445929E-05
186 2.9837683E-05 -2.486473584E-05
186.2 2.98566879E-05 -2.488057325E-05
186.4 2.489643085E-05 -2.489643085E-05
186.6 2.491230867E-05 -0.000112105389
186.8 2.991384812E-05 -9.971282706E-05
187 2.993295019E-05 -3.741618774E-05
187.2 3.494408946E-05 -4.99201278E-05
187.4 3.496643223E-05 -1.248801151E-05
187.6 2.999040307E-05 1.249600128E-05
187.8 3.501120359E-05 -5.001600512E-05
188 3.503363229E-05 -6.256005766E-05
188.2 4.006410256E-05 1.252003205E-05
188.4 4.51010263E-05 2.505612572E-05
188.6 5.014441592E-05 -3.760831194E-05
188.8 5.017662171E-05 -5.017662171E-05
189 5.020886889E-05 -7.531330334E-05
189.2 5.024115756E-05 -3.768086817E-05
189.4 4.5246139E-05 2.513674389E-05
189.6 4.527527366E-05 6.288232453E-05
189.8 5.03382732E-05 1.25845683E-05
190 5.037072856E-05 -8.814877498E-05
190.2 4.032258065E-05 -0.0001008064516
190.4 3.026145901E-05 -6.304470626E-05
190.6 2.523417313E-05 2.523417313E-05
190.8 2.020038785E-05 7.575145443E-05
191 1.010672704E-05 2.526681759E-05
191.2 1.516990291E-05 -2.528317152E-05
191.4 1.517972798E-05 -3.794931995E-05
191.6 1.518956578E-05 -3.797391445E-05
191.8 1.013294423E-05 -3.799854086E-05
192 1.013951979E-05 -7.604639844E-05
192.2 1.521915584E-05 -3.804788961E-05
192.4 5.076348278E-06 -1.26908707E-05
192.6 1.523894668E-05 -3.809736671E-05
192.8 1.524886142E-05 -3.812215355E-05
193 2.54313151E-05 5.085569296E-20
193.2 1.526872964E-05 -2.544788274E-05
193.4 2.037157757E-05 -1.273223598E-05
193.6 1.528864971E-05 3.822162427E-05
193.8 1.529862924E-05 4.821210118E-21
194 2.041149575E-05 -2.551436969E-05
194.2 2.553104575E-05 -3.829656863E-05
194.4 2.554774362E-05 3.583230131E-20
194.6 2.556446335E-05 2.556446335E-05
194.8 3.581368697E-05 7.674361493E-05
195 3.071756225E-05 7.679390564E-05
195.2 2.56147541E-05 -2.56147541E-05
195.4 3.075787402E-05 -1.281578084E-05
195.6 2.051871307E-05 6.412097833E-05
195.8 2.053219448E-05 7.69957293E-05
196 2.054569362E-05 6.420529257E-05
196.2 1.541940789E-05 6.424753289E-05
196.4 1.028637261E-05 6.428982883E-05
196.6 1.029314888E-05 1.28664361E-05
196.8 5.14996704E-06 -1.28749176E-05
197 0 2.576682058E-05
197.2 5.156765677E-06 2.578382838E-05
197.4 0 2.580085865E-05
197.6 5.163582287E-06 6.454477859E-05
197.8 5.166997354E-06 3.875248016E-05
198 5.170416942E-06 1.240863086E-20
198.2 5.17384106E-06 -1.293460265E-05
198.4 5.177269715E-06 -1.294317429E-05
198.6 0 6.475878647E-05
198.8 0 3.888105508E-05
199 0 -3.890687251E-05
199.2 0 3.893272425E-05
199.4 0 9.09034242E-05
199.6 5.197937458E-06 5.197937458E-05
199.8 1.040279627E-05 1.300349534E-05
200 1.040972685E-05 6.50607928E-05
200.2 1.041666667E-05 5.208333333E-05
200.4 1.042361574E-05 5.211807872E-05
200.6 1.564586115E-05 6.519108812E-05
200.8 2.08750835E-05 -2.609385438E-05
201 2.611129679E-05 -6.527824198E-05
201.2 3.135451505E-05 -1.306438127E-05
201.4 3.660475234E-05 -1.307312584E-05
201.6 4.186202277E-05 -1.308188212E-05
201.8 4.712634048E-05 5.236260054E-05
202 5.239771965E-05 2.619885983E-05
202.2 5.76761745E-05 -6.769750775E-21
202.4 6.296171927E-05 1.311702485E-05
202.6 6.300403226E-05 3.937752016E-05
202.8 6.8300269E-05 2.626933423E-05
203 7.886103634E-05 3.943051817E-05
203.2 8.417508418E-05 5.260942761E-05
203.4 8.94962938E-05 2.632243935E-05
203.6 8.955664194E-05 7.902056642E-05
203.8 9.488866397E-05 7.907388664E-05
204 0.0001002278866 -1.318787981E-05
204.2 0.0001055743243 -2.639358108E-05
204.4 0.0001109279919 1.320571332E-05
204.6 0.0001162889039 1.321464817E-05
204.8 0.0001216570752 5.28943805E-05
205 0.0001217394986 1.32325542E-05
205.2 0.0001218220339 -2.648305085E-05
205.4 0.0001272048847 5.300203528E-05
205.6 0.0001325950441 4.842939365E-20
205.8 0.0001379925272 -3.980553668E-05
206 0.0001327753229 -3.283125016E-20
206.2 0.0001275510204 -3.985969388E-05
206.4 0.0001223196052 -2.659121852E-05
206.6 0.0001170810627 -4.218953607E-20
206.8 0.0001118353783 -2.662747103E-05
207 0.0001065825375 -1.332281719E-05
207.2 0.0001066552901 -3.999573379E-05
207.4 0.000101391735 -8.004610656E-05
207.6 9.07809296E-05 -4.005041012E-05
207.8 8.549931601E-05 -2.671853625E-05
208 8.55578371E-05 -1.336841205E-05
208.2 8.561643836E-05 8.210163407E-20
208.4 8.567511995E-05 -5.354694997E-05
208.6 9.109224966E-05 -6.697959534E-05
208.8 9.115477008E-05 -9.383579272E-05
209 9.65831044E-05 -0.0001207288805
209.2 9.664948454E-05 -0.0001208118557
209.4 9.134284732E-05 -1.343277166E-05
209.6 8.602890571E-05 2.688403304E-05
209.8 8.070764463E-05 -2.690254821E-05
210 7.537904893E-05 -5.384217781E-05
210.2 7.004310345E-05 -2.693965517E-05
210.4 6.469979296E-05 -5.216378559E-21
210.6 5.934910221E-05 -3.94825839E-20
210.8 5.939011748E-05 4.049326192E-05
211 4.862551867E-05 2.701417704E-05
211.2 3.784602076E-05 -2.703287197E-05
211.4 3.787222992E-05 1.35257964E-05
211.6 3.78984754E-05 6.767584893E-05
211.8 3.250693481E-05 2.708911234E-05
212 3.252949341E-05 2.710791117E-05
212.2 3.797743056E-05 -1.356336806E-05
212.4 4.343293954E-05 1.357279361E-05
212.6 4.346314325E-05 4.07466968E-05
212.8 4.3493389E-05 1.359168406E-05
213 4.352367688E-05 1.360114903E-05
213.2 4.355400697E-05 1.361062718E-05
213.4 3.813633194E-05 1.362011855E-05
213.6 3.27110956E-05 1.362962317E-05
213.8 2.727828212E-05 1.363914106E-05
214 2.183787561E-05 1.364867226E-05
214.2 2.185314685E-05 2.731643357E-05
214.4 1.64013296E-05 -2.733554934E-05
214.6 1.641281513E-05 -5.470938375E-05
214.8 2.1899089E-05 1.368693062E-05
215 2.73930575E-05 1.369652875E-05
215.2 3.289473684E-05 -6.270399364E-21
215.4 3.291783708E-05 2.74315309E-05
215.6 3.294096978E-05 -1.501811277E-21
215.8 3.296413502E-05 -2.747011252E-05
216 3.298733286E-05 4.123416608E-05
216.2 3.301056338E-05 4.126320423E-05
216.4 3.303382664E-05 -1.376409443E-05
216.6 2.754760226E-05 1.25830874E-20
216.8 3.308045166E-05 1.378352152E-05
217 2.75865113E-05 2.75865113E-05
217.2 2.760600707E-05 5.521201413E-05
217.4 2.762553041E-05 4.143829562E-05
217.6 2.764508139E-05 -1.382254069E-05
217.8 2.766466006E-05 4.149699008E-05
218 3.322111977E-05 5.536853296E-05
218.2 3.324468085E-05 -4.155585106E-05
218.4 3.326827537E-05 -4.158534422E-05
218.6 2.774325284E-05 -5.548650568E-05
218.8 3.331556503E-05 -2.776297086E-05
219 2.778271693E-05 2.778271693E-05
219.2 2.78024911E-05 -1.390124555E-05
219.4 2.782229345E-05 -5.564458689E-05
219.6 2.784212402E-05 -5.568424804E-05
219.8 2.786198288E-05 -2.786198288E-05
220 3.345824411E-05 -1.394093505E-05
220.2 3.348214286E-05 -1.395089286E-05
220.4 3.350607577E-05 1.39608649E-05
220.6 3.353004292E-05 2.794170243E-05
220.8 3.355404438E-05 -1.398085183E-05
221 3.917442693E-05 -2.798173352E-05
221.2 3.920250896E-05 -2.800179211E-05
221.4 3.923063128E-05 -4.203281923E-05
221.6 3.925879397E-05 -4.206299354E-05
221.8 3.928699713E-05 -1.40310704E-05
222 3.931524083E-05 -1.404115744E-05
222.2 3.934352518E-05 2.810251799E-05
222.4 3.937185025E-05 -1.551347065E-20
222.6 3.940021614E-05 -2.814301153E-05
222.8 3.942862293E-05 5.632660418E-05
223 3.382034632E-05 2.616414403E-20
223.2 3.384476534E-05 -3.192500997E-20
223.4 2.257947977E-05 1.411217486E-05
223.6 2.259580622E-05 -5.648951555E-05
223.8 2.26121563E-05 -2.826519537E-05
224 1.697139754E-05 1.414283128E-05
224.2 1.698369565E-05 -2.830615942E-05
224.4 2.26613488E-05 -8.498005801E-05
224.6 2.26777939E-05 -5.669448476E-05
224.8 2.836782861E-05 -4.255174292E-05
225 3.406613372E-05 -5.677688953E-05
225.2 3.409090909E-05 -2.840909091E-05
225.4 3.411572052E-05 -1.421488355E-05
225.6 3.41405681E-05 -8.535142025E-05
225.8 3.41654519E-05 -0.0001138848397
226 3.419037199E-05 -2.849197666E-05
226.2 3.421532847E-05 -1.425638686E-05
226.4 3.42403214E-05 -4.280040175E-05
226.6 2.855445906E-05 -1.427722953E-05
226.8 2.857534748E-05 1.428767374E-05
227 2.287701318E-05 1.429813324E-05
227.2 1.717032967E-05 1.430860806E-05
227.4 1.145527859E-05 1.431909824E-05
227.6 5.731841526E-06 -2.865920763E-05
227.8 5.736049927E-06 -2.516247267E-20
228 1.148052902E-05 2.870132256E-05
228.2 1.148897059E-05 1.436121324E-05
228.4 1.149742458E-05 -1.437178072E-05
228.6 1.150589102E-05 -2.538723853E-20
228.8 1.151436993E-05 1.439296242E-05
229 1.152286136E-05 -1.44035767E-05
229.2 1.153136531E-05 -1.441420664E-05
229.4 1.153988183E-05 2.884970458E-05
229.6 1.154841094E-05 1.443551367E-05
229.8 1.155695266E-05 1.444619083E-05
230 1.156550703E-05 8.674130274E-05
230.2 1.157407407E-05 -1.446759259E-05
230.4 1.158265382E-05 -3.22662441E-22
230.6 1.159124629E-05 5.795623145E-05
230.8 1.159985152E-05 1.44998144E-05
231 5.80423477E-06 2.902117385E-05
231.2 0 2.904275093E-05
231.4 0 -1.453218006E-05
231.6 5.817200298E-06 -5.817200298E-05
231.8 1.164307004E-05 -2.910767511E-05
232 1.747762864E-05 1.441656373E-20
232.2 2.332089552E-05 -2.91511194E-05
232.4 2.917289022E-05 -5.834578043E-05
232.6 3.503363229E-05 -1.459734679E-05
232.8 4.090314136E-05 -3.714052477E-21
233 5.262911677E-05 -1.247503008E-20
233.2 5.852059925E-05 2.926029963E-05
233.4 6.442091454E-05 2.928223388E-05
233.6 6.446924231E-05 2.930420105E-05
233.8 7.038288288E-05 7.3315503E-05
234 7.630540947E-05 1.467411721E-05
234.2 8.811090226E-05 -5.87406015E-05
234.4 9.405568096E-05 -2.93924003E-05
234.6 0.0001000094127 1.470726657E-05
234.8 8.831009797E-05 1.471834966E-05
235 8.837669683E-05 -2.945889894E-05
235.2 8.844339623E-05 -5.896226415E-05
235.4 8.851019637E-05 -2.950339879E-05
235.6 8.857709751E-05 1.476284958E-05
235.8 8.864409985E-05 4.504027588E-21
236 8.871120363E-05 -1.478520061E-05
236.2 8.877840909E-05 5.925694996E-21
236.4 8.884571645E-05 2.961523882E-05
236.6 8.891312595E-05 -2.963770865E-05
236.8 8.898063781E-05 -1.48301063E-05
237 8.311170213E-05 4.452412614E-05
237.2 7.72338403E-05 -1.375134204E-20
237.4 7.134703196E-05 1.486396499E-05
237.6 6.545125666E-05 4.462585682E-05
237.8 5.95464939E-05 2.977324695E-05
238 5.959191457E-05 2.979595728E-05
238.2 5.367366412E-05 7.454675573E-05
238.4 4.774637128E-05 2.984148205E-05
238.6 4.778287462E-05 -1.493214832E-05
238.8 4.184200459E-05 2.988714614E-05
239 3.589203675E-05 -2.991003063E-05
239.2 2.993295019E-05 -2.993295019E-05
239.4 1.797354294E-05 -4.493385736E-05
239.6 1.798733691E-05 -2.997889486E-05
239.8 1.200076805E-05 3.000192012E-05
240 6.004996157E-06 -3.002498078E-05
240.2 6.009615385E-06 -4.507211538E-05
240.4 6.014241724E-06 -3.007120862E-05
240.6 6.018875193E-06 -3.009437596E-05
240.8 6.023515806E-06 -3.011757903E-05
241 6.02816358E-06 -4.521122685E-05
241.2 6.032818533E-06 -8.366522671E-22
241.4 6.03748068E-06 4.52811051E-05
241.6 6.042150039E-06 4.531612529E-05
241.8 6.046826625E-06 -1.431531714E-20
242 6.051510457E-06 -3.025755229E-05
242.2 6.05620155E-06 4.799745573E-21
242.4 6.060899922E-06 -1.623158764E-20
242.6 1.213121118E-05 1.516401398E-05
242.8 1.214063714E-05 -1.517579643E-05
243 1.215007776E-05 3.03751944E-05
243.2 1.215953307E-05 7.599708171E-05
243.4 1.825350467E-05 -1.521125389E-05
243.6 2.435697584E-05 -4.56693297E-05
243.8 3.04699688E-05 -4.57049532E-05
244 3.049375488E-05 -4.574063232E-05
244.2 3.051757812E-05 -3.051757812E-05
244.4 3.054143862E-05 -3.061171561E-20
244.6 3.056533646E-05 3.056533646E-05
244.8 3.670712608E-05 3.058927173E-05
245 4.285854232E-05 1.530662226E-05
245.2 4.901960784E-05 -3.06372549E-05
245.4 4.905808477E-05 -1.533065149E-05
245.6 4.909662215E-05 7.671347211E-05
245.8 4.913522013E-05 4.606426887E-05
246 5.532061369E-05 -3.073367427E-05
246.2 5.536417323E-05 -3.075787402E-05
246.4 5.540780142E-05 3.07821119E-05
246.6 4.929022082E-05 3.080638801E-05
246.8 4.932912391E-05 -4.624605367E-05
247 4.936808847E-05 -1.542752765E-05
247.2 4.940711462E-05 -5.360001923E-21
247.4 4.944620253E-05 -3.090387658E-05
247.6 4.948535234E-05 -1.54641726E-05
247.8 4.333399366E-05 5.419657051E-21
248 4.336835845E-05 5.134433944E-21
248.2 4.340277778E-05 -6.200396825E-05
248.4 4.343725179E-05 -7.756652105E-05
248.6 4.34717806E-05 1.552563593E-05
248.8 4.350636436E-05 3.107597454E-05
249 4.354100318E-05 3.110071656E-05
249.2 4.357569721E-05 -4.668824701E-05
249.4 4.361044657E-05 -4.672547847E-05
249.6 4.36452514E-05 6.235035914E-05
249.8 4.368011182E-05 -1.602051311E-20
250 4.371502798E-05 -9.367505995E-05
250.2 4.375E-05 -6.25E-05
250.4 4.378502802E-05 -3.127502002E-05
250.6 4.382011218E-05 -7.825020032E-05
250.8 4.385525261E-05 -1.566259022E-05
251 4.389044944E-05 -3.135032103E-05
251.2 4.392570281E-05 -3.137550201E-05
251.4 4.396101286E-05 3.140072347E-05
251.6 4.399637973E-05 -3.142598552E-05
251.8 4.403180354E-05 -1.572564412E-05
252 4.406728445E-05 1.573831587E-05
252.2 4.410282258E-05 -6.300403226E-05
252.4 4.413841808E-05 -0.0001103460452
252.6 4.417407108E-05 -3.331921555E-20
252.8 4.420978173E-05 4.736762328E-05
253 4.424555016E-05 -7.9009911E-05
253.2 4.428137652E-05 -1.581477733E-05
253.4 4.431726094E-05 9.496555916E-05
253.6 4.435320357E-05 3.168085969E-05
253.8 4.438920455E-05 2.264463314E-20
254 4.442526401E-05 -1.586616572E-05
254.2 4.446138211E-05 -1.171384968E-20
254.4 4.449755899E-05 2.460724316E-20
254.6 5.089576547E-05 3.772188032E-20
254.8 6.367155664E-05 -1.51132619E-20
255 7.009584013E-05 1.593087276E-05
255.2 7.015306122E-05 -2.247823331E-21
255.4 7.659313725E-05 -4.787071078E-05
255.6 8.304374489E-05 -1.596995094E-05
255.8 8.950490998E-05 -3.196603928E-05
256 9.597665848E-05 -6.398443898E-05
256.2 0.0001024590164 -3.201844262E-05
256.4 0.0001089520098 1.602235439E-05
256.6 0.0001218698686 1.709087168E-20
256.8 0.0001219700082 -4.814605588E-05
257 0.0001284950658 -0
257.2 0.0001350308642 6.430041152E-05
257.4 0.00014157743 -1.608834432E-05
257.6 0.0001481347898 -8.050803792E-05
257.8 0.0001611489274 -1.611489274E-05
258 0.0001677332783 -5.729887617E-21
258.2 0.0001743285124 -3.228305785E-05
258.4 0.0001809346567 -9.69292804E-05
258.6 0.0001875517384 -3.233650662E-05
258.8 0.0001941797846 3.236329743E-05
259 0.0002008188226 -3.239013267E-05
259.2 0.0002074688797 -1.620850622E-05
259.4 0.0001946636213 -9.208443297E-21
259.6 0.0001948254364 -6.494181214E-05
259.8 0.0001949875208 -6.499584027E-05
260 0.0001886448793 -2.554120192E-20
260.2 0.0001822916667 1.627604167E-05
260.4 0.0001759278565 4.886884904E-05
260.6 0.0001695534224 2.705229264E-21
260.8 0.000169695071 2.451702588E-20
261 0.0001698369565 8.165238294E-05
261.2 0.0001765167364 3.268828452E-05
261.4 0.0001701214405 -4.907349246E-05
261.6 0.0001637154233 -3.274308466E-05
261.8 0.0001572986577 -8.192638423E-05
262 0.0001508711167 -9.839420655E-05
262.2 0.0001509978992 -1.641281513E-05
262.4 0.0001511248949 -1.642661901E-05
262.6 0.0001512521044 -4.932133838E-05
262.8 0.0001513795282 -4.936288964E-05
263 0.0001449198988 3.293634064E-05
263.2 0.0001384493671 3.296413502E-05
263.4 0.0001385663007 -4.948796453E-05
263.6 0.000138683432 -8.254966188E-05
263.8 0.0001388007614 -8.261950085E-05
264 0.0001389182896 -3.307578323E-05
264.2 0.0001390360169 -2.352167425E-20
264.4 0.0001457803223 -3.313189143E-05
264.6 0.0001459040747 -1.658000849E-05
264.8 0.0001460280374 8.297047579E-05
265 0.0001527954932 8.304102891E-05
265.2 0.0001529255319 4.986702128E-05
265.4 0.0001530557922 1.663649915E-05
265.6 0.0001531862745 -3.330136402E-05
265.8 0.0001533169795 -5.538812264E-20
266 0.0001534479078 -3.116339327E-20
266.2 0.0001535790598 -6.677350427E-05
266.4 0.0001537104363 -8.353828058E-05
266.6 0.0001538420377 -3.966324449E-20
266.8 0.0001539738646 3.347257926E-05
267 0.0001541059177 -3.350128645E-05
267.2 0.0001542381974 -3.353004292E-05
267.4 0.0001543707045 3.35588488E-05
267.6 0.0001477858985 6.717540843E-05
267.8 0.0001479130809 1.680830465E-05
268 0.0001547695952 -1.682278208E-05
268.2 0.000161637931 -3.03997204E-20
268.4 0.0001550366695 -1.685181191E-05
268.6 0.0001484240069 -1.686636442E-05
268.8 0.0001417999136 -1.688094209E-05
269 0.0001351643599 -3.379108997E-05
269.2 0.000128517316 -3.382034632E-05
269.4 0.0001218587522 -3.384965338E-05
269.6 0.0001151886383 -1.693950564E-05
269.8 0.0001085069444 -5.086263021E-05
270 0.0001018136403 -0.0001187825804
270.2 9.510869565E-05 -8.491847826E-05
270.4 8.839208007E-05 -1.699847694E-05
270.6 8.166376307E-05 -3.402656794E-05
270.8 7.492371404E-05 -1.702811683E-05
271 6.817190227E-05 3.408595113E-05
271.2 6.140829694E-05 5.117358079E-05
271.4 5.463286713E-05 3.414554196E-05
271.6 4.78455818E-05 -3.417541557E-05
271.8 4.104640981E-05 -1.710267075E-05
272 3.423531989E-05 -6.848681162E-20
272.2 2.74122807E-05 -5.139802632E-05
272.4 2.057726076E-05 -2.312850701E-20
272.6 2.059534271E-05 6.865114236E-05
272.8 1.374230431E-05 3.435576077E-05
273 6.877200704E-06 1.719300176E-05
273.2 0 1.720814978E-05
273.4 0 3.444664903E-05
273.6 0 6.895410415E-05
273.8 0 1.725375442E-05
274 0 -6.90760389E-05
274.2 0 -5.185287611E-05
274.4 0 -3.459920283E-05
274.6 0 -3.462987589E-05
274.8 0 -3.466060337E-05
275 0 -3.469138544E-05
275.2 0 -1.593025132E-20
275.4 0 -4.753770882E-21
275.6 0 1.739203028E-05
275.8 0 -1.740753119E-05
276 0 -3.484611954E-05
276.2 0 1.743861607E-05
276.4 0 1.745420018E-05
276.6 0 -1.746981216E-05
276.8 0 1.562854493E-20
277 0 4.268118848E-20
277.2 0 4.441768453E-21
277.4 0 5.259762118E-05
277.6 0 3.50965858E-05
277.8 0 5.662669871E-20
278 7.031953195E-06 -1.757988299E-05
278.2 7.038288288E-06 -1.759572072E-05
278.4 0 3.522317403E-05
278.6 0 3.52549639E-05
278.8 0 1.76434056E-05
279 0 3.531871609E-05
279.2 0 5.30260181E-05
279.4 7.076539855E-06 1.769134964E-05
279.6 7.082955576E-06 -3.541477788E-05
279.8 7.08938294E-06 3.214598601E-21
280 7.09582198E-06 1.773955495E-05
280.2 7.102272727E-06 1.775568182E-05
280.4 7.108735214E-06 3.554367607E-05
280.6 7.115209472E-06 5.336407104E-05
280.8 7.121695533E-06 3.560847767E-05
281 7.128193431E-06 -9.943159959E-21
281.2 7.134703196E-06 1.783675799E-05
281.4 7.141224863E-06 6.644773502E-20
281.6 7.147758463E-06 -1.786939616E-05
281.8 7.154304029E-06 -1.788576007E-05
282 7.160861595E-06 -1.790215399E-05
282.2 7.167431193E-06 1.791857798E-05
282.4 7.174012856E-06 3.587006428E-05
282.6 0 5.385454963E-05
282.8 0 5.390409384E-05
283 0 3.596915285E-05
283.2 0 -1.800115207E-05
283.4 0 -1.80177583E-05
283.6 7.213758079E-06 6.502181845E-21
283.8 7.220425139E-06 3.001871128E-20
284 0 3.613552266E-05
284.2 0 5.425347222E-05
284.4 0 5.430375348E-05
284.6 0 5.435412801E-05
284.8 0 3.626973073E-05
285 0 3.630343866E-05
285.2 0 9.084302326E-05
285.4 0 9.092760708E-05
285.6 0 7.280987884E-05
285.8 0 1.821944963E-05
286 0 1.823646125E-05
286.2 0 3.650700935E-05
286.4 0 -1.827057998E-05
286.6 7.315074906E-06 -3.657537453E-05
286.8 0 -1.830482662E-05
287 0 -5.496599437E-05
287.2 0 -5.501760563E-05
287.4 0 1.835643797E-05
287.6 0 3.674741298E-05
287.8 0 1.839100753E-05
288 0 2.917300691E-20
288.2 0 -3.685141509E-05
288.4 0 -9.221553352E-05
288.6 0 -1.846053875E-05
288.8 0 1.453892632E-20
289 0 -3.699100379E-05
289.2 0 3.066832286E-20
289.4 0 3.2916954E-21
289.6 0 4.283267842E-20
289.8 0 1.978772026E-20
290 0 -3.716698382E-05
290.2 0 -7.44047619E-05
290.4 0 4.630339116E-20
290.6 0 2.676267155E-20
290.8 0 -1.865448902E-05
291 0 -3.734464627E-05
291.2 0 -5.607057416E-05
291.4 0 -5.140092696E-21
291.6 0 3.745206136E-05
291.8 0 1.874400192E-05
292 0 -1.876200768E-05
292.2 0 -3.756009615E-05
292.4 0 -3.759624639E-05
292.6 0 -1.881623314E-05
292.8 0 -6.356749478E-20
293 0 1.885255792E-05
293.2 0 -3.443312366E-21
293.4 0 -4.26927893E-20
293.6 0 -1.890730881E-05
293.8 0 -1.892562984E-05
294 0 -1.894398642E-05
294.2 0 -1.896237864E-05
294.4 0 1.898080661E-05
294.6 0 1.899927043E-05
294.8 0 -1.90177702E-05
295 0 -1.903630604E-05
295.2 0 -1.905487805E-05
295.4 0 5.722045898E-05
295.6 0 0.0001527370479
295.8 0 7.644324853E-05
296 0 1.912952987E-05
296.2 0 3.829656863E-05
296.4 0 1.916707556E-05
296.6 0 3.837180747E-05
296.8 0 5.761430678E-05
297 0 -1.922367126E-05
297.2 0 -3.848522167E-05
297.4 0 -1.926158777E-05
297.6 0 -7.712240869E-05
297.8 0 -1.929965415E-05
298 0 3.863748764E-05
298.2 0 1.374038397E-20
298.4 0 -1.935703667E-05
298.6 0 -7.750496032E-05
298.8 0 3.789862609E-20
299 0 5.824428429E-05
299.2 0 3.88681592E-05
299.4 0 7.781374502E-05
299.6 0 7.789132602E-05
299.8 0 7.796906188E-05
300 0 7.804695305E-05
300.2 0 1.953125E-05
300.4 0 5.86524024E-05
300.6 0 0.0001369927355
300.8 0 7.836008024E-05
301 0 5.882906627E-05
301.2 0 7.851758794E-05
301.4 0 5.894743461E-05
301.6 0 5.900679758E-05
301.8 0 9.84438004E-05
302 0 7.88345106E-05
302.2 0 5.918560606E-05
302.4 0 3.949696663E-05
302.6 0 3.953694332E-05
302.8 0 7.915400203E-05
303 0 7.923427992E-05
303.2 0 9.914340102E-05
303.4 0 5.95464939E-05
303.6 0 -1.98690234E-05
303.8 0 -5.966776986E-05
304 0 -5.972859327E-05
304.2 0 -5.978954082E-05
304.4 0 -3.990040858E-05
304.6 0 6.870181636E-21
304.8 0 -3.998208802E-05
305 0 -0.0001200691598
305.2 0 -8.012820513E-05
305.4 0 -2.005261807E-05
305.6 0 -4.014645427E-05
305.8 0 -4.01877572E-05
306 0 -4.022914521E-05
306.2 0 -6.040592784E-05
306.4 0 -8.062435501E-05
306.6 0 -8.070764463E-05
306.8 0 -6.059332989E-05
307 0 -1.61635132E-19
307.2 0 2.023963731E-05
307.4 0 7.896709348E-20
307.6 0 -2.028167186E-05
307.8 0 -2.030275468E-05
308 0 4.064776275E-05
308.2 0 6.103515625E-05
308.4 0 -2.036626694E-05
308.6 0 -4.077505219E-05
308.8 0 -2.040882968E-05
309 0 -6.129053347E-05
309.2 0 -0.0001022578534
309.4 8.189203354E-06 -8.189203354E-05
309.6 1.639559286E-05 -6.148347324E-05
309.8 2.461922269E-05 -6.154805672E-05
310 2.464511041E-05 -4.107518402E-05
310.2 2.467105263E-05 -6.167763158E-05
310.4 2.469704953E-05 -4.116174921E-05
310.6 2.472310127E-05 -4.120516878E-05
310.8 2.474920803E-05 -6.187302006E-05
311 2.477536998E-05 -4.12922833E-05
311.2 2.48015873E-05 -8.267195767E-05
311.4 2.482786017E-05 -4.137976695E-05
311.6 2.485418876E-05 1.28431364E-20
311.8 2.488057325E-05 -4.146762208E-05
312 2.490701382E-05 -2.075584485E-05
312.2 2.493351064E-05 2.077792553E-05
312.4 2.49600639E-05 2.080005325E-05
312.6 2.498667377E-05 1.110614473E-20
312.8 2.501334045E-05 2.085704286E-21
313 2.50400641E-05 -1.223530857E-20
313.2 2.506684492E-05 -3.024568218E-21
313.4 2.509368308E-05 2.091140257E-05
313.6 2.512057878E-05 4.18676313E-05
313.8 2.514753219E-05 5.159689152E-20
314 2.51745435E-05 -2.097878625E-05
314.2 2.52016129E-05 4.958897466E-20
314.4 2.522874058E-05 3.354089409E-20
314.6 2.525592672E-05 1.81939661E-20
314.8 2.528317152E-05 -2.10693096E-05
315 2.531047516E-05 -2.109206263E-05
315.2 2.533783784E-05 -2.111486486E-05
315.4 2.536525974E-05 -2.113771645E-05
315.6 2.539274106E-05 -2.116061755E-05
315.8 2.5420282E-05 -2.118356833E-05
316 2.544788274E-05 -4.241313789E-05
316.2 2.547554348E-05 -2.200276246E-20
316.4 1.700217628E-05 6.375816104E-05
316.6 1.702069717E-05 4.255174292E-05
316.8 1.703925845E-05 2.129907306E-05
317 2.558679039E-05 -2.132232533E-05
317.2 3.415300546E-05 -2.134562842E-05
317.4 3.419037199E-05 2.136898249E-05
317.6 4.278477547E-05 -4.278477547E-05
317.8 5.139802632E-05 -4.28316886E-05
318 5.145444566E-05 -4.287870472E-05
318.2 6.868131868E-05 -6.438873626E-05
318.4 6.875687569E-05 1.111520244E-20
318.6 6.883259912E-05 -2.151018722E-05
318.8 6.890848953E-05 -4.306780595E-05
319 6.898454746E-05 -8.623068433E-05
319.2 6.906077348E-05 -0.0001294889503
319.4 7.777931416E-05 -8.642146018E-05
319.6 7.78654485E-05 -6.488787375E-05
319.8 6.929046563E-05 -8.661308204E-05
320 6.069644839E-05 3.88058531E-20
320.2 5.208333333E-05 2.170138889E-05
320.4 5.214126808E-05 -6.517658509E-05
320.6 5.219933185E-05 -4.349944321E-05
320.8 5.225752508E-05 2.549829238E-20
321 5.231584821E-05 1.551275879E-20
321.2 5.237430168E-05 -2.18226257E-05
321.4 4.369407159E-05 -4.369407159E-05
321.6 4.374300112E-05 -2.187150056E-05
321.8 3.503363229E-05 4.379204036E-05
322 2.63047138E-05 -2.192059484E-05
322.2 1.755617978E-05 -6.583567416E-05
322.4 8.787964004E-06 2.196991001E-05
322.6 0 3.316683654E-20
322.8 0 -4.403889515E-05
323 0 5.721879721E-20
323.2 0 4.413841808E-05
323.4 0 4.418834842E-05
323.6 0 2.211919592E-05
323.8 0 4.548955057E-20
324 0 -4.433881952E-05
324.2 0 -2.219460227E-05
324.4 0 2.22198521E-05
324.6 0 -2.224515945E-05
324.8 0 -4.454104903E-05
325 0 -4.89553793E-20
325.2 0 -3.100036758E-20
325.4 0 -2.234696796E-05
325.6 0 6.711769759E-05
325.8 0 8.959288991E-05
326 0 4.4847876E-05
326.2 0 4.489942529E-05
326.4 0 2.247554661E-05
326.6 0 6.750432028E-05
326.8 0 9.010957324E-05
327 0 2.255340647E-05
327.2 0 2.257947977E-05
327.4 0 4.521122685E-05
327.6 0 4.52636153E-05
327.8 0 4.531612529E-05
328 0 4.536875726E-05
328.2 0 4.542151163E-05
328.4 0 4.547438882E-05
328.6 0 4.552738928E-05
328.8 0 6.837077013E-05
329 0 6.845064252E-05
329.2 0 4.56871345E-05
329.4 0 4.574063232E-05
329.6 0 2.289712778E-05
329.8 0 -3.231583574E-20
330 0 2.295094007E-05
330.2 0 4.595588235E-05
330.4 0 2.300500589E-05
330.6 0 -2.303213443E-05
330.8 0 -2.305932704E-05
331 0 6.961144349E-21
331.2 0 -2.311390533E-05
331.4 0 -6.942387441E-05
331.6 0 -0.0001158437129
331.8 0 -9.278503563E-05
332 0 -2.322384067E-05
332.2 0 -4.650297619E-05
332.4 0 -9.311680572E-05
332.6 0 -6.992094272E-05
332.8 0 -2.333482676E-05
333 0 2.336273923E-05
333.2 0 2.339071856E-05
333.4 0 -2.341876499E-05
333.6 0 -4.68937575E-05
333.8 0 -9.390024038E-05
334 0 -7.05099278E-05
334.2 0 -3.836154914E-20
334.4 0 -2.356001206E-05
334.6 0 -4.717693237E-05
334.8 0 -4.723397823E-05
335 0 -4.729116223E-05
335.2 0 -4.734848485E-05
335.4 0 -4.74059466E-05
335.6 0 -2.3731774E-05
335.8 0 -6.255941417E-22
336 0 5.011342225E-20
336.2 0 1.42298382E-20
336.4 0 -1.039884512E-20
336.6 0 2.387683374E-05
336.8 0 4.78121175E-05
337 0 2.393535539E-05
337.2 0 -2.396472393E-05
337.4 0 4.798832924E-05
337.6 0 0.0001201183887
337.8 0 7.215979064E-05
338 0 2.408292232E-05
338.2 0 -2.15754285E-20
338.4 0 -1.979501555E-20
338.6 0 -1.332932563E-20
338.8 0 -1.991866303E-20
339 0 -2.42323201E-05
339.2 0 1.26235132E-20
339.4 0 4.8585199E-05
339.6 0 4.864570361E-05
339.8 0 7.305953865E-05
340 0 0.0001219179151
340.2 0 0.0001220703125
340.4 0 9.777847309E-05
340.6 0 7.342575188E-05
340.8 0 9.80238394E-05
341 0 0.0001226837312
341.2 0 7.370283019E-05
341.4 0 4.919710327E-05
341.6 0 2.462957125E-05
341.8 0 3.11564385E-20
342 0 2.469184576E-05
342.2 0 2.472310127E-05
342.4 0 -2.475443599E-05
342.6 0 -2.478585025E-05
342.8 0 2.481734435E-05
343 0 4.969783715E-05
343.2 0 -1.788786229E-20
343.4 0 -6.755938737E-20
343.6 0 7.483237548E-05
343.8 0 4.995204604E-05
344 0 7.502400768E-05
344.2 0 2.50400641E-05
344.4 0 -2.507220796E-05
344.6 0 7.531330334E-05
344.8 0 2.513674389E-05
345 0 -2.51691366E-05
345.2 0 -4.050969588E-21
345.4 0 1.39955837E-20
345.6 0 2.526681759E-05
345.8 0 2.529954663E-05
346 0 -5.160709682E-20
346.2 0 -2.283044977E-20
346.4 0 -2.539824447E-05
346.6 0 -5.086263021E-05
346.8 0 -2.546447197E-05
347 0 5.12721515E-20
347.2 0 -2.553104575E-05
347.4 0 -5.11289267E-05
347.6 0 -5.119593709E-05
347.8 0 -5.126312336E-05
348 0 -5.13304862E-05
348.2 0 -5.139802632E-05
348.4 0 -2.57328722E-05
348.6 0 -2.576682058E-05
348.8 0 -5.160171731E-05
349 0 -5.166997354E-05
349.2 0 -5.17384106E-05
349.4 0 -5.180702918E-05
349.6 0 -5.187583001E-05
349.8 0 -5.194481383E-05
350 0 -2.600699068E-05
350.2 0 5.00198471E-21
350.4 0 -1.820209307E-20
350.6 0 -1.091439765E-20
350.8 0 -8.828914168E-21
351 0 2.618130027E-05
351.2 0 2.621644295E-05
351.4 0 3.975909561E-21
351.6 0 -2.628701211E-05
351.8 0 -7.896731806E-05
352 0 -0.0001054318489
352.2 0 -7.918074324E-05
352.4 0 -2.642929635E-05
352.6 0 -2.64651084E-05
352.8 0 -7.950305292E-05
353 0 -7.961107337E-05
353.2 0 -2.657312925E-05
353.4 0 -2.660933243E-05
353.6 0 -5.329126876E-05
353.8 0 -5.336407104E-05
354 0 -5.34370725E-05
354.2 0 -2.675513699E-05
354.4 0 -2.679183813E-05
354.6 0 -2.682864011E-05
354.8 0 -2.686554333E-05
355 0 -2.690254821E-05
355.2 0 -1.174425564E-20
355.4 0 4.911780765E-20
355.6 0 3.982548995E-20
355.8 0 -6.619819638E-20
356 0 -2.708911234E-05
356.2 0 -8.138020833E-05
356.4 0 -8.14933936E-05
356.6 0 -5.44045961E-05
356.8 0 -2.72402371E-05
357 0 -1.73460683E-20
357.2 0 2.952796069E-20
357.4 0 2.735469188E-05
357.6 0 5.478611501E-05
357.8 0 5.48630618E-05
358 0 5.494022504E-05
358.2 0 2.750880282E-05
358.4 0 3.633687662E-20
358.6 0 -3.682305296E-20
358.8 0 -2.793182865E-20
359 0 8.306934423E-22
359.2 0 -1.050629327E-20
359.4 0 3.386042716E-22
359.6 0 2.412911743E-20
359.8 0 2.064146936E-20
360 0 9.51609628E-22
360.2 0 5.004364541E-21
360.4 0 -3.891707489E-20
360.6 0 -4.597931555E-20
360.8 0 -3.364322951E-20
361 0 -1.050578399E-20
361.2 0 2.810251799E-05
361.4 0 5.628602305E-05
361.6 0 5.636724387E-05
361.8 0 5.644869942E-05
362 0 5.653039074E-05
362.2 0 2.830615942E-05
362.4 0 9.239190122E-21
362.6 0 -2.819393202E-20
362.8 0 -1.831334244E-20
363 0 -2.847120991E-05
363.2 0 -5.702554745E-05
363.4 0 -5.710891813E-05
363.6 0 -2.859626647E-05
363.8 0 7.057885228E-21
364 0 3.565775267E-20
364.2 0 5.894722691E-20
364.4 0 2.325361426E-20
364.6 0 3.806219213E-20
364.8 0 1.045977315E-20
365 0 6.995596048E-20
365.2 0 5.846269829E-20
365.4 0 2.94032335E-20
365.6 0 2.902117385E-05
365.8 0 2.906436012E-05
366 0 3.044024507E-21
366.2 0 2.91511194E-05
366.4 0 2.919469357E-05
366.6 0 2.92383982E-05
366.8 0 2.928223388E-05
367 0 -2.93262012E-05
367.2 0 -2.937030075E-05
367.4 0 -4.940323545E-20
367.6 0 -2.945889894E-05
367.8 0 -2.950339879E-05
368 0 -2.954803328E-05
368.2 0 -2.959280303E-05
368.4 0 6.84457678E-20
368.6 0 3.521686448E-21
368.8 0 -6.202663042E-20
369 0 3.304777347E-20
369.2 0 -4.425054844E-20
369.4 0 -2.633852341E-20
369.6 0 -6.965722824E-20
369.8 0 -3.157007945E-20
370 0 -5.611086674E-20
370.2 0 -1.82414846E-20
370.4 0 -9.71586897E-21
370.6 0 -1.997116985E-20
370.8 0 3.01874034E-05
371 0 3.023413313E-05
371.2 0 -3.028100775E-05
371.4 0 -3.032802795E-05
371.6 1.215007776E-05 2.521431705E-20
371.8 2.433800623E-05 4.033969907E-20
372 2.437597504E-05 3.050800606E-20
372.2 2.44140625E-05 1.021176053E-19
372.4 2.445226917E-05 9.453753055E-20
372.6 2.449059561E-05 3.061324451E-05
372.8 2.452904239E-05 1.917184883E-20
373 2.456761006E-05 -3.070951258E-05
373.2 2.460629921E-05 1.029221978E-21
373.4 3.696766562E-05 1.207449846E-19
373.6 3.702606635E-05 1.066128304E-19
373.8 3.70846519E-05 3.090387658E-05
374 3.714342314E-05 3.095285261E-05
374.2 3.720238095E-05 6.175713408E-20
374.4 3.726152623E-05 4.872522235E-20
374.6 4.97611465E-05 -2.374098622E-20
374.8 6.230063796E-05 -5.713201514E-21
375 7.488019169E-05 3.255376034E-20
375.2 8.75E-05 5.358579469E-20
375.4 0.0001001602564 -3.130008013E-05
375.6 0.0001128611557 -6.212693842E-20
375.8 0.0001256028939 -4.850380432E-20
376 0.0001383856683 -3.145128824E-05
376.2 0.000138608871 3.150201613E-05
376.4 0.0001388327948 9.465872375E-05
376.6 0.0001390574434 9.48118932E-05
376.8 0.0001392828201 6.331037277E-05
377 0.0001395089286 3.170657468E-05
377.2 0.0001397357724 3.175813008E-05
377.4 0.000139963355 6.361970684E-05
377.6 0.0001401916803 3.186174551E-05
377.8 0.0001404207516 3.191380719E-05
378 0.0001406505728 3.196603928E-05
378.2 0.0001408811475 1.057703844E-20
378.4 0.0001411124795 -8.097424541E-20
378.6 0.0001284950658 -4.598425247E-20
378.8 0.0001287067545 -6.435337727E-05
379 0.0001418110561 -6.445957096E-05
379.2 0.0001420454545 -3.228305785E-05
379.4 0.0001422806291 -6.467301325E-05
379.6 0.0001425165837 -6.478026534E-05
379.8 0.0001427533223 -6.488787375E-05
380 0.0001429908486 -6.499584027E-05
380.2 0.0001432291667 -3.255208333E-05
380.4 0.0001304257095 -9.781928214E-05
380.6 0.000143708194 -9.798285953E-05
380.8 0.0001439489112 3.271566164E-05
381 0.0001441904362 3.277055369E-05
381.2 0.0001444327731 -3.282563025E-05
381.4 0.0001446759259 -3.288089226E-05
381.6 0.0001317453626 -3.293634064E-05
381.8 0.0001319679054 -3.299197635E-05
382 0.0001189720812 -3.304780034E-05
382.2 0.0001059322034 -9.931144068E-05
382.4 0.0001061120543 -6.632003396E-05
382.6 0.000106292517 4.501715995E-21
382.8 0.0001064735945 1.325178962E-20
383 0.0001066552901 7.805814567E-20
383.2 0.0001201923077 3.338675214E-05
383.4 0.0001203981164 3.344392123E-05
383.6 0.0001206046312 0.0001005038593
383.8 0.0001073883162 3.35588488E-05
384 0.0001075731497 -0.0001344664372
384.2 0.0001077586207 -6.734913793E-05
384.4 0.0001079447323 -3.373272884E-05
384.6 0.0001081314879 -6.758217993E-05
384.8 0.0001083188908 -1.983972474E-20
385 9.494357639E-05 2.446684554E-20
385.2 8.152173913E-05 -3.39673913E-05
385.4 6.805313589E-05 3.402656794E-05
385.6 5.453752182E-05 1.895883252E-20
385.8 4.097465035E-05 -3.414554196E-05
386 2.73642732E-05 3.543174864E-20
386.2 1.370614035E-05 4.956811873E-21
386.4 0 -3.432557118E-05
386.6 0 -2.152475938E-20
386.8 0 6.889329806E-05
387 0 3.450750883E-05
387.2 0 1.219847452E-20
387.4 0 -2.356128972E-20
387.6 0 -2.961967206E-21
387.8 0 3.475311388E-05
388 0 3.481506239E-05
388.2 0 -3.487723214E-05
388.4 0 -6.987924866E-05
388.6 0 7.046992729E-20
388.8 0 3.506508079E-05
389 0 3.512814748E-05
389.2 0 3.519144144E-05
389.4 0 1.949715344E-20
389.6 0 7.258855852E-20
389.8 0 -3.538269928E-05
390 0 1.035966482E-19
390.2 0 3.551136364E-05
390.4 0 1.361294174E-20
390.6 0 5.241383097E-20
390.8 0 1.371808088E-21
391 0 -3.577152015E-05
391.2 0 -3.583715596E-05
391.4 0 3.706649989E-20
391.6 0 -1.437404296E-20
391.8 0 -3.603551661E-05
392 0 -3.610212569E-05
392.2 0 3.494991328E-20
392.4 0 -1.845892331E-20
392.6 0 2.801786365E-20
392.8 0 -3.245670138E-20
393 0 3.374859824E-21
393.2 0 -7.649298759E-20
393.4 0 -1.104629451E-19
393.6 0 -3.664399625E-05
393.8 0 -3.671287594E-05
394 0 -3.936044539E-20
394.2 0 6.795987314E-22
394.4 0 2.90092063E-21
394.6 0 -4.55768314E-20
394.8 0 3.706119545E-05
395 0 3.713165399E-05
395.2 0 -1.051045551E-20
395.4 0 3.727337786E-05
395.6 0 2.021580735E-20
395.8 0 -3.741618774E-05
396 0 3.748800384E-05
396.2 0 3.756009615E-05
396.4 0 -6.611464566E-20
396.6 0 3.770511583E-05
396.8 0 3.401569121E-20
397 0 3.785125969E-05
397.2 0 7.584951456E-05
397.4 0 -7.599708171E-05
397.6 0 -3.807261209E-05
397.8 0 7.629394531E-05
398 0 3.822162427E-05
398.2 0 3.829656863E-05
398.4 0 7.674361493E-05
398.6 0 3.844734252E-05
398.8 0 3.852317554E-05
399 0 7.71986166E-05
399.2 0 3.867574257E-05
399.4 0 -3.875248016E-05
399.6 0 -6.040474434E-21
399.8 0 3.890687251E-05
400 0 3.898453094E-05
400.2 0 7.8125E-05
400.4 0 -4.164985561E-20
400.6 0 -3.921937751E-05
400.8 0 1.13530139E-20
401 0 -3.937752016E-05
401.2 0 -3.945707071E-05
401.4 0 -5.079916759E-20
401.6 0 -1.447638038E-20
401.8 0 -2.081830364E-20
402 0 3.977851324E-05
402.2 0 3.985969388E-05
402.4 0 3.846371097E-20
402.6 0 -7.147271351E-20
402.8 0 1.538122597E-20
403 0 3.199843679E-20
403.2 0 2.498452644E-20
403.4 0 -4.096595985E-20
403.6 0 -3.029654551E-20
403.8 0 4.052126556E-05
404 0 8.121101871E-05
404.2 0 8.138020833E-05
404.4 0 8.155010438E-05
404.6 0 4.086035565E-05
404.8 0 -6.260863864E-21
405 0 -5.184871407E-20
405.2 0 -4.111842105E-05
405.4 0 -8.241033755E-05
405.6 0 -4.12922833E-05
405.8 0 -5.951873973E-20
406 0 -9.736092551E-20
406.2 0 -7.144878079E-20
406.4 0 -5.145059332E-20
406.6 0 1.484091938E-19
406.8 0 1.365594821E-19
407 0 2.036376471E-20
407.2 0 -7.949700574E-20
407.4 0 4.209321121E-05
407.6 0 4.218412527E-05
407.8 0 8.45508658E-05
408 0 0.00012710141
408.2 0 4.245923913E-05
408.4 0 1.686166517E-20
408.6 0 -4.718720463E-20
408.8 0 -4.955831649E-20
409 0 -5.202794492E-20
409.2 0 -3.494175932E-20
409.4 0 -2.639471554E-19
409.6 0 2.395257644E-21
409.8 0 4.321073009E-05
410 0 4.330654102E-05
410.2 0 4.340277778E-05
410.4 0 4.349944321E-05
410.6 0 5.438248598E-20
410.8 0 8.738814318E-05
411 0 0.0001313761211
411.2 0 8.778089888E-05
411.4 0 8.79786036E-05
411.6 0 8.81772009E-05
411.8 0 0.0001325650452
412 0 0.0001328656463
412.2 0 8.877840909E-05
412.4 0 8.898063781E-05
412.6 0 4.459189498E-05
412.8 0 8.938787185E-05
413 0 0.0001343893349
413.2 0 8.979885057E-05
413.4 0 9.000576037E-05
413.6 0 9.021362587E-05
413.8 0 9.04224537E-05
414 0 4.531612529E-05
414.2 0 4.542151163E-05
414.4 0 9.105477855E-05
414.6 0 9.126752336E-05
414.8 0 9.148126464E-05
415 0 9.169600939E-05
415.2 0 9.191176471E-05
415.4 0 9.212853774E-05
415.6 0 9.23463357E-05
415.8 0 9.256516588E-05
416 0 4.639251781E-05
416.2 0 4.650297619E-05
416.4 0 9.322792363E-05
416.6 0 9.345095694E-05
416.8 0 4.683752998E-05
417 0 -1.295522747E-20
417.2 0 4.631622916E-20
417.4 0 4.717693237E-05
417.6 0 9.458232446E-05
417.8 0 9.48118932E-05
418 0 9.504257908E-05
418.2 0 9.527439024E-05
418.4 0 9.550733496E-05
418.6 0 4.787071078E-05
418.8 0 -3.156590316E-20
419 0 1.946459869E-20
419.2 0 -1.015089554E-19
419.4 0 -1.117035905E-19
419.6 0 1.905698995E-20
419.8 0 -8.237947267E-20
420 0 -1.588978547E-19
420.2 0 -7.527535116E-20
420.4 0 -8.293732776E-20
420.6 0 -4.24119095E-20
420.8 0 -1.432595891E-19
421 0 -6.979949907E-20
421.2 0 -1.446963242E-19
421.4 0 -6.763536702E-20
421.6 0 7.018974838E-21
421.8 0 -1.36680628E-19
422 0 -5.109964121E-20
422.2 0 1.29616268E-20
422.4 0 -3.967578644E-21
422.6 0 -1.236299291E-19
422.8 0 -1.09768827E-19
423 0 -1.812947941E-19
423.2 0 -8.178659123E-20
423.4 0 1.000713802E-19
423.6 0 6.564092186E-20
423.8 0 1.725162623E-20
424 0 -5.770899556E-20
424.2 0 5.878853944E-20
424.4 0 -7.423073413E-20
424.6 0 7.824625414E-21
424.8 0 -4.81249558E-20
425 0 -5.194481383E-05
425.2 0 -0.0001041666667
425.4 0 -0.0001044451872
425.6 0 -0.0001047252011
425.8 0 -0.0001050067204
426 0 -0.0001052897574
426.2 0 -0.0001055743243
426.4 0 -0.0001058604336
426.6 0 -0.0001061480978
426.8 0 -0.0001064373297
427 0 -5.336407104E-05
427.2 0 -5.351027397E-05
427.4 0 -0.0001073145604
427.6 0 -0.0001076101928
427.8 0 -0.0001079074586
428 0 -0.0001082063712
428.2 0 -0.0001085069444
428.4 0 -0.0001088091922
428.6 0 -0.0001091131285
428.8 0 -0.0001094187675
429 0 -0.0001097261236
429.2 0 -0.0001100352113
429.4 0 -0.0001103460452
429.6 0 -0.0001106586402
429.8 0 -0.0001109730114
430 0 -0.0001112891738
430.2 0 -0.0001116071429
430.4 0 -0.0001119269341
430.6 0 -0.0001122485632
430.8 0 -0.0001125720461
431 0 -0.0001128973988
431.2 0 -0.0001132246377
431.4 0 -0.0001135537791
431.6 0 -0.0001138848397
431.8 0 -0.0001142178363
432 0 -0.0001145527859
432.2 0 -0.0001148897059
432.4 0 -0.0001152286136
432.6 0 -0.0001155695266
432.8 0 -0.0001159124629
433 0 -0.0001162574405
433.2 0 -0.0001166044776
433.4 0 -0.0001169535928
433.6 0 -0.0001173048048
433.8 0 -0.0001176581325
434 0 -0.0001180135952
434.2 0 -5.918560606E-05
434.4 0 2.492597833E-20
434.6 0 -2.776775174E-20
434.8 0 -8.47578692E-20
435 0 -5.991180982E-05
435.2 0 -0.0001201923077
435.4 0 -0.0001205632716
435.6 0 -6.046826625E-05
435.8 0 -0.0001213121118
436 0 -0.0001825350467
436.2 0 -6.103515625E-05
436.4 0 -6.122648903E-05
436.6 0 -6.141902516E-05
436.8 0 1.159515253E-19
437 0 6.180775316E-05
437.2 0 3.999981204E-20
437.4 0 -6.220143312E-05
437.6 0 2.763077751E-20
437.8 0 -3.498534071E-20
438 0 3.227600495E-20
438.2 0 -6.300403226E-05
438.4 0 -6.32079288E-05
438.6 0 1.625559132E-19
438.8 0 4.368996118E-20
439 0 -1.402514185E-19
439.2 0 -1.791727308E-19
439.4 0 -4.676729038E-20
439.6 0 4.452242644E-20
439.8 0 -1.120673396E-19
440 0 9.578499244E-20
440.2 0 4.810821934E-20
440.4 0 1.735604508E-20
440.6 0 -1.711909832E-19
440.8 0 -1.835846019E-20
441 0 -1.260088838E-19
441.2 0 -1.860174065E-20
441.4 0 1.179981252E-19
441.6 0 4.157677195E-20
441.8 0 -1.155216931E-19
442 0 -1.772625341E-20
442.2 0 1.038904754E-19
442.4 0 -1.564937758E-19
442.6 0 -1.329877737E-19
442.8 0 -1.143854559E-19
443 0 4.257585354E-21
443.2 0 9.799508273E-20
443.4 0 7.707466065E-20
443.6 0 -1.007531048E-19
443.8 0 -5.639961891E-20
444 0 -4.35763528E-20
444.2 0 -9.161578938E-20
444.4 0 -7.035940015E-20
444.6 0 -2.217927821E-19
444.8 0 -6.967539513E-20
445 0 1.302810409E-19
445.2 0 -1.649771487E-19
445.4 0 1.067951176E-20
445.6 0 -1.077784353E-19
445.8 0 -1.30255415E-19
446 0 2.478948191E-20
446.2 0 1.6736375E-20
446.4 0 -7.124900301E-20
446.6 0 7.820719642E-20
446.8 0 -4.63736886E-20
447 0 -8.636368271E-20
447.2 0 8.020652415E-22
447.4 0 -1.202423164E-19
447.6 0 -1.755396071E-19
447.8 0 -5.855336867E-20
448 0 -1.405816208E-19
448.2 0 1.753134086E-19
448.4 0 2.550464412E-19
448.6 0 1.463657831E-19
448.8 0 -4.206677025E-20
449 0 2.041871873E-19
449.2 0 5.071001592E-20
449.4 0 -1.09688579E-19
449.6 0 -1.456359355E-19
449.8 0 -2.568714094E-20
450 0 -5.413959531E-20
450.2 0 -1.84027677E-19
450.4 0 -7.055360202E-20
450.6 0 7.875504032E-05
450.8 0 -1.729479907E-19
451 3.175813008E-05 -7.93953252E-05
451.2 3.18877551E-05 2.505234036E-19
451.4 3.201844262E-05 -1.103530579E-19
451.6 3.215020576E-05 -1.366056804E-19
451.8 0 -1.52668366E-19
452 0 -3.819420016E-20
452.2 0 3.521975181E-21
452.4 0 -1.660751406E-19
452.6 0 8.206407563E-05
452.8 0 8.241033755E-05
453 0 4.734603239E-20
453.2 0 -7.157000653E-20
453.4 0 6.521905979E-20
453.6 0 5.398543641E-20
453.8 0 2.871175748E-20
454 0 1.585775958E-20
454.2 0 -8.491847826E-05
454.4 0 -8.528930131E-05
454.6 0 -2.35317626E-19
454.8 0 -2.266841867E-19
455 0 1.156205749E-19
455.2 0 -9.645474504E-20
455.4 0 -1.116906031E-19
455.6 0 -2.408378371E-19
455.8 0 -3.167432954E-19
456 0 -2.279400125E-19
456.2 0 1.552811296E-19
456.4 0 -6.805937347E-20
456.6 0 -3.638330215E-19
456.8 0 -1.133904844E-20
457 0 1.190984152E-19
457.2 0 -1.038294866E-19
457.4 0 -1.370693279E-20
457.6 0 1.455766576E-19
457.8 0 2.099891785E-21
458 0 5.683080868E-20
458.2 0 -1.728716318E-19
458.4 0 2.0327632E-20
458.6 0 -1.176479686E-19
458.8 0 -1.156265564E-19
459 0 -4.064470748E-20
459.2 0 -4.669097668E-20
459.4 0 -1.51442617E-20
459.6 0 1.32946345E-20
459.8 0 -1.321864653E-19
460 0 -5.72525331E-20
460.2 0 -1.051226931E-19
460.4 0 -1.975677574E-19
460.6 0 2.419693809E-20
460.8 0 -1.103018964E-19
461 0 2.205009046E-19
461.2 0 1.123244926E-19
461.4 0 -1.859526022E-19
461.6 0 -2.102574186E-19
461.8 0 -2.046501533E-19
462 0 -3.575732364E-19
462.2 0 -3.246648405E-19
462.4 0 9.623357962E-21
462.6 0 -2.797392294E-19
462.8 0 -1.987510996E-19
463 0 -7.225899204E-20
463.2 0 3.176204331E-20
463.4 0 -4.273947646E-20
463.6 0 -1.472738875E-19
463.8 0 2.269062203E-20
464 0 3.740793942E-20
464.2 0 3.7248811E-20
464.4 0 -2.212614244E-19
464.6 0 -1.974402589E-19
464.8 0 -2.354460228E-20
465 0 -1.87475067E-19
465.2 0 -1.358828112E-19
465.4 0 -1.920034238E-20
465.6 0 0.0001128973988
465.8 0 0.0002271075581
466 0 0.0001142178363
466.2 0 0.0001148897059
466.4 0 0.0002311390533
466.6 0 0.000232514881
466.8 0 0.0001169535928
467 0 1.567854403E-19
467.2 0 -0.0001183712121
467.4 0 -0.0002381859756
467.6 0 -0.0001198236196
467.8 0 -0.0001205632716
468 0 -0.0002426242236
468.2 0 -0.0001220703125
468.4 0 -3.503977851E-19
468.6 0 -3.9443964E-20
468.8 0 -8.158007116E-20
469 0 0.0001252003205
469.2 0 0.0001260080645
469.4 0 -1.676569496E-19
469.6 0 -1.395294365E-19
469.8 0 -0.0001284950658
470 0 -0.0001293460265
470.2 0 6.56034707E-20
470.4 0 -1.989741135E-19
470.6 0 -0.0001319679054
470.8 0 -0.0001328656463
471 0 3.830383008E-20
471.2 0 -1.94939694E-19
471.4 0 1.515719906E-20
471.6 0 1.759476882E-19
471.8 0 1.726641382E-19
472 0 3.736184154E-20
472.2 0 -2.678256715E-19
472.4 0 5.064048174E-20
472.6 0 3.204997909E-19
472.8 0 1.642493005E-19
473 0 1.45646059E-19
473.2 0 1.186819708E-19
473.4 0 -1.32704505E-19
473.6 0 1.973031248E-19
473.8 0 3.158422612E-19
474 0 1.727212937E-19
474.2 0 2.195562722E-19
474.4 0 3.309071968E-19
474.6 0 1.713052634E-19
474.8 0 -1.708164856E-19
475 0 7.088305344E-20
475.2 0 2.438076842E-19
475.4 0 1.844745873E-19
475.6 0 -1.467233603E-19
475.8 0 -2.212392295E-22
476 0 1.303257449E-20
476.2 0 3.661908838E-19
476.4 0 1.450371751E-19
476.6 0 -2.896898593E-20
476.8 0 2.580944371E-19
477 0 8.649560044E-20
477.2 0 2.763210598E-19
477.4 0 2.168668828E-19
477.6 0 4.09652574E-20
477.8 0 2.437528948E-19
478 0 -2.548636791E-20
478.2 0 -1.134483707E-19
478.4 0 1.35840907E-19
478.6 0 -2.512772153E-19
478.8 0 -1.078113026E-19
479 0 -1.199499173E-19
479.2 0 -2.514347594E-19
479.4 0 5.554581396E-19
479.6 0 -5.340926441E-20
479.8 0 -3.050293711E-19
480 0 8.695665881E-20
480.2 0 7.520762184E-20
480.4 0 2.428817475E-19
480.6 0 5.992281758E-19
480.8 0 2.068536035E-19
481 0 3.318607927E-19
481.2 0 2.198397523E-19
481.4 0 5.600336003E-19
481.6 0 2.216922202E-19
481.8 0 1.609650603E-19
482 0 5.476492388E-19
482.2 0 1.112798666E-19
482.4 0 -1.213504132E-19
482.6 0 -7.764027625E-20
482.8 0 3.821701122E-19
483 0 1.273036203E-19
483.2 0 2.133979752E-19
483.4 0 0.000232514881
483.6 0 0.0002353162651
483.8 0 -5.081645351E-20
484 0 -1.680652465E-19
484.2 0 -0.000244140625
484.4 0 -0.0002472310127
484.6 0 6.78159929E-19
484.8 0 3.881626052E-19
485 0 -3.404664282E-19
485.2 0 4.630020288E-19
485.4 0 3.289564131E-19
485.6 0 2.987409467E-19
485.8 0 4.687533029E-19
486 0 -3.051925687E-19
486.2 0 -1.402463463E-19
486.4 0 7.155364882E-20
486.6 0 -1.243633376E-19
486.8 0 6.406755461E-19
487 0 6.391475067E-19
487.2 0 -7.986666975E-20
487.4 0 1.863121898E-19
487.6 0 2.681764482E-19
487.8 0 1.034705447E-19
488 0 2.467283113E-19
488.2 0 9.33223407E-19
488.4 0 8.935796547E-19
488.6 0 9.251548319E-19
488.8 0 2.126820501E-19
489 0 -1.026066475E-19
489.2 0 2.224647133E-19
489.4 0 3.119821108E-19
489.6 0 5.414593442E-20
489.8 0 2.459712963E-19
490 0 8.702778928E-19
490.2 0 3.674351383E-19
490.4 0 -4.101689338E-19
490.6 0 -1.869239059E-19
490.8 0 3.828521991E-19
491 0 -4.963477142E-19
491.2 0 4.902147088E-20
491.4 0 1.929508819E-18
491.6 0 3.897697756E-19
491.8 0 -1.01549462E-18
492 0 -6.441233605E-19
492.2 0 8.320723573E-19
492.4 0 -1.519018683E-19
492.6 0 9.185202175E-19
492.8 0 1.540413435E-18
493 0 1.651911317E-18
493.2 0 3.929144425E-19
493.4 0 9.460265746E-19
493.6 0 9.769849308E-19
493.8 0 2.18419963E-18
494 0 1.471985934E-18
494.2 0 2.171496645E-19
494.4 0 -1.542747705E-18
494.6 0 6.904869017E-19
494.8 0 -3.070154325E-19
495 0 -1.492127654E-18
495.2 0 -1.883662796E-18
495.4 0 -2.430736968E-18
495.6 0 -1.066897836E-18
495.8 0 -1.123820001E-18
496 0 3.831732306E-19
496.2 0 -2.934722256E-18
496.4 0 -4.193397264E-19
496.6 0 -2.482320202E-18
496.8 0 -2.058949098E-18
497 0 -3.313792869E-19
497.2 0 -1.339684434E-18
497.4 0 -8.671736883E-19
497.6 0 -1.893048946E-18
497.8 0 -1.415312759E-20
498 0 -1.588259365E-18
498.2 0 8.968295629E-19
498.4 0 -2.956207839E-18
498.6 0 1.045635484E-18
498.8 0 -1.999824965E-18
499 0 -5.004382247E-18
499.2 0 -1.173031595E-17
499.4 0 -7.282799805E-18
499.6 0 -1.0790543E-17
499.8 0 -3.40468644E-17
500 0 -1.699275657E-17
