0 0.007222111156 2.342812875E-05
0.2 0.006225 0.0017109375
0.4 0.005758553421 0.0005158313325
0.6 0.005341773419 0.0004847628102
0.8 0.00502790849 0.0001642596115
1 0.004757612179 0.0001330253405
1.2 0.004458917836 0.0003131262525
1.4 0.004191309142 0.0003680708701
1.6 0.00392348576 0.0002271986562
1.8 0.00371187801 0.000274315309
2 0.003506372943 0.0002665847049
2.2 0.003319528112 0.0001176581325
2.4 0.003132533146 0.0001177054038
2.6 0.002992488947 0.0001020523513
2.8 0.002846049457 2.356001206E-05
3 0.00273406074 7.85649638E-06
3.2 0.002631413481 4.715794769E-05
3.4 0.002506667673 1.572564412E-05
3.6 0.002403846154 2.359796617E-05
3.8 0.002313532434 7.869157937E-05
4 0.002219996977 6.297863765E-05
4.2 0.002142137097 3.937752016E-05
4.4 0.002054759984 0.0001260588947
4.6 0.001964159605 0.0001182279056
4.8 0.001864024021 1.577008478E-05
5 0.001785894588 8.677049677E-05
5.2 0.001695075758 0.0001025883838
5.4 0.00160734135 -7.89460388E-06
5.6 0.001522695107 -3.948898099E-05
5.8 0.001450621966 -3.16039644E-05
6 0.001365843788 7.904188588E-05
6.2 0.001284159919 4.744433198E-05
6.4 0.001208738356 -5.537413933E-05
6.6 0.001123759117 -3.165518639E-05
6.8 0.001060878597 -0.0001345890758
7 0.001020123682 -0.0001504840835
7.2 0.000982505071 -3.961713996E-05
7.4 0.0009416852679 -4.755986201E-05
7.6 0.0009135200974 -3.171944783E-05
7.8 0.0008948517465 -6.346466288E-05
8 0.0008729937017 -0.0001111082893
8.2 0.0008511178862 -5.557672764E-05
8.4 0.0008324013827 7.942761285E-06
8.6 0.0008136696501 -7.945992677E-06
8.8 0.0007885632886 -0.0001192384005
9 0.0007857033795 -7.15721702E-05
9.2 0.0007478360489 -1.59114053E-05
9.4 0.0007322229014 -0.0001273431133
9.6 0.0007229667754 -0.0001831303506
9.8 0.0006977722268 -0.0001115161093
10 0.0006725571195 -0.0001514050388
10.2 0.0006536989796 -0.0001833545918
10.4 0.0006284452838 -0.0001036775214
10.6 0.0006063623366 -0.0001116983252
10.8 0.0005810686555 -0.0001037622599
11 0.0005589482829 -0.0001038046811
11.2 0.0005336145194 -0.0001198236196
11.4 0.0005210464403 -7.99150982E-05
11.6 0.0005052701596 -5.596346705E-05
11.8 0.000502277846 -5.598638411E-05
12 0.0004960825481 -7.201198279E-05
12.2 0.0004866803279 -8.805071721E-05
12.4 0.0004804735547 -8.007892579E-05
12.6 0.0004582393355 -6.408941756E-05
12.8 0.0004423984407 -4.007232253E-05
13 0.0004233374384 -3.207101806E-05
13.2 0.0004074691992 -0.0001122946612
13.4 0.0003915879211 -9.629211175E-05
13.6 0.0003853267571 -4.013820386E-05
13.8 0.0003726356908 -4.015470806E-05
14 0.0003727889757 1.606849033E-05
14.2 0.0003697273663 -1.607510288E-05
14.4 0.0003698795801 -4.824516262E-05
14.6 0.000376467257 -2.413251647E-05
14.8 0.0003734033787 6.437989287E-05
15 0.000373557296 0.0001207620569
15.2 0.0003672680412 8.054123711E-06
15.4 0.0003641965759 -7.251701733E-05
15.6 0.000364346884 -4.836463062E-05
15.8 0.0003644973163 -4.83845995E-05
16 0.0003581939281 -4.840458488E-05
16.2 0.0003583419421 -4.842458678E-05
16.4 0.0003584900785 -1.010358066E-20
16.6 0.0003457144334 -8.077440033E-06
16.8 0.0003361605296 -2.424234588E-05
17 0.0003233650662 8.084126656E-06
17.2 0.0003105590062 1.179821684E-20
17.4 0.0003009786661 -8.090824358E-06
17.6 0.0002913903854 -4.047088686E-05
17.8 0.0002850331675 -3.239013267E-05
18 0.0002819110328 4.050445873E-05
18.2 0.0002852697095 -8.914678423E-05
18.4 0.0002951172686 -0.0001540447281
18.6 0.0003049730066 -4.866590532E-05
18.8 0.0003050997092 -6.491483174E-05
19 0.0003019794264 -8.929499169E-05
19.2 0.0002988565489 -0.0001055743243
19.4 0.0002957310732 -0.0001299916805
19.6 0.0002991052851 -4.063930504E-05
19.8 0.0002894723147 -1.626248959E-05
20 0.0002798313203 -5.694241983E-05
20.2 0.0002734375 -4.069010417E-05
20.4 0.000276808045 -6.513130471E-05
20.6 0.0002704076314 -4.886884904E-05
20.8 0.0002574833125 3.104426075E-21
21 0.0002510694908 4.890964107E-05
21.2 0.0002479123173 4.077505219E-05
21.4 0.0002447525063 -5.710891813E-05
21.6 0.0002481195153 -8.978008776E-05
21.8 0.0002416910535 -7.870739927E-21
22 0.0002287222919 6.534922627E-05
22.2 0.0002288179916 2.451621339E-05
22.4 0.0002354541649 -4.087745919E-05
22.6 0.0002355527638 -3.271566164E-05
22.8 0.0002291055718 5.727639296E-05
23 0.0002226529757 7.367194049E-05
23.2 0.0002227463312 8.189203354E-06
23.4 0.0002162856544 3.277055369E-05
23.6 0.0002130979857 5.737253462E-05
23.8 0.0001967884131 4.099758606E-05
24 0.0001804651407 3.281184376E-05
24.2 0.0001706932773 6.56512605E-05
24.4 0.0001609131988 6.567885666E-05
24.6 0.0001544102187 -2.463992851E-05
24.8 0.0001413283551 -8.21676483E-05
25 0.0001282354798 -5.754156145E-05
25.2 0.0001151315789 -2.467105263E-05
25.4 0.0001020166386 -2.943778858E-20
25.6 9.876738306E-05 4.115307627E-05
25.8 8.23408516E-05 -1.48286784E-20
26 7.578553353E-05 8.237557992E-06
26.2 6.922468354E-05 4.944620253E-05
26.4 6.265829464E-05 -4.122256226E-05
26.6 5.938555743E-05 -4.123997044E-05
26.8 5.941064639E-05 8.164496812E-21
27 5.943575655E-05 -4.127483094E-05
27.2 5.615750529E-05 -8.25845666E-06
27.4 4.957170051E-05 5.783365059E-05
27.6 4.628650021E-05 2.47963394E-05
27.8 4.961367485E-05 -4.134472904E-05
28 4.963468869E-05 -3.308979246E-05
28.2 5.627648305E-05 -1.655190678E-05
28.4 6.292390844E-05 -6.623569309E-05
28.6 6.957697201E-05 -1.656594572E-05
28.8 7.292108613E-05 4.971892236E-05
29 7.626803905E-05 4.145002122E-05
29.2 8.293524416E-05 -1.658704883E-05
29.4 8.960811385E-05 -3.318819031E-05
29.6 9.296642584E-05 2.490172121E-05
29.8 9.300595238E-05 4.982461735E-05
30 9.304551255E-05 4.153817524E-05
30.2 8.97606383E-05 4.986702128E-05
30.4 8.314708387E-05 7.483237548E-05
30.6 7.320059625E-05 3.32729983E-05
30.8 6.657435023E-05 -4.993076268E-05
31 6.993286445E-05 -9.990409207E-05
31.2 6.663113006E-05 -6.663113006E-05
31.4 5.999360068E-05 -5.832711177E-05
31.6 5.335040546E-05 -5.001600512E-05
31.8 5.003736123E-05 -8.339560205E-06
32 4.672148654E-05 -5.005873558E-05
32.2 4.340277778E-05 -0.0001001602564
32.4 4.00812313E-05 -8.35025652E-05
32.6 3.341531223E-05 -6.683062447E-05
32.8 3.342961061E-05 -0.0001253610398
33 2.675513699E-05 -0.0001421366652
33.2 2.007494647E-05 -6.691648822E-05
33.4 1.338903171E-05 -8.368144816E-05
33.6 6.697385341E-06 -7.534558508E-05
33.8 6.70025729E-06 -8.375321612E-06
34 6.703131703E-06 -4.838721532E-22
34.2 1.005901288E-05 -2.514753219E-05
34.4 1.677221984E-05 -6.708887935E-05
34.6 1.342353952E-05 -5.03382732E-05
34.8 1.007198109E-05 -2.517995273E-05
35 1.007631126E-05 -1.679385211E-05
35.2 6.720430108E-06 -3.360215054E-05
35.4 6.723321859E-06 -4.202076162E-05
35.6 1.008932415E-05 -1.681554025E-05
35.8 1.009366925E-05 -3.364556417E-05
36 1.00980181E-05 -5.890510556E-05
36.2 1.010237069E-05 -5.893049569E-05
36.4 1.010672704E-05 -7.580045278E-05
36.6 1.011108714E-05 -4.212952977E-05
36.8 1.011545101E-05 1.685908502E-05
37 6.746545769E-06 8.433182211E-06
37.2 6.749460043E-06 2.531047516E-05
37.4 6.752376837E-06 5.064282627E-05
37.6 6.755296152E-06 5.066472114E-05
37.8 6.758217993E-06 2.534331747E-05
38 6.761142363E-06 1.690285591E-05
38.2 6.764069264E-06 1.691017316E-05
38.4 6.766998701E-06 8.458748376E-06
38.6 6.769930676E-06 -2.786273113E-20
38.8 6.772865193E-06 -1.693216298E-05
39 6.775802255E-06 -4.234876409E-05
39.2 6.778741866E-06 -1.694685466E-05
39.4 6.781684028E-06 8.477105035E-06
39.6 6.784628745E-06 -4.240392966E-05
39.8 6.787576021E-06 -6.787576021E-05
40 6.790525858E-06 -7.639341591E-05
40.2 1.358695652E-05 -6.793478261E-05
40.4 1.019464985E-05 -4.24777077E-05
40.6 1.019908616E-05 -5.099543081E-05
40.8 1.360470178E-05 -2.550881585E-05
41 1.361062718E-05 -7.132550842E-21
41.2 1.02124183E-05 -2.553104575E-05
41.4 6.811246731E-06 -3.405623365E-05
41.6 6.814217183E-06 8.517771478E-06
41.8 0 -1.938473393E-20
42 0 -8.525207333E-06
42.2 0 2.558679039E-05
42.4 0 -1.370012993E-20
42.6 0 -3.414554196E-05
42.8 0 -4.270059029E-05
43 0 -5.980697725E-05
43.2 0 -9.402352298E-05
43.4 0 -5.130801226E-05
43.6 0 -1.711016207E-05
43.8 0 -8.558829974E-06
44 0 -1.71251644E-05
44.2 0 -8.566337719E-06
44.4 3.428038613E-06 -1.800399251E-20
44.6 6.859086918E-06 -1.71477173E-05
44.8 6.862099253E-06 -2.57328722E-05
45 3.432557118E-06 -5.148835677E-05
45.2 0 -1.717032967E-05
45.4 0 8.588940193E-06
45.6 3.437087549E-06 -8.592718874E-06
45.8 6.877200704E-06 1.190795566E-20
46 1.032034346E-05 -3.440114487E-05
46.2 6.883259912E-06 -3.441629956E-05
46.4 3.443146761E-06 2.312781925E-20
46.6 3.444664903E-06 -1.722332451E-05
46.8 6.892368769E-06 -6.030822673E-05
47 1.034311562E-05 -9.48118932E-05
47.2 1.379690949E-05 -9.485375276E-05
47.4 1.380300353E-05 -6.038814046E-05
47.6 1.380910296E-05 3.458806492E-20
47.8 1.381520778E-05 1.726900973E-05
48 1.3821318E-05 -8.638323751E-06
48.2 1.382743363E-05 -5.185287611E-05
48.4 1.383355467E-05 -6.052180168E-05
48.6 1.383968113E-05 -3.459920283E-05
48.8 1.384581303E-05 -1.730726628E-05
49 1.385195035E-05 -3.462987589E-05
49.2 1.385809313E-05 -8.661308204E-06
49.4 1.386424135E-05 4.332575421E-05
49.6 1.387039503E-05 2.600699068E-05
49.8 1.387655417E-05 -8.672846359E-06
50 1.388271879E-05 2.644869151E-20
50.2 1.388888889E-05 8.680555556E-06
50.4 1.389506447E-05 2.605324589E-05
50.6 1.390124555E-05 8.682955092E-22
50.8 1.390743213E-05 -1.738429016E-05
51 1.391362422E-05 2.608804541E-05
51.2 1.043986637E-05 8.699888641E-06
51.4 1.044451872E-05 -8.703765597E-06
51.6 1.044917521E-05 -8.70764601E-06
51.8 1.045383586E-05 1.742305977E-05
52 1.394466756E-05 2.614625167E-05
52.2 1.395089286E-05 -1.146356775E-20
52.4 1.395712372E-05 -1.003352358E-20
52.6 1.396336014E-05 2.618130027E-05
52.8 1.396960215E-05 3.492400536E-05
53 1.397584973E-05 2.620471825E-05
53.2 1.398210291E-05 4.369407159E-05
53.4 1.049127126E-05 -1.74854521E-05
53.6 1.049596955E-05 -1.749328258E-05
53.8 7.000448029E-06 2.625168011E-05
54 7.003585836E-06 -8.754482295E-06
54.2 7.006726457E-06 1.751681614E-05
54.4 1.051480485E-05 2.628701211E-05
54.6 1.051952424E-05 8.766270197E-06
54.8 1.052424787E-05 -4.296461389E-21
55 1.052897574E-05 -8.774146451E-06
55.2 1.053370787E-05 1.507432695E-21
55.4 1.053844424E-05 -1.756407374E-05
55.6 1.054318489E-05 -1.09706255E-20
55.8 1.054792979E-05 -8.789941494E-06
56 1.055267897E-05 -3.517559658E-05
56.2 1.055743243E-05 -1.759572072E-05
56.4 1.056219018E-05 -1.760365029E-05
56.6 7.044634806E-06 1.761158702E-05
56.8 3.52390618E-06 4.404882724E-05
57 0 2.517087011E-22
57.2 0 -4.408860045E-05
57.4 0 -2.64651084E-05
57.6 0 -3.530275644E-05
57.8 3.531871609E-06 -8.829679024E-06
58 3.533469019E-06 8.833672546E-06
58.2 3.535067873E-06 -1.459277547E-20
58.4 0 4.42083522E-05
58.6 0 -1.692030696E-20
58.8 0 -4.424841414E-05
59 0 -7.433853952E-21
59.2 0 1.77154195E-05
59.4 0 8.861728675E-06
59.6 0 1.77315025E-05
59.8 0 2.660933243E-05
60 0 4.43690368E-05
60.2 0 5.326704545E-05
60.4 0 3.552751251E-05
60.6 0 2.665775705E-05
60.8 0 4.444981793E-05
61 0 6.225808288E-05
61.2 0 3.559225513E-05
61.4 0 3.560847767E-05
61.6 0 3.5624715E-05
61.8 0 4.455120894E-05
62 0 5.348585121E-05
62.2 0 3.567351598E-05
62.4 0 6.245717222E-05
62.6 3.570612431E-06 8.033877971E-05
62.8 7.144490169E-06 9.823673983E-05
63 1.429551693E-05 7.147758463E-05
63.2 2.145308924E-05 3.575514874E-05
63.4 2.861721612E-05 2.682864011E-05
63.6 3.578790655E-05 1.789395328E-05
63.8 4.296516957E-05 5.370646196E-05
64 5.014901421E-05 5.373108666E-05
64.2 5.733944954E-05 3.583715596E-05
64.4 6.453648463E-05 2.689020193E-05
64.6 6.815312213E-05 8.96751607E-06
64.8 7.177308222E-05 3.847479589E-20
65 7.539636949E-05 3.311013551E-20
65.2 7.902298851E-05 -1.795977011E-05
65.4 8.265294388E-05 -6.288810948E-05
65.6 8.628624022E-05 -5.392890014E-05
65.8 8.992288214E-05 -2.697686464E-05
66 8.276715799E-05 -3.598572087E-05
66.2 7.920506912E-05 -2.700172811E-05
66.4 7.563969571E-05 4.50236284E-05
66.6 7.567458487E-05 3.603551661E-05
66.8 7.570950623E-05 -9.013036456E-06
67 7.213758079E-05 -9.017197599E-06
67.2 6.856235566E-05 -9.021362587E-06
67.4 6.498382625E-05 2.47959027E-20
67.6 6.501386963E-05 9.029704115E-06
67.8 6.50439408E-05 1.509833335E-20
68 6.145881536E-05 -2.711418325E-05
68.2 6.148726852E-05 -2.712673611E-05
68.4 6.151574803E-05 -9.046433534E-06
68.6 6.154425394E-05 -9.050625579E-06
68.8 6.157278628E-05 -9.054821511E-06
69 6.522495362E-05 -9.059021336E-06
69.2 6.888051044E-05 -4.531612529E-05
69.4 7.253946147E-05 -3.626973073E-05
69.6 7.257315374E-05 1.814328843E-05
69.8 7.260687732E-05 2.7227579E-05
70 7.627266388E-05 9.148087752E-22
70.2 7.994186047E-05 1.816860465E-05
70.4 8.361447185E-05 1.81770591E-05
70.6 8.729050279E-05 9.092760708E-06
70.8 8.369236143E-05 6.655290729E-21
71 8.009086673E-05 9.101234856E-06
71.2 7.648601399E-05 1.462529803E-20
71.4 7.652168843E-05 -6.376807369E-05
71.6 7.291180588E-05 -5.468385441E-05
71.8 6.929855275E-05 -1.823646125E-05
72 6.933092013E-05 -1.824497898E-05
72.2 6.936331776E-05 -3.650700935E-05
72.4 6.939574568E-05 -5.478611501E-05
72.6 6.577408793E-05 -2.740586997E-05
72.8 6.214904071E-05 1.827912962E-05
73 5.852059925E-05 1.828768727E-05
73.2 5.488875878E-05 4.574063232E-05
73.4 4.393158388E-05 5.491447985E-05
73.6 3.662681669E-05 1.831340835E-05
73.8 3.664399625E-05 9.160999062E-06
74 2.932895354E-05 -9.165297982E-06
74.2 2.567488263E-05 -9.169600939E-06
74.4 2.201737905E-05 1.834781588E-05
74.6 2.202772556E-05 -1.835643797E-05
74.8 2.571109544E-05 -1.836506817E-05
75 2.572318909E-05 4.593426623E-05
75.2 2.573529412E-05 2.757352941E-05
75.4 2.574741055E-05 1.839100753E-05
75.6 2.575953839E-05 9.199835139E-06
75.8 2.577167766E-05 6.539956554E-21
76 2.578382838E-05 4.604255068E-05
76.2 2.579599057E-05 4.606426887E-05
76.4 2.580816423E-05 2.765160453E-05
76.6 2.582034939E-05 -6.700216654E-21
76.8 2.583254606E-05 9.225909306E-06
77 2.584475425E-05 3.69210775E-05
77.2 2.5856974E-05 1.846926714E-05
77.4 2.58692053E-05 8.2058821E-21
77.6 2.588144818E-05 -9.243374349E-06
77.8 2.589370265E-05 -1.849550189E-05
78 2.220511606E-05 -1.850426338E-05
78.2 2.221563981E-05 -3.702606635E-05
78.4 2.222617354E-05 -3.704362257E-05
78.6 2.223671727E-05 -9.265298861E-06
78.8 2.2247271E-05 9.269696251E-06
79 2.225783476E-05 9.274097816E-06
79.2 1.855700713E-05 3.711401425E-05
79.4 1.8565827E-05 5.569748099E-05
79.6 1.48597242E-05 6.501129339E-05
79.8 1.115009515E-05 3.716698382E-05
80 7.436934793E-06 2.788850547E-05
80.2 7.44047619E-06 5.580357143E-05
80.4 7.444020962E-06 2.791507861E-05
80.6 7.447569113E-06 2.792838418E-05
80.8 1.117668097E-05 4.656950405E-05
81 1.490935115E-05 3.727337786E-05
81.2 1.864558473E-05 2.796837709E-05
81.4 2.238538682E-05 4.663622254E-05
81.6 2.612876254E-05 1.866340182E-05
81.8 2.987571702E-05 2.345607034E-20
82 3.362625538E-05 3.736250598E-05
82.2 3.36423445E-05 7.476076555E-05
82.4 2.991862135E-05 8.414612255E-05
82.6 2.993295019E-05 8.418642241E-05
82.8 2.994729276E-05 4.679264494E-05
83 2.621644295E-05 4.68150767E-05
83.2 2.622901679E-05 8.430755396E-05
83.4 2.24928023E-05 4.68600048E-05
83.6 1.875300048E-05 9.37650024E-06
83.8 1.876200768E-05 5.628602305E-05
84 1.877102355E-05 7.508409419E-05
84.2 1.878004808E-05 9.390024038E-06
84.4 1.878908129E-05 5.636724387E-05
84.6 1.503849856E-05 9.399061598E-05
84.8 1.504573905E-05 9.403586904E-05
85 1.881623314E-05 8.467304913E-05
85.2 1.88253012E-05 3.765060241E-05
85.4 2.260125362E-05 2.825156702E-05
85.6 2.638084901E-05 -9.42173179E-06
85.8 3.016409266E-05 -4.713139479E-05
86 3.017865765E-05 -1.886166103E-05
86.2 3.019323671E-05 1.887077295E-05
86.4 3.020782987E-05 5.663968101E-05
86.6 3.022243714E-05 3.777804642E-05
86.8 2.645742622E-05 4.724540397E-05
87 2.647023233E-05 6.617558083E-05
87.2 2.269975787E-05 1.891646489E-05
87.4 1.892562984E-05 -5.677688953E-05
87.6 1.893480368E-05 -5.680441105E-05
87.8 1.894398642E-05 -1.894398642E-05
88 1.516254246E-05 1.200026781E-21
88.2 1.896237864E-05 1.896237864E-05
88.4 2.276590578E-05 -9.485794075E-05
88.6 1.898080661E-05 -7.592322643E-05
88.8 1.139402042E-05 -2.848505105E-05
89 7.599708171E-06 -8.549671693E-05
89.2 1.140510949E-05 -7.603406326E-05
89.4 7.607108082E-06 -1.90177702E-05
89.6 7.610813444E-06 4.756758402E-05
89.8 7.614522417E-06 2.855445906E-05
90 3.809117504E-06 -1.904558752E-05
90.2 3.81097561E-06 2.858231707E-05
90.4 7.625671059E-06 6.672462177E-05
90.6 7.629394531E-06 5.722045898E-05
90.8 7.633121641E-06 9.541402052E-06
91 7.636852395E-06 -9.546065494E-06
91.2 7.640586797E-06 3.820293399E-05
91.4 7.644324853E-06 3.822162427E-05
91.6 7.648066569E-06 9.560083211E-06
91.8 7.651811949E-06 4.782382468E-05
92 7.655561E-06 8.612506124E-05
92.2 7.659313725E-06 8.616727941E-05
92.4 1.14946052E-05 6.705186366E-05
92.6 1.533366045E-05 2.875061335E-05
92.8 1.917648503E-05 5.752945508E-05
93 2.302308448E-05 2.87788556E-05
93.2 2.687346437E-05 9.597665848E-06
93.4 3.072763029E-05 5.761430678E-05
93.6 3.074274471E-05 4.803553861E-05
93.8 3.075787402E-05 1.922367126E-05
94 3.077301822E-05 -9.616568193E-06
94.2 3.078817734E-05 3.848522167E-05
94.4 3.08033514E-05 4.813023657E-05
94.6 3.081854043E-05 -1.926158777E-05
94.8 3.083374445E-05 -1.927109028E-05
95 3.084896347E-05 2.892090326E-05
95.2 3.086419753E-05 1.929012346E-05
95.4 3.087944664E-05 1.885568996E-20
95.6 3.089471083E-05 -9.654597133E-06
95.8 3.090999011E-05 -1.931874382E-05
96 3.092528451E-05 1.932830282E-05
96.2 3.094059406E-05 1.886262656E-20
96.4 3.095591877E-05 -1.934744923E-05
96.6 3.097125867E-05 9.678518335E-06
96.8 3.098661378E-05 -9.683316807E-06
97 3.100198413E-05 -9.68812004E-06
97.2 3.101736973E-05 4.84646402E-05
97.4 3.103277061E-05 9.697740814E-06
97.6 3.104818679E-05 -1.940511674E-05
97.8 3.106361829E-05 -2.912214215E-05
98 3.496394828E-05 -9.712207857E-06
98.2 3.88681592E-05 2.50608841E-21
98.4 3.888750622E-05 -4.860938278E-05
98.6 4.279755976E-05 -1.945343625E-05
98.8 4.281888391E-05 -1.946312905E-05
99 4.673479561E-05 -5.841849452E-05
99.2 5.065461347E-05 -4.87063591E-05
99.4 5.067989022E-05 -3.154725901E-20
99.6 4.290439341E-05 -2.925299551E-05
99.8 4.292582418E-05 -3.902347652E-05
100 4.294727636E-05 9.760744628E-06
100.2 4.296875E-05 9.765625E-06
100.4 4.299024512E-05 3.908204102E-05
100.6 3.519144144E-05 2.93262012E-05
100.8 4.303329995E-05 -2.934088633E-05
101 3.522670341E-05 -1.929705395E-20
101.2 3.52443609E-05 9.790100251E-06
101.4 4.309804413E-05 -1.959002006E-05
101.6 4.311966884E-05 -1.959984947E-05
101.8 4.314131526E-05 -3.921937751E-05
102 5.101079859E-05 -2.942930688E-05
102.2 5.496231156E-05 -4.907349246E-05
102.4 5.891779789E-05 -4.909816491E-05
102.6 5.894743461E-05 -1.964914487E-05
102.8 5.897710116E-05 -9.82951686E-06
103 5.507301108E-05 2.950339879E-05
103.2 4.722921914E-05 1.967884131E-05
103.4 3.937752016E-05 -3.033050174E-21
103.6 3.545763994E-05 -1.88756031E-20
103.8 3.153380424E-05 -3.94172553E-05
104 2.760600707E-05 -4.929644119E-05
104.2 1.972853535E-05 -3.945707071E-05
104.4 1.579080344E-05 -1.97385043E-05
104.6 1.579878665E-05 2.962272497E-05
104.8 1.185508346E-05 4.939618108E-05
105 7.907388664E-06 3.953694332E-05
105.2 3.955696203E-06 9.889240506E-06
105.4 0 -9.894250253E-06
105.6 0 -4.949632539E-05
105.8 0 -3.961713996E-05
106 0 9.909309995E-06
106.2 0 2.97430203E-05
106.4 0 1.983875063E-05
106.6 0 1.523501245E-20
106.8 0 9.929461108E-06
107 0 3.97380468E-05
107.2 0 4.969783715E-05
107.4 0 6.961239817E-05
107.6 0 1.989938869E-05
107.8 0 -1.990953109E-05
108 3.983936767E-06 2.987952575E-05
108.2 3.985969388E-06 9.964923469E-06
108.4 7.976008167E-06 -6.979007147E-05
108.6 1.197012257E-05 -8.977591931E-05
108.8 1.596831886E-05 -4.990099642E-05
109 1.997060327E-05 -1.997060327E-05
109.2 2.39769821E-05 -1.441372391E-20
109.4 2.798746162E-05 -1.999104401E-05
109.6 3.200204813E-05 -4.000256016E-05
109.8 3.602074795E-05 -1.000576332E-05
110 4.00435674E-05 -2.00217837E-05
110.2 4.006410256E-05 -3.004807692E-05
110.4 4.409312468E-05 -3.00634941E-05
110.6 4.812628337E-05 -4.010523614E-05
110.8 5.2163585E-05 -1.003145865E-05
111 5.219039054E-05 5.018306783E-05
111.2 5.623393316E-05 5.020886889E-05
111.4 6.430041152E-05 1.00469393E-05
111.6 7.2375193E-05 1.005211014E-05
111.8 8.448120494E-05 -3.937807895E-20
112 9.257470376E-05 3.01874034E-05
112.2 0.0001006765464 8.054123711E-05
112.4 0.0001087867457 8.058277463E-05
112.6 0.0001169053148 6.046826625E-05
112.8 0.0001209989675 5.041623645E-05
113 0.0001291322314 5.044227789E-05
113.2 0.0001291989664 5.046834625E-05
113.4 0.0001252262151 3.029666494E-05
113.6 0.0001252909984 5.052056389E-05
113.8 0.0001253558489 7.076539855E-05
114 0.0001294665976 5.057288969E-05
114.2 0.0001335816062 -1.011981865E-05
114.4 0.0001377008813 1.01250648E-05
114.6 0.000145876556 2.026063278E-05
114.8 0.0001540607161 -1.013557343E-05
115 0.0001703660436 -2.028167186E-05
115.2 0.0001785714286 -4.058441558E-05
115.4 0.0001786642412 3.30638827E-20
115.6 0.0001787571503 1.015665627E-05
115.8 0.0001788501561 6.066124673E-21
116 0.0001708094742 6.100338365E-05
116.2 0.0001668294271 0.0001118977865
116.4 0.0001628452319 9.160044294E-05
116.6 0.0001588568822 9.164820125E-05
116.8 0.0001548643714 7.131911841E-05
117 0.0001508676931 2.03875261E-05
117.2 0.0001468668407 4.079634465E-05
117.4 0.0001428618077 1.020441484E-05
117.6 0.0001429364872 -7.14682436E-05
117.8 0.0001430112448 -7.150562238E-05
118 0.0001430860806 -5.110217164E-05
118.2 0.0001390706806 -2.045157068E-05
118.4 0.0001391435306 -3.069342588E-05
118.6 0.0001351218553 -6.141902516E-05
118.8 0.0001310959622 9.096609732E-21
119 0.0001270658447 -2.299726555E-20
119.2 0.0001148293963 -9.227362205E-05
119.4 0.0001189929097 -9.232208508E-05
119.6 0.0001190554388 -1.026339989E-05
119.8 0.0001150105152 4.107518402E-05
120 0.0001150710153 -1.027419779E-05
120.2 0.0001110197368 -2.055921053E-05
120.4 0.0001110781991 -4.114007372E-05
120.6 0.0001111367229 -7.203306112E-05
120.8 0.0001111953084 -2.059172377E-05
121 0.0001112539557 1.030129219E-05
121.2 0.0001154353562 3.09201847E-05
121.4 0.0001154963041 3.093651003E-05
121.6 0.0001196843634 -1.031761754E-05
121.8 0.0001238768499 -7.226149577E-05
122 0.0001280737705 -6.197117927E-05
122.2 0.0001240079365 2.066798942E-05
122.4 0.0001240735839 -2.067893065E-05
122.6 0.0001282772775 -9.310447564E-05
122.8 0.0001324854266 -4.140169581E-05
123 0.0001284133086 -3.106773595E-05
123.2 0.00012433687 -1.036140584E-05
123.4 0.000120256104 1.036690552E-05
123.6 0.0001203199681 4.26695139E-21
123.8 0.0001245350691 6.226753454E-05
124 0.0001246012759 5.19171983E-05
124.2 0.0001246675532 1.038896277E-05
124.4 0.000124733901 4.1577967E-05
124.6 0.0001289603301 2.080005325E-05
124.8 0.0001290290357 -1.040556739E-05
125 0.0001290978145 2.082222814E-05
125.2 0.000125 4.166666667E-05
125.4 0.0001167289221 6.253335112E-05
125.6 0.0001126201281 5.213894821E-05
125.8 0.0001085069444 3.130008013E-05
126 0.000104389364 6.263361839E-05
126.2 9.608957219E-05 3.133355615E-05
126.4 8.778089888E-05 1.045010701E-05
126.6 7.946332976E-05 3.136710385E-05
126.8 7.532137118E-05 3.138390466E-05
127 6.698821008E-05 2.093381565E-05
127.2 5.86461126E-05 1.567036848E-20
127.4 5.448631974E-05 -4.191255365E-05
127.6 4.612855609E-05 -2.09675255E-05
127.8 4.19575725E-05 3.146817938E-05
128 3.778210639E-05 4.198011822E-05
128.2 3.360215054E-05 2.100134409E-05
128.4 2.941769769E-05 2.10126412E-05
128.6 2.522874058E-05 5.255987621E-05
128.8 2.103527194E-05 4.207054389E-05
129 1.683728448E-05 3.156990841E-05
129.2 1.263477089E-05 2.105795148E-05
129.4 8.42772384E-06 4.21386192E-05
129.6 4.216135996E-06 6.324203994E-05
129.8 0 -1.054603132E-05
130 0 -0.0001160690167
130.2 0 -0.0001372466216
130.4 0 -0.0001373208491
130.6 0 -0.0001479640152
130.8 4.22983216E-06 -9.517122361E-05
131 4.23212351E-06 -5.290154388E-05
131.2 4.234417344E-06 -9.527439024E-05
131.4 4.236713666E-06 -8.473427332E-05
131.6 4.23901248E-06 -5.2987656E-05
131.8 4.241313789E-06 -6.361970684E-05
132 4.243617599E-06 -7.426330798E-05
132.2 4.245923913E-06 -6.36888587E-05
132.4 4.248232735E-06 -1.062058184E-05
132.6 4.25054407E-06 3.964574089E-20
132.8 4.252857921E-06 -3.18964344E-05
133 8.510348584E-06 -2.127587146E-05
133.2 1.277247956E-05 -1.064373297E-05
133.4 1.703925845E-05 -1.064953653E-05
133.6 1.704855428E-05 1.065534643E-05
133.8 1.27933952E-05 2.132232533E-05
134 1.28003823E-05 -1.848412783E-20
134.2 1.280737705E-05 -2.134562842E-05
134.4 1.708583926E-05 -3.203594861E-05
134.6 1.28213895E-05 -1.068449125E-05
134.8 4.276135742E-06 1.427878426E-20
135 4.278477547E-06 -1.069619387E-05
135.2 8.561643836E-06 -3.210616438E-05
135.4 1.284950658E-05 -4.28316886E-05
135.6 1.285655513E-05 2.142759188E-05
135.8 1.286361142E-05 4.287870472E-05
136 8.580450302E-06 -2.145112576E-05
136.2 4.292582418E-06 -3.219436813E-05
136.4 0 -2.147471138E-05
136.6 4.29730473E-06 -1.256829345E-20
136.8 8.599339571E-06 3.224752339E-05
137 1.290611233E-05 1.075509361E-05
137.2 1.291322314E-05 -1.076101928E-05
137.4 1.292034179E-05 1.076695149E-05
137.6 1.292746828E-05 1.077289024E-05
137.8 1.293460265E-05 -3.233650662E-05
138 1.294174489E-05 2.156957482E-05
138.2 1.294889503E-05 8.632596685E-05
138.4 1.295605307E-05 2.159342178E-05
138.6 1.296321903E-05 -2.160536504E-05
138.8 1.297039292E-05 3.242598229E-05
139 1.7303433E-05 5.407322813E-05
139.2 1.731301939E-05 3.246191136E-05
139.4 1.732261641E-05 -1.082663525E-05
139.6 1.733222407E-05 -2.166528009E-05
139.8 1.73418424E-05 -3.25159545E-05
140 1.73514714E-05 -5.422334814E-05
140.2 1.736111111E-05 -6.510416667E-05
140.4 1.737076153E-05 -3.257017788E-05
140.6 1.738042269E-05 -1.086276418E-05
140.8 1.73900946E-05 -4.347523651E-05
141 1.739977728E-05 -1.08748608E-05
141.2 1.305710306E-05 -1.088091922E-05
141.4 1.741917503E-05 -1.088698439E-05
141.6 1.742889013E-05 -1.089305633E-05
141.8 1.743861607E-05 -1.089913504E-05
142 1.308626466E-05 -1.090522055E-05
142.2 8.729050279E-06 -3.273393855E-05
142.4 8.73392957E-06 -5.458705981E-05
142.6 1.747762864E-05 -7.646462528E-05
142.8 2.62311136E-05 -6.5577784E-05
143 3.49944009E-05 -7.655025196E-05
143.2 3.50140056E-05 -3.282563025E-05
143.4 3.065442825E-05 2.189602018E-05
143.6 2.628996074E-05 -2.190830062E-05
143.8 2.192059484E-05 -2.192059484E-05
144 2.193290286E-05 1.096645143E-05
144.2 2.194522472E-05 -2.194522472E-05
144.4 2.195756043E-05 1.097878021E-05
144.6 1.757592801E-05 4.392003073E-21
144.8 1.75858188E-05 -2.198227349E-05
145 1.759572072E-05 1.161760783E-20
145.2 1.76056338E-05 -1.100352113E-05
145.4 2.201944758E-05 4.403889515E-05
145.6 2.203186689E-05 2.203186689E-05
145.8 1.763544018E-05 -3.306645034E-05
146 2.20567476E-05 2.20567476E-05
146.2 2.206920904E-05 3.310381356E-05
146.4 2.208168457E-05 1.104084228E-05
146.6 2.209417421E-05 2.209417421E-05
146.8 2.210667799E-05 2.210667799E-05
147 1.769535674E-05 2.211919592E-05
147.2 1.770538244E-05 2.213172805E-05
147.4 1.77154195E-05 1.107213719E-05
147.6 1.772546795E-05 7.659706809E-21
147.8 1.773552781E-05 2.216940976E-05
148 1.774559909E-05 4.436399773E-05
148.2 1.775568182E-05 2.219460227E-05
148.4 1.776577601E-05 3.279766916E-21
148.6 2.22198521E-05 3.332977816E-05
148.8 2.223249858E-05 6.669749573E-05
149 2.224515945E-05 5.561289863E-05
149.2 1.780626781E-05 3.338675214E-05
149.4 1.781641961E-05 1.681149496E-21
149.6 1.7826583E-05 -2.243719324E-21
149.8 1.783675799E-05 1.585717549E-20
150 2.230868075E-05 -2.230868075E-05
150.2 1.785714286E-05 -1.015820569E-20
150.4 1.786735277E-05 2.233419097E-05
150.6 1.340818078E-05 2.128319689E-20
150.8 4.471951918E-06 -3.353963938E-05
151 4.474513173E-06 -3.35588488E-05
151.2 0 -2.232585561E-20
151.4 0 -2.239822248E-05
151.6 0 -1.120553643E-05
151.8 0 4.4847876E-05
152 8.974727168E-06 4.487363584E-05
152.2 8.979885057E-06 4.489942529E-05
152.4 1.347757332E-05 3.369393329E-05
152.6 1.798043728E-05 3.371331991E-05
152.8 1.799078872E-05 -1.124424295E-05
153 1.800115207E-05 -5.625360023E-05
153.2 1.801152738E-05 -5.030145839E-21
153.4 1.802191465E-05 1.126369666E-05
153.6 1.352423543E-05 1.127019619E-05
153.8 1.353204388E-05 7.893692263E-05
154 1.353986135E-05 5.641608897E-05
154.2 9.031791908E-06 4.515895954E-05
154.4 1.355552342E-05 2.259253904E-05
154.6 1.808449074E-05 -1.231570846E-20
154.8 1.357122177E-05 4.523740591E-05
155 1.810544612E-05 2.263180765E-05
155.2 1.811594203E-05 5.661231884E-05
155.4 1.812645012E-05 9.063225058E-05
155.6 1.81369704E-05 4.5342426E-05
155.8 1.81475029E-05 -2.981620978E-20
156 1.815804765E-05 -1.984783964E-20
156.2 1.362645349E-05 1.135537791E-05
156.4 1.363438045E-05 -1.26706143E-20
156.6 9.094877765E-06 -1.629256184E-20
156.8 4.550087362E-06 -1.13752184E-05
157 4.552738928E-06 -5.69092366E-05
157.2 4.555393586E-06 -4.555393586E-05
157.4 4.558051342E-06 5.657894022E-21
157.6 0 -7.981246351E-05
157.8 0 -3.422532126E-05
158 0 7.990575687E-05
158.2 0 3.426535088E-05
158.4 0 3.428540082E-05
158.6 0 3.430547424E-05
158.8 0 -2.288371412E-05
159 4.579425557E-06 -4.579425557E-05
159.2 4.582111437E-06 1.782876023E-21
159.4 4.584800469E-06 -1.146200117E-05
159.6 4.58749266E-06 -2.29374633E-05
159.8 4.590188014E-06 -3.442641011E-05
160 4.592886537E-06 -6.889329806E-05
160.2 4.595588235E-06 -5.744485294E-05
160.4 4.598293114E-06 -3.448719835E-05
160.6 4.601001178E-06 -1.150250294E-05
160.8 0 -2.301856217E-05
161 0 3.692085434E-20
161.2 0 3.456858407E-05
161.4 4.611865407E-06 2.305932704E-05
161.6 9.229178972E-06 -2.307294743E-05
161.8 1.385195035E-05 -1.154329196E-05
162 1.848018924E-05 -2.310023655E-05
162.2 2.773668639E-05 2.311390533E-05
162.4 3.237862641E-05 5.781897573E-05
162.6 3.702606635E-05 -1.305745332E-20
162.8 4.1679016E-05 -1.288211728E-20
163 4.170373665E-05 2.316874259E-05
163.2 4.172848665E-05 5.795623145E-05
163.4 3.711401425E-05 4.639251781E-05
163.6 3.713606655E-05 2.321004159E-05
163.8 3.715814507E-05 6.9671522E-05
164 4.182778108E-05 3.485648424E-05
164.2 3.720238095E-05 3.594227957E-21
164.4 3.722453842E-05 5.816334127E-05
164.6 3.2590882E-05 2.327920143E-05
164.8 2.795169946E-05 -1.164654144E-05
165 3.262977327E-05 -2.330698091E-05
165.2 3.731343284E-05 -1.242786968E-20
165.4 3.733572282E-05 1.166741338E-05
165.6 3.735803945E-05 -0
165.8 3.270783493E-05 5.840684809E-05
166 3.740275284E-05 4.675344105E-05
166.2 3.274700599E-05 -1.169535928E-05
166.4 3.276662672E-05 -1.170236669E-05
166.6 2.810251799E-05 -1.170938249E-05
166.8 3.280593881E-05 -6.243755762E-21
167 2.81362545E-05 5.861719688E-05
167.2 2.346096096E-05 4.692192192E-05
167.4 3.286508413E-05 1.173753005E-05
167.6 4.228051714E-05 2.348917619E-05
167.8 5.170728039E-05 -1.621071059E-20
168 6.114539434E-05 -1.911143945E-20
168.2 7.059487952E-05 1.176581325E-05
168.4 8.476491863E-05 -1.177290536E-05
168.6 9.895205066E-05 -2.356001206E-05
168.8 0.0001131563066 2.357423054E-05
169 0.0001226600242 3.538269928E-05
169.2 0.0001368957704 1.180135952E-05
169.4 0.0001464253325 -4.723397823E-05
169.6 0.00016069268 -3.54469147E-05
169.8 0.0001513317191 2.364558111E-05
170 0.000160887341 -1.147611099E-20
170.2 0.000165719697 2.367424242E-05
170.4 0.0001658201941 -1.448255322E-20
170.6 0.0001659208131 -7.11089199E-05
170.8 0.0001660215543 -7.115209472E-05
171 0.0001708687728 1.572198966E-20
171.2 0.0001614741641 3.561930091E-05
171.4 0.0001615723844 1.188032238E-05
171.6 0.0001664257456 1.02632681E-20
171.8 0.0001760429354 3.568437881E-05
172 0.0001761502133 5.951020719E-05
172.2 0.000176257622 3.572789634E-05
172.4 0.0001668319097 3.574969494E-05
172.6 0.0001717032967 1.192384005E-05
172.8 0.0001718081857 1.193112401E-05
173 0.0001671378362 3.581525061E-05
173.2 0.0001672400612 3.583715596E-05
173.4 0.0001625611995 -1.614908188E-20
173.6 0.0001674448867 1.196034905E-05
173.8 0.0001627604167 4.787071078E-05
174 0.0001628602085 4.790006131E-05
174.2 0.0001581671779 2.396472393E-05
174.4 0.0001534683855 -5.994858809E-05
174.6 0.0001487638206 1.199708231E-05
174.8 0.0001536570375 4.801782422E-05
175 0.0001585562731 -1.201183887E-05
175.2 0.0001586538462 1.201923077E-05
175.4 0.0001539408867 -1.202663177E-05
175.6 0.0001492221195 -7.220425139E-05
175.8 0.0001444975339 -6.02073058E-05
176 0.0001397671191 -1.204888957E-05
176.2 0.0001302083333 1.205632716E-05
176.4 0.0001254632489 2.412754787E-05
176.6 0.0001207122991 8.449860939E-05
176.8 0.0001111239951 6.039347557E-05
177 0.0001111927599 1.208616955E-05
177.2 0.0001112616099 2.41873065E-05
177.4 0.0001113305452 1.210114622E-05
177.6 0.0001065561066 1.210864848E-05
177.8 9.69292804E-05 1.211616005E-05
178 9.213997517E-05 2.424736189E-05
178.2 8.73447205E-05 4.852484472E-05
178.4 8.254350528E-05 1.213875078E-05
178.6 7.287779851E-05 -6.073149876E-05
178.8 7.778469197E-05 1.400431903E-20
179 8.269769614E-05 3.820596985E-20
179.2 9.248442368E-05 -1.216900312E-05
179.4 0.0001022833541 1.217658978E-05
179.6 0.0001169681847 4.873674361E-05
179.8 0.0001219179151 3.657537453E-05
180 0.0001268738289 4.879762648E-05
180.2 0.0001220703125 4.8828125E-05
180.4 0.0001221466542 -2.442933083E-05
180.6 0.000127112015 4.888923655E-05
180.8 0.0001320835942 3.668988729E-05
181 0.0001419564536 -1.223762531E-05
181.2 0.0001469435737 -1.224529781E-05
181.4 0.0001470357591 -4.90119197E-05
181.6 0.0001471280603 1.226067169E-05
181.8 0.0001521278266 1.226837312E-05
182 0.0001620443118 -1.227608422E-05
182.2 0.0001719732704 4.913522013E-05
182.4 0.000176998112 2.458307111E-05
182.6 0.0001869489924 -1.307978351E-20
182.8 0.000191989603 -6.153512917E-05
183 0.0002019624842 -6.157392812E-05
183.2 0.0002020899054 -2.464511041E-05
183.4 0.0002071496212 -4.932133838E-05
183.6 0.0002072804801 -6.169061908E-05
183.8 0.0002074115044 -3.703776865E-05
184 0.0002124841872 -2.470746363E-05
184.2 0.0002175632911 -9.889240506E-05
184.4 0.0002127533249 -7.421627612E-05
184.6 0.0002178390368 -2.475443599E-05
184.8 0.0002080691186 -3.715519975E-05
185 0.0002131583122 -1.239292513E-05
185.2 0.0002132936508 2.48015873E-05
185.4 0.0002183926302 2.481734435E-05
185.6 0.0002234980928 2.483312142E-05
185.8 0.0002186704835 2.484891858E-05
186 0.0002138367282 2.486473584E-05
186.2 0.000199044586 2.488057325E-05
186.4 0.000204150733 -4.97928617E-05
186.6 0.0002042809311 1.245615434E-05
186.8 0.0002143825782 2.492820676E-05
187 0.0002095306513 -2.494412516E-05
187.2 0.0002146565495 -2.49600639E-05
187.4 0.0002048033887 -2.497602302E-05
187.6 0.000204934421 -1.249600128E-05
187.8 0.0002000640205 6.25200064E-05
188 0.0001901825753 2.502402306E-05
188.2 0.0001852964744 -3.756009615E-05
188.4 0.0001854153303 5.011225144E-05
188.6 0.0001855343389 7.521662388E-05
188.8 0.0001806358382 6.272077714E-05
189 0.0001907937018 8.786552057E-05
189.2 0.0001557475884 0.0001256028939
189.4 0.0001558478121 2.513674389E-05
189.6 0.0001458869929 6.288232453E-05
189.8 0.0001409471649 8.809197809E-05
190 0.00014103804 -2.518536428E-05
190.2 0.0001461693548 -1.260080645E-05
190.4 0.0001361765655 6.304470626E-05
190.6 0.0001362645349 5.046834625E-05
190.8 0.000136352618 1.26252424E-05
191 0.0001414941785 -1.26334088E-05
191.2 0.0001415857605 -2.528317152E-05
191.4 0.0001467373705 -3.794931995E-05
191.6 0.0001518956578 -5.063188594E-05
191.8 0.0001570606355 -6.333090143E-05
192 0.0001622323167 -6.33719987E-05
192.2 0.0001521915584 -3.804788961E-05
192.4 0.0001624431449 -1.26908707E-05
192.6 0.0001574691157 -3.809736671E-05
192.8 0.0001728204294 -3.812215355E-05
193 0.0001678466797 -2.54313151E-05
193.2 0.0001730456026 -3.81718241E-05
193.4 0.0001731584094 -7.639341591E-05
193.6 0.0001834637965 -6.370270711E-05
193.8 0.0001682849217 -2.54977154E-05
194 0.0001837034618 -1.275718485E-05
194.2 0.0001940359477 5.10620915E-05
194.4 0.000204381949 2.554774362E-05
194.6 0.0001994028141 -1.278223168E-05
194.8 0.0002046496398 1.279060249E-05
195 0.0001996641547 1.279898427E-05
195.2 0.0001946721311 -5.12295082E-05
195.4 0.0001999261811 -3.844734252E-05
195.6 0.0001949277741 -2.564839133E-05
195.8 0.0001950558476 -1.283262155E-05
196 0.0001951840894 3.852317554E-05
196.2 0.0002004523026 6.424753289E-05
196.4 0.0001902978934 1.285796577E-05
196.6 0.0001955698287 1.28664361E-05
196.8 0.0001802488464 6.4374588E-05
197 0.0001752143799 5.153364116E-05
197.2 0.0001701732673 -1.289191419E-05
197.4 0.0001754458388 -3.870128798E-05
197.6 0.0001755617978 1.290895572E-05
197.8 0.0001705109127 2.583498677E-05
198 0.0001602829252 1.872985038E-20
198.2 0.0001500413907 2.58692053E-05
198.4 0.0001346090126 2.588634858E-05
198.6 0.0001295175729 1.295175729E-05
198.8 0.0001192352356 3.888105508E-05
199 0.000108939243 2.593791501E-05
199.2 0.000103820598 -2.370050173E-20
199.4 9.350066489E-05 2.597240691E-05
199.6 8.316699933E-05 2.598968729E-05
199.8 7.28195739E-05 2.600699068E-05
200 6.245836109E-05 2.602431712E-05
200.2 5.208333333E-05 3.177256587E-21
200.4 4.690627085E-05 1.302951968E-05
200.6 3.650700935E-05 -1.303821762E-05
200.8 3.131262525E-05 -3.914078156E-05
201 2.611129679E-05 -6.527824198E-05
201.2 3.135451505E-05 -5.225752508E-05
201.4 2.614625167E-05 2.614625167E-05
201.6 2.616376423E-05 5.232752847E-05
201.8 2.094504021E-05 2.618130027E-05
202 3.143863179E-05 1.309942991E-05
202.2 3.145973154E-05 3.932466443E-05
202.4 4.722128946E-05 2.62340497E-05
202.6 5.250336022E-05 -2.625168011E-05
202.8 6.304640215E-05 -2.278550119E-20
203 7.360363392E-05 1.314350606E-05
203.2 7.365319865E-05 1.31523569E-05
203.4 8.423180593E-05 1.316121968E-05
203.6 9.48246797E-05 -2.634018881E-05
203.8 9.488866397E-05 -5.939912854E-20
204 8.440243079E-05 2.637575962E-05
204.2 6.862331081E-05 2.639358108E-05
204.4 5.282285328E-05 -8.534400972E-20
204.6 5.285859269E-05 -1.539552354E-19
204.8 4.760494245E-05 2.644719025E-05
205 4.763719512E-05 1.32325542E-05
205.2 4.237288136E-05 2.648305085E-05
205.4 3.710142469E-05 2.650101764E-05
205.6 3.182281059E-05 1.325950441E-05
205.8 3.184442935E-05 1.326851223E-05
206 3.18660775E-05 -2.655506458E-05
206.2 3.720238095E-05 -9.300595238E-05
206.4 3.722770592E-05 -2.659121852E-05
206.6 4.257493188E-05 -2.416994712E-20
206.8 4.792944785E-05 -1.331373551E-05
207 5.329126876E-05 1.332281719E-05
207.2 5.866040956E-05 2.666382253E-05
207.4 6.403688525E-05 2.668203552E-05
207.6 6.408065619E-05 -5.340054682E-05
207.8 6.4124487E-05 -4.007780438E-05
208 5.8821013E-05 4.010523614E-05
208.2 5.351027397E-05 2.675513699E-05
208.4 5.890164496E-05 -2.677347498E-05
208.6 6.430041152E-05 -0.0001071673525
208.8 6.434454358E-05 -9.383579272E-05
209 6.438873626E-05 -4.024296016E-05
209.2 7.517182131E-05 -5.369415808E-05
209.4 8.596973865E-05 1.562664078E-20
209.6 9.140571232E-05 2.688403304E-05
209.8 0.0001022296832 -5.380509642E-05
210 0.0001076843556 -4.038163336E-05
210.2 0.0001185344828 -1.346982759E-05
210.4 0.0001186162871 -2.695824707E-05
210.6 0.0001240935773 2.697686464E-05
210.8 0.0001241793366 4.049326192E-05
211 0.0001242652144 9.897892424E-21
211.2 0.0001243512111 -4.054930796E-05
211.4 0.0001190270083 -2.70515928E-05
211.6 0.0001136954262 1.353516979E-05
211.8 0.0001029386269 -1.354455617E-05
212 0.0001030100625 -6.444115837E-21
212.2 9.765625E-05 5.425347222E-05
212.4 9.229499653E-05 4.071838082E-05
212.6 8.14933936E-05 4.470078983E-21
212.8 7.611343076E-05 1.359168406E-05
213 7.072597493E-05 5.44045961E-05
213.2 6.533101045E-05 1.361062718E-05
213.4 6.537656904E-05 2.004074556E-20
213.6 5.997034194E-05 2.729043227E-20
213.8 5.455656425E-05 -1.363914106E-05
214 4.913522013E-05 9.55407058E-05
214.2 4.370629371E-05 5.463286713E-05
214.4 3.28026592E-05 2.733554934E-05
214.6 2.735469188E-05 2.735469188E-05
214.8 3.28486335E-05 -8.212158374E-05
215 3.2871669E-05 -2.73930575E-05
215.2 3.289473684E-05 -1.370614035E-05
215.4 3.291783708E-05 -4.114729635E-05
215.6 3.843113141E-05 -4.117621223E-05
215.8 3.845815752E-05 -4.120516878E-05
216 3.848522167E-05 -2.748944405E-05
216.2 3.851232394E-05 2.913656061E-20
216.4 3.853946441E-05 1.376409443E-05
216.6 3.856664316E-05 8.264280677E-05
216.8 2.756704305E-05 8.270112915E-05
217 1.655190678E-05 2.75865113E-05
217.2 1.104240283E-05 8.28180212E-05
217.4 5.525106082E-06 6.906382603E-05
217.6 5.529016277E-06 2.764508139E-05
217.8 0 2.766466006E-05
218 0 -8.23882817E-22
218.2 0 -1.385195035E-05
218.4 5.544712562E-06 1.386178141E-05
218.6 5.548650568E-06 1.094587208E-20
218.8 5.552594172E-06 2.776297086E-05
219 5.556543385E-06 -2.778271693E-05
219.2 1.668149466E-05 -1.390124555E-05
219.4 1.669337607E-05 4.173344017E-05
219.6 1.113684961E-05 2.784212402E-05
219.8 1.114479315E-05 5.572396576E-05
220 1.672912206E-05 -1.394093505E-05
220.2 1.674107143E-05 -4.185267857E-05
220.4 1.675303788E-05 -2.792172981E-05
220.6 1.117668097E-05 -1.397085122E-05
220.8 1.118468146E-05 1.398085183E-05
221 5.596346705E-06 -1.399086676E-05
221.2 5.600358423E-06 -5.600358423E-05
221.4 5.604375897E-06 -1.401093974E-05
221.6 5.608399139E-06 -2.804199569E-05
221.8 1.122485632E-05 -7.015535201E-05
222 1.123292595E-05 -1.404115744E-05
222.2 1.124100719E-05 4.215377698E-05
222.4 1.124910007E-05 -2.812275018E-05
222.6 1.125720461E-05 -1.407150576E-05
222.8 1.126532084E-05 1.408165105E-05
223 1.127344877E-05 -1.409181097E-05
223.2 5.640794224E-06 -2.820397112E-05
223.4 5.644869942E-06 -1.411217486E-05
223.6 1.129790311E-05 5.648951555E-05
223.8 1.695911722E-05 7.066298842E-05
224 1.697139754E-05 5.657132513E-05
224.2 1.132246377E-05 2.830615942E-05
224.4 1.13306744E-05 5.665337201E-05
224.6 1.133889695E-05 2.834724238E-05
224.8 1.134713145E-05 -2.836782861E-05
225 1.135537791E-05 4.258266715E-05
225.2 1.136363636E-05 9.943181818E-05
225.4 1.137190684E-05 4.264465066E-05
225.6 1.138018937E-05 4.267571012E-05
225.8 5.694241983E-06 5.694241983E-05
226 5.698395332E-06 2.849197666E-05
226.2 1.140510949E-05 2.470711637E-20
226.4 1.141344047E-05 -1.168303653E-20
226.6 1.142178363E-05 -1.427722953E-05
226.8 1.143013899E-05 2.857534748E-05
227 1.143850659E-05 8.578879941E-05
227.2 1.144688645E-05 2.512701488E-20
227.4 5.727639296E-06 -4.295729472E-05
227.6 5.731841526E-06 5.439077575E-20
227.8 5.736049927E-06 4.302037445E-05
228 5.740264511E-06 1.435066128E-05
228.2 5.744485294E-06 -2.872242647E-05
228.4 5.748712288E-06 1.437178072E-05
228.6 5.752945508E-06 4.314709131E-05
228.8 5.757184967E-06 1.439296242E-05
229 5.761430678E-06 1.44035767E-05
229.2 5.765682657E-06 -2.882841328E-05
229.4 5.769940916E-06 -4.327455687E-05
229.6 5.774205469E-06 -7.217756837E-05
229.8 5.778476331E-06 -7.223095414E-05
230 5.782753516E-06 -8.674130274E-05
230.2 0 -0.0001012731481
230.4 0 -2.895663454E-05
230.6 0 -4.346717359E-05
230.8 0 -8.699888641E-05
231 0 -0.0001015741085
231.2 0 -8.712825279E-05
231.4 0 -5.812872024E-05
231.6 0 -2.908600149E-05
231.8 0 -7.276918778E-05
232 0 -4.369407159E-05
232.2 0 -4.37266791E-05
232.4 0 -7.293222554E-05
232.6 0 -4.379204036E-05
232.8 0 -1.460826477E-05
233 0 1.46191991E-05
233.2 0 -7.315074906E-05
233.4 0 -7.320558471E-05
233.6 0 1.465210053E-05
233.8 0 5.86524024E-05
234 0 5.869646882E-05
234.2 0 8.811090226E-05
234.4 0 7.348100075E-05
234.6 0 7.353633283E-05
234.8 0 0.0001030284476
235 0 7.364724736E-05
235.2 0 7.370283019E-05
235.4 0 4.425509819E-05
235.6 0 2.952569917E-05
235.8 0 -4.82117072E-20
236 0 1.478520061E-05
236.2 0 2.959280303E-05
236.4 0 1.480761941E-05
236.6 0 -3.583870824E-20
236.8 0 -2.96602126E-05
237 0 1.484137538E-05
237.2 0 2.970532319E-05
237.4 0 -5.34114421E-20
237.6 0 -1.487528561E-05
237.8 0 -8.931974085E-05
238 0 -0.0001191838291
238.2 0 -5.963740458E-05
238.4 0 -1.492074102E-05
238.6 0 1.493214832E-05
238.8 0 -1.142250844E-20
239 0 1.495501531E-05
239.2 0 2.993295019E-05
239.4 0 4.493385736E-05
239.6 0 4.496834229E-05
239.8 0 -1.500096006E-05
240 0 -3.002498078E-05
240.2 6.009615385E-06 2.443343741E-20
240.4 1.202848345E-05 -4.510681293E-05
240.6 2.407550077E-05 -9.028312789E-05
240.8 3.614109483E-05 -6.023515806E-05
241 4.822530864E-05 -9.04224537E-05
241.2 6.032818533E-05 -9.049227799E-05
241.4 6.641228748E-05 -6.03748068E-05
241.6 7.250580046E-05 -7.552687548E-05
241.8 7.860874613E-05 -0.0001058194659
242 8.47211464E-05 -6.051510457E-05
242.2 9.084302326E-05 -1.514050388E-05
242.4 9.697439876E-05 -1.515224981E-05
242.6 9.704968944E-05 -1.516401398E-05
242.8 9.712509713E-05 -2.007833817E-20
243 9.720062208E-05 3.03751944E-05
243.2 9.119649805E-05 -1.519941634E-05
243.4 8.518302181E-05 -4.563376168E-05
243.6 7.916017147E-05 -1.52231099E-05
243.8 6.703393136E-05 -1.52349844E-05
244 5.488875878E-05 -4.574063232E-05
244.2 4.272460938E-05 -3.051757812E-05
244.4 3.054143862E-05 1.787993747E-20
244.6 2.445226917E-05 1.996472186E-20
244.8 2.447141738E-05 3.058927173E-05
245 2.449059561E-05 3.061324451E-05
245.2 1.225490196E-05 -4.595588235E-05
245.4 1.226452119E-05 -4.599195447E-05
245.6 1.227415554E-05 -6.137077769E-05
245.8 1.228380503E-05 -7.677378145E-05
246 1.229346971E-05 -1.536683714E-05
246.2 1.230314961E-05 1.537893701E-05
246.4 1.231284476E-05 3.07821119E-05
246.6 1.232255521E-05 -7.606933509E-21
246.8 1.233228098E-05 1.193649191E-20
247 1.234202212E-05 6.171011058E-05
247.2 6.175889328E-06 4.631916996E-05
247.4 0 -1.545193829E-05
247.6 0 1.059496997E-20
247.8 0 3.095285261E-05
248 0 6.195479778E-05
248.2 0 3.100198413E-05
248.4 0 -4.653991263E-05
248.6 6.210254372E-06 -7.762817965E-05
248.8 6.215194909E-06 -4.661396181E-05
249 6.220143312E-06 2.170546226E-20
249.2 6.225099602E-06 -6.225099602E-05
249.4 6.230063796E-06 -9.345095694E-05
249.6 6.235035914E-06 -7.793794892E-05
249.8 6.240015974E-06 -3.120007987E-05
250 6.245003997E-06 -1.561250999E-05
250.2 6.25E-06 -4.6875E-05
250.4 6.255004003E-06 -4.691253002E-05
250.6 6.260016026E-06 -3.130008013E-05
250.8 6.265036087E-06 -3.132518043E-05
251 1.254012841E-05 -6.270064205E-05
251.2 1.88253012E-05 -3.137550201E-05
251.4 1.884043408E-05 -1.570036174E-05
251.6 1.885559131E-05 -3.142598552E-05
251.8 1.887077295E-05 -1.572564412E-05
252 2.51813054E-05 -4.978728234E-20
252.2 2.52016129E-05 7.473515298E-21
252.4 1.261097659E-05 -1.249227455E-20
252.6 6.310581583E-06 6.310581583E-05
252.8 0 9.473524656E-05
253 6.32079288E-06 6.32079288E-05
253.2 6.325910931E-06 4.744433198E-05
253.4 6.331037277E-06 1.582759319E-05
253.6 6.336171938E-06 1.584042985E-05
253.8 6.341314935E-06 -2.145800247E-20
254 6.346466288E-06 -3.173233144E-05
254.2 6.351626016E-06 -1.587906504E-05
254.4 6.356794142E-06 -4.247851139E-22
254.6 6.361970684E-06 -4.119238125E-20
254.8 6.367155664E-06 1.591788916E-05
255 6.372349103E-06 3.186174551E-05
255.2 6.37755102E-06 -1.594387755E-05
255.4 6.382761438E-06 -3.191380719E-05
255.6 6.387980376E-06 -9.639670493E-21
255.8 6.393207856E-06 1.598301964E-05
256 6.398443898E-06 1.599610975E-05
256.2 6.403688525E-06 -1.600922131E-05
256.4 6.408941756E-06 -3.204470878E-05
256.6 6.414203612E-06 -1.603550903E-05
256.8 6.419474117E-06 -1.604868529E-05
257 6.424753289E-06 -3.212376645E-05
257.2 6.430041152E-06 -3.215020576E-05
257.4 6.435337727E-06 -1.608834432E-05
257.6 6.440643034E-06 -1.610160758E-05
257.8 1.289191419E-05 -3.222978548E-05
258 1.93538398E-05 -1.612819983E-05
258.2 1.291322314E-05 2.366247315E-20
258.4 1.292390405E-05 -1.615488007E-05
258.6 1.293460265E-05 -8.084126656E-05
258.8 1.294531897E-05 -8.090824358E-05
259 6.478026534E-06 -3.239013267E-05
259.2 0 -1.620850622E-05
259.4 0 -5.550692138E-20
259.6 0 -3.28358363E-20
259.8 0 -1.624896007E-05
260 0 1.626248959E-05
260.2 0 1.627604167E-05
260.4 0 -9.706786935E-21
260.6 0 4.890964107E-05
260.8 0 3.26336675E-05
261 0 -1.07019836E-20
261.2 0 1.634414226E-05
261.4 0 4.907349246E-05
261.6 0 4.911462699E-05
261.8 0 1.638527685E-05
262 0 4.919710327E-05
262.2 0 6.56512605E-05
262.4 0 4.927985702E-05
262.6 0 4.932133838E-05
262.8 0 3.290859309E-05
263 0 1.646817032E-05
263.2 0 -3.970070074E-20
263.4 0 3.299197635E-05
263.6 0 6.60397295E-05
263.8 0 3.304780034E-05
264 0 4.248268227E-20
264.2 0 -3.310381356E-05
264.4 0 -1.656594572E-05
264.6 0 1.658000849E-05
264.8 0 -1.659409516E-05
265 6.643282313E-06 1.660820578E-05
265.2 6.64893617E-06 -4.986702128E-05
265.4 1.330919932E-05 -9.981899489E-05
265.6 1.998081841E-05 3.330136402E-05
265.8 1.999786689E-05 8.332444539E-05
266 2.001494449E-05 3.335824082E-05
266.2 2.003205128E-05 -1.617975212E-20
266.4 2.004918734E-05 2.090251596E-21
266.6 2.006635274E-05 -3.344392123E-05
266.8 1.338903171E-05 -8.368144816E-05
267 2.010077187E-05 -6.70025729E-05
267.2 1.341201717E-05 -5.029506438E-05
267.4 1.342353952E-05 -6.711769759E-05
267.6 2.015262253E-05 -3.358770421E-05
267.8 2.016996558E-05 2.936586127E-20
268 2.01873385E-05 -3.364556417E-05
268.2 2.020474138E-05 -3.367456897E-05
268.4 2.022217429E-05 6.39009256E-20
268.6 2.023963731E-05 -3.373272884E-05
268.8 2.025713051E-05 -5.064282627E-05
269 2.027465398E-05 -3.379108997E-05
269.2 2.029220779E-05 -2.609594839E-21
269.4 2.030979203E-05 -1.692482669E-05
269.6 2.032740676E-05 -1.693950564E-05
269.8 2.034505208E-05 5.588623006E-21
270 2.036272806E-05 -4.620340275E-21
270.2 2.038043478E-05 1.698369565E-05
270.4 2.039817232E-05 3.399695387E-05
270.6 2.041594077E-05 8.506641986E-05
270.8 2.043374019E-05 3.405623365E-05
271 2.045157068E-05 -3.408595113E-05
271.2 2.046943231E-05 -5.117358079E-05
271.4 2.048732517E-05 -5.121831294E-05
271.6 2.050524934E-05 1.708770779E-05
271.8 2.05232049E-05 3.420534151E-05
272 2.054119194E-05 -1.711765995E-05
272.2 2.055921053E-05 -3.426535088E-05
272.4 2.057726076E-05 -3.429543459E-05
272.6 2.059534271E-05 3.789901135E-20
272.8 1.374230431E-05 -1.717788039E-05
273 2.063160211E-05 -1.719300176E-05
273.2 1.376651982E-05 3.91436937E-21
273.4 1.377865961E-05 -3.444664903E-05
273.6 2.068623124E-05 2.769731575E-20
273.8 2.07045053E-05 1.725375442E-05
274 2.072281167E-05 2.757435824E-20
274.2 2.074115044E-05 2.801588427E-20
274.4 2.07595217E-05 -1.729960142E-05
274.6 2.077792553E-05 -4.881215216E-20
274.8 2.079636202E-05 5.199090506E-05
275 2.081483126E-05 1.734569272E-05
275.2 2.083333333E-05 1.027840168E-20
275.4 2.78024911E-05 1.737655694E-05
275.6 3.478406055E-05 3.478406055E-05
275.8 4.177807487E-05 1.740753119E-05
276 4.181534344E-05 -1.742305977E-05
276.2 3.487723214E-05 2.572916692E-20
276.4 2.792672029E-05 -3.490840036E-05
276.6 2.795169946E-05 -3.493962433E-05
276.8 2.797672337E-05 1.74854521E-05
277 2.100134409E-05 -1.933921939E-20
277.2 1.401345291E-05 -1.751681614E-05
277.4 7.013016158E-06 -1.753254039E-05
277.6 7.019317161E-06 5.264487871E-05
277.8 7.025629496E-06 5.269222122E-05
278 7.031953195E-06 1.757988299E-05
278.2 7.038288288E-06 3.519144144E-05
278.4 7.044634806E-06 1.761158702E-05
278.6 7.05099278E-06 3.52549639E-05
278.8 7.05736224E-06 3.52868112E-05
279 7.063743219E-06 3.531871609E-05
279.2 7.070135747E-06 4.520341061E-21
279.4 7.076539855E-06 -9.142386807E-21
279.6 7.082955576E-06 5.312216682E-05
279.8 0 1.772345735E-05
280 7.09582198E-06 3.54791099E-05
280.2 7.102272727E-06 0.0001242897727
280.4 0 7.108735214E-05
280.6 7.115209472E-06 1.778802368E-05
280.8 7.121695533E-06 3.560847767E-05
281 0 3.564096715E-05
281.2 0 5.351027397E-05
281.4 0 1.785306216E-05
281.6 0 -3.573879231E-05
281.8 0 -1.788576007E-05
282 0 1.790215399E-05
282.2 0 3.583715596E-05
282.4 0 3.587006428E-05
282.6 0 5.385454963E-05
282.8 0 3.593606256E-05
283 0 1.798457643E-05
283.2 0 -3.262112645E-20
283.4 7.207103321E-06 1.80177583E-05
283.6 1.442751616E-05 1.80343952E-05
283.8 2.166127542E-05 -3.610212569E-05
284 2.890841813E-05 -5.4203284E-05
284.2 3.616898148E-05 -5.425347222E-05
284.4 4.344300278E-05 -5.430375348E-05
284.6 5.073051948E-05 -5.435412801E-05
284.8 5.803156917E-05 -1.813486537E-05
285 6.534618959E-05 -5.445515799E-05
285.2 7.26744186E-05 -5.450581395E-05
285.4 8.001629423E-05 3.637104283E-05
285.6 7.280987884E-05 3.640493942E-05
285.8 8.016557836E-05 -1.821944963E-05
286 8.024042951E-05 -5.470938375E-05
286.2 8.031542056E-05 -1.825350467E-05
286.4 8.039055192E-05 2.730290586E-20
286.6 8.778089888E-05 -1.828768727E-05
286.8 8.786316776E-05 -3.660965323E-05
287 8.794559099E-05 -5.496599437E-05
287.2 8.802816901E-05 5.501760563E-05
287.4 8.811090226E-05 7.342575188E-05
287.6 8.819379116E-05 1.837370649E-05
287.8 9.563323917E-05 5.51730226E-05
288 9.572337418E-05 1.840834119E-05
288.2 9.581367925E-05 -1.842570755E-05
288.4 8.852691218E-05 -5.532932011E-05
288.6 9.599480151E-05 -9.230269376E-05
288.8 0.0001108680227 -9.239001892E-05
289 0.0001109730114 -5.548650568E-05
289.2 0.0001110781991 6.44570575E-20
289.4 0.0001111835863 -5.559179317E-05
289.6 0.000118708452 5.976580949E-20
289.8 0.0001188212928 5.569748099E-05
290 0.0001189343482 -7.433396765E-05
290.2 0.000119047619 -5.580357143E-05
290.4 0.0001117135367 1.861892278E-05
290.6 0.0001118201336 -1.863668893E-05
290.8 0.0001044651385 1.865448902E-05
291 8.962715105E-05 5.601696941E-05
291.2 8.223684211E-05 -3.738038278E-05
291.4 7.483237548E-05 -1.359886405E-20
291.6 6.741371045E-05 7.490412272E-05
291.8 5.998080614E-05 -1.874400192E-05
292 5.253362152E-05 -1.876200768E-05
292.2 4.507211538E-05 3.756009615E-05
292.4 3.759624639E-05 1.87981232E-05
292.6 3.010597303E-05 -1.881623314E-05
292.8 3.013500482E-05 -3.766875603E-05
293 3.016409266E-05 -5.655767375E-05
293.2 3.019323671E-05 3.241200417E-20
293.4 3.022243714E-05 3.777804642E-05
293.6 3.025169409E-05 1.890730881E-05
293.8 3.785125969E-05 7.570251938E-05
294 4.546556741E-05 5.683195926E-05
294.2 4.550970874E-05 -1.896237864E-05
294.4 5.31462585E-05 -5.694241983E-05
294.6 6.839737354E-05 2.679420938E-20
294.8 8.36781889E-05 9.508885102E-05
295 9.137426901E-05 5.710891813E-05
295.2 0.0001067073171 -3.81097561E-05
295.4 0.0001220703125 -3.814697266E-05
295.6 0.0001221896383 1.909213099E-05
295.8 0.0001146648728 1.911081213E-05
296 0.0001071253673 -1.912952987E-05
296.2 9.191176471E-05 3.829656863E-05
296.4 7.666830226E-05 3.833415113E-05
296.6 6.139489194E-05 -3.837180747E-05
296.8 6.145526057E-05 1.920476893E-05
297 5.382627953E-05 5.767101378E-05
297.2 3.848522167E-05 1.924261084E-05
297.4 2.311390533E-05 -5.778476331E-05
297.6 2.313672261E-05 -9.640301086E-05
297.8 3.087944664E-05 -5.789896245E-05
298 2.318249258E-05 -7.390065268E-20
298.2 7.735148515E-06 3.867574257E-05
298.4 7.742814668E-06 -5.807111001E-05
298.6 1.550099206E-05 -7.750496032E-05
298.8 7.758192651E-06 -1.781414341E-21
299 0 -5.824428429E-05
299.2 0 -7.773631841E-05
299.4 0 -3.890687251E-05
299.6 0 -1.882395489E-20
299.8 0 3.898453094E-05
300 0 3.902347652E-05
300.2 0 -1.953125E-05
300.4 0 -3.91016016E-05
300.6 0 3.914078156E-05
300.8 0 1.959002006E-05
301 0 -4.091957985E-20
301.2 0 3.925879397E-05
301.4 0 5.894743461E-05
301.6 0 3.933786506E-05
301.8 0 1.968876008E-05
302 0 3.94172553E-05
302.2 0 3.945707071E-05
302.4 0 6.536899084E-21
302.6 7.907388664E-06 -3.953694332E-05
302.8 1.583080041E-05 -5.185087461E-20
303 2.377028398E-05 1.980856998E-05
303.2 3.172588832E-05 -1.98286802E-05
303.4 3.96976626E-05 -1.98488313E-05
303.6 4.768565615E-05 1.961284713E-20
303.8 5.568991853E-05 5.966776986E-05
304 6.371049949E-05 5.972859327E-05
304.2 7.174744898E-05 1.992984694E-05
304.4 7.980081716E-05 3.990040858E-05
304.6 8.78706544E-05 1.997060327E-05
304.8 9.595701126E-05 1.999104401E-05
305 0.0001040599385 4.002305328E-05
305.2 0.0001121794872 6.009615385E-05
305.4 0.0001203157084 2.005261807E-05
305.6 0.0001284686536 2.007322713E-05
305.8 0.0001366383745 8.03755144E-05
306 0.0001448249228 2.011457261E-05
306.2 0.0001530283505 2.013530928E-05
306.4 0.00016124871 4.03121775E-05
306.6 0.0001694860537 2.017691116E-05
306.8 0.0001777404343 0.0001009888831
307 0.0001860119048 6.06560559E-05
307.2 0.0001943005181 -2.023963731E-05
307.4 0.0002026063278 1.294172958E-19
307.6 0.0002109293873 4.056334372E-05
307.8 0.0002111486486 8.121101871E-05
308 0.0002194979188 8.129552549E-05
308.2 0.0002278645833 4.069010417E-05
308.4 0.0002362486966 2.036626694E-05
308.6 0.0002446503132 4.077505219E-05
308.8 0.000253069488 2.040882968E-05
309 0.0002615062762 2.043017782E-05
309.2 0.000269960733 6.135471204E-05
309.4 0.000278432914 -2.168483826E-20
309.6 0.0002869228751 -2.049449108E-05
309.8 0.0002872242647 4.103203782E-05
310 0.0002793112513 4.107518402E-05
310.2 0.0002713815789 4.111842105E-05
310.4 0.0002634351949 2.05808746E-05
310.6 0.0002554720464 4.120516878E-05
310.8 0.0002474920803 0.0001031217001
311 0.0002394952431 4.12922833E-05
311.2 0.0002314814815 -1.166189581E-20
311.4 0.0002234507415 2.068988347E-05
311.6 0.0002154029692 -2.071182397E-05
311.8 0.0002073381104 2.073381104E-05
312 0.0001992561105 2.075584485E-05
312.2 0.0001911569149 2.077792553E-05
312.4 0.0001830404686 2.080005325E-05
312.6 0.0001749067164 -2.082222814E-05
312.8 0.000166755603 -2.084445037E-05
313 0.0001585870726 -2.086672009E-05
313.2 0.0001504010695 2.088903743E-05
313.4 0.0001421975375 6.273420771E-05
313.6 0.0001339764202 -2.093381565E-05
313.8 0.0001341201717 -0.0001257376609
314 0.0001258727175 -6.293635875E-05
314.2 0.0001176075269 2.100134409E-05
314.4 0.0001009149623 4.204790097E-05
314.6 9.260506466E-05 -7.296035377E-20
314.8 9.270496224E-05 -2.10693096E-05
315 9.280507559E-05 -5.872973198E-20
315.2 8.445945946E-05 4.222972973E-05
315.4 6.764069264E-05 4.22754329E-05
315.6 5.924972914E-05 -4.23212351E-05
315.8 5.931399132E-05 -4.236713666E-05
316 5.089576547E-05 -2.223308533E-20
316.2 3.39673913E-05 -2.122961957E-05
316.4 2.550326442E-05 -2.597126836E-20
316.6 1.702069717E-05 6.382761438E-05
316.8 8.519629226E-06 4.259814613E-05
317 0 -8.528930131E-05
317.2 0 -0.0001067281421
317.4 0 8.275941922E-21
317.6 0 -7.53648831E-21
317.8 0 -4.28316886E-05
318 0 8.134226109E-21
318.2 0 -5.832580385E-20
318.4 0 -6.445957096E-05
318.6 0 -6.453056167E-05
318.8 0 4.306780595E-05
319 0 6.467301325E-05
319.2 0 1.236904736E-20
319.4 0 -4.321073009E-05
319.6 0 -2.162929125E-05
319.8 0 3.491700675E-20
320 0 4.335460599E-05
320.2 0 -3.122718978E-20
320.4 0 -8.690211346E-05
320.6 0 -2.878672088E-20
320.8 0 2.087668934E-20
321 0 -6.539481027E-05
321.2 0 -4.36452514E-05
321.4 0 -2.368811795E-21
321.6 0 -4.374300112E-05
321.8 0 -0.0001094801009
322 0 -6.576178451E-05
322.2 0 -4.389044944E-05
322.4 0 -6.590973003E-05
322.6 0 -4.39893018E-05
322.8 0 -4.403889515E-05
323 0 -4.408860045E-05
323.2 0 -6.620762712E-05
323.4 0 -8.837669683E-05
323.6 8.847678369E-06 -4.423839185E-05
323.8 0 -3.794134369E-20
324 0 -4.433881952E-05
324.2 8.877840909E-06 -6.658380682E-05
324.4 8.887940842E-06 -6.665955631E-05
324.6 8.898063781E-06 -4.449031891E-05
324.8 0 -2.227052452E-05
325 0 -6.688784247E-05
325.2 8.928571429E-06 -6.696428571E-05
325.4 8.938787185E-06 -2.234696796E-05
325.6 0 -4.474513173E-05
325.8 0 -4.479644495E-05
326 0 -2.2423938E-05
326.2 0 -4.489942529E-05
326.4 0 -2.247554661E-05
326.6 0 -4.500288018E-05
326.8 0 -2.252739331E-05
327 0 -2.255340647E-05
327.2 0 -9.031791908E-05
327.4 0 -6.781684028E-05
327.6 0 -2.263180765E-05
327.8 0 -2.265806265E-05
328 0 -4.536875726E-05
328.2 0 -2.271075581E-05
328.4 0 -2.273719441E-05
328.6 0 2.276369464E-05
328.8 0 4.558051342E-05
329 0 -5.528681182E-20
329.2 0 -6.278365597E-20
329.4 0 -2.925355788E-20
329.6 0 -4.91802768E-20
329.8 0 -1.736113895E-20
330 0 4.000098733E-20
330.2 0 4.098664871E-20
330.4 0 5.668529913E-20
330.6 0 -2.303213443E-05
330.8 0 -2.202680019E-20
331 0 2.308658392E-05
331.2 0 2.311390533E-05
331.4 0 2.314129147E-05
331.6 0 2.316874259E-05
331.8 0 4.639251781E-05
332 0 4.644768133E-05
332.2 0 2.32514881E-05
332.4 0 2.327920143E-05
332.6 9.322792363E-06 9.322792363E-05
332.8 0 4.666965352E-05
333 9.345095694E-06 3.833680404E-21
333.2 9.356287425E-06 4.678143713E-05
333.4 9.367505995E-06 9.367505995E-05
333.6 0 4.68937575E-05
333.8 0 1.65692203E-21
334 0 7.05099278E-05
334.2 0 4.706325301E-05
334.4 0 2.356001206E-05
334.6 0 1.228418914E-20
334.8 0 9.223345684E-21
335 0 2.180046948E-20
335.2 0 -4.734848485E-05
335.4 0 -4.74059466E-05
335.6 0 -2.3731774E-05
335.8 0 7.796103181E-21
336 0 3.098107382E-21
336.2 0 8.345943389E-21
336.4 0 3.232861079E-20
336.6 0 2.387683374E-05
336.8 0 4.548381292E-20
337 0 4.808778301E-21
337.2 0 6.697695634E-21
337.4 0 -4.798832924E-05
337.6 0 7.877763891E-20
337.8 0 2.405326355E-05
338 0 -2.408292232E-05
338.2 0 -6.459347506E-21
338.4 0 7.242737948E-05
338.6 0 4.834467822E-05
338.8 0 2.923236101E-20
339 0 -2.42323201E-05
339.2 0 2.426242236E-05
339.4 0 4.8585199E-05
339.6 0 -1.265767277E-20
339.8 0 9.484708675E-21
340 0 -4.876716604E-05
340.2 0 -2.44140625E-05
340.4 0 4.888923655E-05
340.6 0 -3.27431761E-20
340.8 0 -2.450595985E-05
341 0 3.122789115E-20
341.2 0 -2.456761006E-05
341.4 0 -2.459855164E-05
341.6 0 -1.500698007E-20
341.8 9.864267677E-06 -2.466066919E-05
342 9.876738306E-06 -2.469184576E-05
342.2 9.889240506E-06 2.472310127E-05
342.4 9.901774398E-06 2.475443599E-05
342.6 9.914340102E-06 2.478585025E-05
342.8 9.926937738E-06 4.963468869E-05
343 9.93956743E-06 -7.087411435E-20
343.2 9.952229299E-06 2.488057325E-05
343.4 0 1.980500429E-20
343.6 0 -2.494412516E-05
343.8 0 2.497602302E-05
344 0 2.500800256E-05
344.2 0 7.512019231E-05
344.4 0 0.0001002888318
344.6 0 -3.020270476E-20
344.8 0 -5.027348777E-05
345 0 2.51691366E-05
345.2 0 7.560483871E-05
345.4 0 7.072760127E-21
345.6 0 -5.053363519E-05
345.8 0 2.529954663E-05
346 0 2.533236057E-05
346.2 0 5.073051948E-05
346.4 0 5.079648895E-05
346.6 0 -2.54313151E-05
346.8 0 -5.092894394E-05
347 1.019908616E-05 2.54977154E-05
347.2 1.02124183E-05 5.10620915E-05
347.4 0 -2.556446335E-05
347.6 1.023918742E-05 -2.559796855E-05
347.8 2.050524934E-05 -2.563156168E-05
348 2.053219448E-05 -1.126836614E-20
348.2 1.027960526E-05 7.709703947E-05
348.4 0 2.57328722E-05
348.6 1.030672823E-05 -2.576682058E-05
348.8 2.064068692E-05 7.740257596E-05
349 1.033399471E-05 5.166997354E-05
349.2 0 -2.58692053E-05
349.4 0 4.529715774E-20
349.6 0 -2.593791501E-05
349.8 0 -2.597240691E-05
350 0 2.600699068E-05
350.2 0 2.604166667E-05
350.4 0 -2.607643525E-05
350.6 0 -5.222259358E-05
350.8 0 -2.614625167E-05
351 0 -6.873925673E-20
351.2 0 5.243288591E-05
351.4 0 5.250336022E-05
351.6 0 -5.393179288E-21
351.8 0 -4.088889136E-20
352 0 3.590538499E-20
352.2 0 8.198915351E-20
352.4 0 7.554894233E-20
352.6 0 -5.29302168E-05
352.8 0 -7.950305292E-05
353 0 -2.653702446E-05
353.2 0 5.31462585E-05
353.4 0 5.321866485E-05
353.6 0 -2.304278633E-21
353.8 0 5.336407104E-05
354 0 5.34370725E-05
354.2 0 -2.675513699E-05
354.4 0 -1.638103492E-21
354.6 0 4.118204777E-20
354.8 0 4.904545147E-20
355 0 2.690254821E-05
355.2 0 -5.387931034E-05
355.4 0 -2.697686464E-05
355.6 0 -2.701417704E-05
355.8 0 -2.70515928E-05
356 0 5.417822469E-05
356.2 0 5.425347222E-05
356.4 0 1.006521814E-19
356.6 0 2.720229805E-05
356.8 0 8.17207113E-05
357 0 5.455656425E-05
357.2 0 2.731643357E-05
357.4 0 -6.926558596E-20
357.6 0 5.478611501E-05
357.8 0 5.48630618E-05
358 0 8.241033755E-05
358.2 0 5.501760563E-05
358.4 0 -4.492254438E-21
358.6 0 5.51730226E-05
358.8 0 5.525106082E-05
359 0 5.316231454E-20
359.2 0 -5.540780142E-05
359.4 0 -5.548650568E-05
359.6 0 5.556543385E-05
359.8 0 8.346688034E-05
360 0 2.786198288E-05
360.2 0 8.370535714E-05
360.4 0 2.794170243E-05
360.6 0 1.140853017E-19
360.8 0 5.604375897E-05
361 0 8.418642241E-05
361.2 0 8.430755396E-05
361.4 0 5.628602305E-05
361.6 0 2.818362193E-05
361.8 0 2.822434971E-05
362 0 2.826519537E-05
362.2 0 -2.830615942E-05
362.4 0 -2.834724238E-05
362.6 0 -2.838844477E-05
362.8 0 -4.720734323E-20
363 0 8.541362974E-05
363.2 0 0.0001140510949
363.4 0 5.710891813E-05
363.6 0 -2.859626647E-05
363.8 0 -5.727639296E-05
364 0 -2.868024963E-05
364.2 0 -2.872242647E-05
364.4 0 -2.876472754E-05
364.6 1.152286136E-05 2.880715339E-05
364.8 0 2.884970458E-05
365 0 -8.854120906E-21
365.2 0 -6.078614558E-20
365.4 0 5.795623145E-05
365.6 0 5.80423477E-05
365.8 0 2.906436012E-05
366 0 5.821535022E-05
366.2 0 4.323548492E-20
366.4 0 -8.758408072E-05
366.6 0 -8.771519461E-05
366.8 0 -0.0001171289355
367 0 -0.0002052834084
367.2 1.17481203E-05 -0.000117481203
367.4 0 -5.882906627E-05
367.6 0 -8.837669683E-05
367.8 0 -8.851019637E-05
368 0 -2.954803328E-05
368.2 0 -1.07405085E-21
368.4 0 -1.357899643E-21
368.6 0 2.968275076E-05
368.8 0 -1.962419212E-20
369 0 -4.399797827E-20
369.2 0 2.981870229E-05
369.4 0 2.986429664E-05
369.6 0 3.611069091E-20
369.8 0 -5.066366731E-20
370 0 6.000384025E-05
370.2 0 1.049886226E-20
370.4 0 -6.018875193E-05
370.6 0 6.02816358E-05
370.8 0 9.05622102E-05
371 0 -2.017416594E-20
371.2 1.21124031E-05 3.028100775E-05
371.4 0 9.098408385E-05
371.6 0 9.11255832E-05
371.8 0 9.126752336E-05
372 0 3.04699688E-05
372.2 0 3.051757813E-05
372.4 0 9.169600939E-05
372.6 0 0.0001224529781
372.8 0 9.198390895E-05
373 1.228380503E-05 3.070951258E-05
373.2 1.230314961E-05 3.075787402E-05
373.4 1.232255521E-05 9.241916404E-05
373.6 1.234202212E-05 9.256516588E-05
373.8 2.472310127E-05 6.180775316E-05
374 4.952456418E-05 3.095285261E-05
374.2 6.200396825E-05 9.300595238E-05
374.4 6.210254372E-05 0.0001242050874
374.6 7.464171975E-05 -6.220143312E-05
374.8 7.476076555E-05 -0.0001246012759
375 6.240015974E-05 -6.240015974E-05
375.2 5E-05 -6.564480749E-20
375.4 3.756009615E-05 3.130008013E-05
375.6 5.016051364E-05 -7.442378023E-20
375.8 3.768086817E-05 -3.140072347E-05
376 3.774154589E-05 3.145128824E-05
376.2 3.780241935E-05 -3.489910571E-20
376.4 3.78634895E-05 -6.310581583E-05
376.6 3.792475728E-05 -2.089495684E-20
376.8 2.532414911E-05 -4.158639753E-20
377 2.536525974E-05 3.170657468E-05
377.2 2.540650407E-05 6.351626016E-05
377.4 2.544788274E-05 3.180985342E-05
377.6 2.548939641E-05 6.372349103E-05
377.8 1.276552288E-05 0.0001276552288
378 1.278641571E-05 3.196603928E-05
378.2 3.842213115E-05 -3.201844262E-05
378.4 5.13136289E-05 3.207101806E-05
378.6 6.424753289E-05 3.212376645E-05
378.8 7.722405272E-05 -3.217668863E-05
379 9.024339934E-05 -9.668935644E-05
379.2 0.0001033057851 -6.45661157E-05
379.4 0.0001034768212 3.233650662E-05
379.6 0.0001036484245 9.717039801E-05
379.8 0.000103820598 9.733181063E-05
380 0.0001039933444 6.499584027E-05
380.2 0.0001041666667 3.255208333E-05
380.4 0.0001043405676 2.59801301E-21
380.6 0.0001175794314 -1.503276095E-19
380.8 0.0001177763819 -4.950410871E-20
381 0.0001179739933 6.554110738E-05
381.2 0.0001181722689 6.56512605E-05
381.4 0.0001183712121 6.576178451E-05
381.6 0.0001053962901 0.0001317453626
381.8 0.0001187711149 9.897592905E-05
382 0.0001189720812 6.609560068E-05
382.2 0.0001191737288 9.931144068E-05
382.4 0.0001193760611 3.316001698E-05
382.6 0.0001195790816 3.321641156E-05
382.8 0.0001064735945 9.981899489E-05
383 0.0001199872014 6.665955631E-05
383.2 0.0001335470085 -9.430798159E-20
383.4 0.0001605308219 -3.344392123E-05
383.6 0.0001876072041 -1.793030217E-20
383.8 0.0002013530928 -7.073586134E-20
384 0.0002151462995 -1.599675856E-20
384.2 0.000228987069 6.734913793E-05
384.4 0.0002428756477 0.0001349309154
384.6 0.0002568122837 3.379108997E-05
384.8 0.000270797227 0.0001015489601
385 0.0002983940972 0.0001356336806
385.2 0.0003260869565 3.39673913E-05
385.4 0.0003402656794 -3.402656794E-05
385.6 0.0003408595113 3.408595113E-05
385.8 0.0003551136364 6.829108392E-05
386 0.0003694176883 3.420534151E-05
386.2 0.0003700657895 6.853070175E-05
386.4 0.0003569859402 3.432557118E-05
386.6 0.000371368838 7.210069269E-20
386.8 0.0003858024691 3.444664903E-05
387 0.0003864840989 6.901501767E-05
387.2 0.000373340708 0.0001037057522
387.4 0.0003462987589 0.0001038896277
387.6 0.0003746669627 0.0001387655417
387.8 0.0003753336299 6.950622776E-05
388 0.0003760026738 -3.214249008E-21
388.2 0.000390625 3.487723214E-05
388.4 0.0004192754919 -6.987924866E-05
388.6 0.0004340277778 -2.99257074E-20
388.8 0.0004488330341 7.013016158E-05
389 0.0004355890288 7.025629496E-05
389.2 0.0004363738739 -3.519144144E-05
389.4 0.0004371615523 -7.05099278E-05
389.6 0.0004379520796 -3.382144288E-20
389.8 0.000438745471 0.0001061480978
390 0.0004253629764 0.0001772345735
390.2 0.0004119318182 7.102272727E-05
390.4 0.0003984517304 -2.234972268E-20
390.6 0.0003849224453 0.0002138458029
390.8 0.0003856261426 0.0001428244973
391 0.0004006410256 -0.0001430860806
391.2 0.0004157110092 -7.167431193E-05
391.4 0.0004164751838 0.0001077090993
391.6 0.000402854512 3.596915285E-05
391.8 0.0003891835793 -0.0001081065498
392 0.0003754621072 3.610212569E-05
392.2 0.0003616898148 0.0001085069444
392.4 0.0003478664193 7.247217069E-05
392.6 0.0003339916357 7.260687732E-05
392.8 0.0003200651769 7.274208566E-05
393 0.0003206623134 7.287779851E-05
393.2 0.0003212616822 6.140881155E-20
393.4 0.0003072331461 -7.315074906E-05
393.6 0.00029315197 -0.0001099319887
393.8 0.0002790178571 -0.0001468515038
394 0.0002648305085 -7.356403013E-05
394.2 0.0002505896226 6.653733056E-20
394.4 0.000236294896 -7.384215501E-05
394.6 0.0002219460227 -0.0001849550189
394.8 0.0002075426945 -0.0001111835863
395 0.0001782319392 3.713165399E-05
395.2 0.0001488095238 3.720238095E-05
395.4 0.0001341841603 -3.727337786E-05
395.6 0.0001344407266 -9.628614996E-20
395.8 0.0001346982759 0.000149664751
396 0.0001199616123 0.0001124640115
396.2 0.0001051682692 -3.756009615E-05
396.4 9.031791908E-05 -3.763246628E-05
396.6 7.541023166E-05 -3.770511583E-05
396.8 6.044487427E-05 -3.777804642E-05
397 4.542151163E-05 -3.785125969E-05
397.2 4.550970874E-05 -6.021692762E-20
397.4 4.559824903E-05 7.599708171E-05
397.6 4.56871345E-05 2.402844589E-20
397.8 4.577636719E-05 -0.000114440918
398 4.586594912E-05 -0.0001528864971
398.2 4.595588235E-05 -0.0001148897059
398.4 4.604616896E-05 -7.674361493E-05
398.6 4.613681102E-05 -3.844734252E-05
398.8 4.622781065E-05 -4.017088569E-20
399 4.631916996E-05 -1.373260972E-19
399.2 3.094059406E-05 -0.0001160272277
399.4 1.550099206E-05 -0.0001550099206
399.6 0 -7.765904573E-05
399.8 0 -3.890687251E-05
400 0 -2.561738621E-20
400.2 0 -7.8125E-05
400.4 0 -0.0001174223447
400.6 0 -7.843875502E-05
400.8 0 -7.859657948E-05
401 0 -0.0001575100806
401.2 0 -0.0001972853535
401.4 0 -0.00011861083
401.6 0 -7.923427992E-05
401.8 0 -3.96976626E-05
402 0 1.678439324E-21
402.2 0 -7.971938776E-05
402.4 0 -0.0001597648262
402.6 0 -0.0001200691598
402.8 0 -0.0001203157084
403 0 -0.0001205632716
403.2 0 -4.027061856E-05
403.4 0 -4.035382231E-05
403.6 0 -8.08747412E-05
403.8 0 -0.0001215637967
404 0 -0.0001218165281
404.2 0 -4.069010417E-05
404.4 0 -8.155010438E-05
404.6 0 -0.0001225810669
404.8 1.637840671E-05 -0.0001228380503
405 0 -0.0001641281513
405.2 0 -8.223684211E-05
405.4 1.648206751E-05 -4.120516878E-05
405.6 1.651691332E-05 -8.25845666E-05
405.8 1.655190678E-05 -4.137976695E-05
406 1.658704883E-05 -2.802651763E-23
406.2 1.662234043E-05 -4.155585106E-05
406.4 0 -8.328891258E-05
406.6 0 1.710634625E-19
406.8 0 -4.182280514E-05
407 0 -1.27491199E-20
407.2 0 -1.018609379E-19
407.4 1.683728448E-05 -8.418642241E-05
407.6 0 -4.218412527E-05
407.8 0 -0.0001268262987
408 1.694685466E-05 -0.00012710141
408.2 1.698369565E-05 -8.491847826E-05
408.4 1.702069717E-05 -0.0002127587146
408.6 1.705786026E-05 -0.000127933952
408.8 1.7095186E-05 8.547592998E-05
409 0 -0.0001284950658
409.2 0 -0.0001287774725
409.4 0 -7.995462978E-20
409.6 0 8.623068433E-05
409.8 0 0.0001296321903
410 0 -1.41134909E-19
410.2 0 -4.340277778E-05
410.4 0 -0.0001304983296
410.6 0 -8.719308036E-05
410.8 0 -4.369407159E-05
411 0 -0.0001313761211
411.2 0 -8.778089888E-05
411.4 0 -6.176242157E-21
411.6 0 -4.408860045E-05
411.8 0 -8.837669683E-05
412 0 -4.428854875E-05
412.2 0 4.438920455E-05
412.4 0 0.0001334709567
412.6 0 0.0001337756849
412.8 0 4.469393593E-05
413 0 4.479644495E-05
413.2 0 8.979885057E-05
413.4 0 4.500288018E-05
413.6 0 -1.00965033E-19
413.8 0 7.233047846E-20
414 0 4.531612529E-05
414.2 0 -4.542151163E-05
414.4 0 -4.552738928E-05
414.6 0 9.126752336E-05
414.8 0 -9.148126464E-05
415 0 -0.0001833920188
415.2 0 -0.0001378676471
415.4 0 -9.212853774E-05
415.6 0 4.617316785E-05
415.8 0 0.0001388477488
416 0 0.0001391775534
416.2 0 9.300595238E-05
416.4 0 4.661396181E-05
416.6 0 4.672547847E-05
416.8 0 0.0001405125899
417 0 9.390024038E-05
417.2 0 4.706325301E-05
417.4 0 9.435386473E-05
417.6 0 -1.420209241E-19
417.8 0 -0.0001896237864
418 0 -0.0001900851582
418.2 0 -9.527439024E-05
418.4 0 -9.550733496E-05
418.6 1.914828431E-05 -9.574142157E-05
418.8 3.839066339E-05 -4.798832924E-05
419 3.848522167E-05 -4.810652709E-05
419.2 3.858024691E-05 -4.822530864E-05
419.4 1.933787129E-05 -4.834467822E-05
419.6 0 -0.0001453939206
419.8 0 -4.8585199E-05
420 0 4.87063591E-05
420.2 0 -4.8828125E-05
420.4 0 -4.895050125E-05
420.6 0 -1.677852341E-19
420.8 0 -4.919710327E-05
421 0 -1.244527825E-20
421.2 0 4.944620253E-05
421.4 0 3.180231771E-20
421.6 0 4.969783715E-05
421.8 0 9.964923469E-05
422 0 9.990409207E-05
422.2 0 0.0001502403846
422.4 0 0.0001004177378
422.6 0 5.03382732E-05
422.8 0 5.046834625E-05
423 0 5.059909326E-05
423.2 0 5.073051948E-05
423.4 0 7.035830311E-20
423.6 0 -5.099543081E-05
423.8 0 -0.0001022578534
424 0 -0.0001025262467
424.2 0 -0.0001027960526
424.4 0 -0.0001030672823
424.6 2.066798942E-05 -0.0001033399471
424.8 4.144562334E-05 -5.180702918E-05
425 6.23337766E-05 -5.194481383E-05
425.2 8.333333333E-05 -5.208333333E-05
425.4 8.355614973E-05 -5.222259358E-05
425.6 8.378016086E-05 -5.236260054E-05
425.8 8.400537634E-05 5.250336022E-05
426 8.423180593E-05 5.264487871E-05
426.2 8.445945946E-05 -5.278716216E-05
426.4 8.468834688E-05 -0.0001058604336
426.6 6.36888587E-05 -0.0001592221467
426.8 4.257493188E-05 -5.321866485E-05
427 2.134562842E-05 0.0001067281421
427.2 0 5.351027397E-05
427.4 0 -5.365728022E-05
427.6 0 -0.0001076101928
427.8 0 -0.0001079074586
428 0 -5.41031856E-05
428.2 0 5.425347222E-05
428.4 0 0.0001632137883
428.6 0 0.0001636696927
428.8 0 5.470938375E-05
429 0 -5.48630618E-05
429.2 0 -0.0001100352113
429.4 0 -5.51730226E-05
429.6 0 -6.369998247E-20
429.8 0 0.0001109730114
430 0 0.0001112891738
430.2 0 -8.724247387E-20
430.4 0 5.596346705E-05
430.6 2.244971264E-05 5.612428161E-05
430.8 4.502881844E-05 8.527072322E-20
431 6.773843931E-05 1.938065515E-19
431.2 6.793478261E-05 -6.034614632E-20
431.4 6.813226744E-05 5.677688953E-05
431.6 6.833090379E-05 5.694241983E-05
431.8 6.853070175E-05 5.710891813E-05
432 6.873167155E-05 0.0001145527859
432.2 6.893382353E-05 0.0001148897059
432.4 4.609144543E-05 0.0001728429204
432.6 4.622781065E-05 0.0002311390533
432.8 4.636498516E-05 0.0001738686944
433 6.975446429E-05 0.0001743861607
433.2 6.996268657E-05 0.0002332089552
433.4 7.017215569E-05 0.0001169535928
433.6 7.038288288E-05 5.86524024E-05
433.8 7.059487952E-05 0.0002353162651
434 7.08081571E-05 0.0002360271903
434.2 7.102272727E-05 -5.918560606E-05
434.4 7.123860182E-05 -0.000118731003
434.6 7.145579268E-05 6.83985706E-21
434.8 7.167431193E-05 5.972859327E-05
435 7.189417178E-05 -0.0001198236196
435.2 7.211538462E-05 -0.0002403846154
435.4 7.233796296E-05 -3.197002343E-20
435.6 7.25619195E-05 3.170858112E-20
435.8 7.278726708E-05 -0.0001213121118
436 7.301401869E-05 -0.0001216900312
436.2 7.32421875E-05 -0.0001220703125
436.4 7.347178683E-05 -6.122648903E-05
436.6 7.370283019E-05 -9.230532228E-21
436.8 7.393533123E-05 -7.547526988E-20
437 7.41693038E-05 6.180775316E-05
437.2 7.44047619E-05 0.0001240079365
437.4 7.464171975E-05 8.068921308E-20
437.6 7.488019169E-05 -0.0001248003195
437.8 7.512019231E-05 -1.109922773E-20
438 7.536173633E-05 0.0001256028939
438.2 7.560483871E-05 6.300403226E-05
438.4 7.584951456E-05 -6.32079288E-05
438.6 0.000101461039 -5.854288725E-20
438.8 0.0001017915309 6.361970684E-05
439 0.0001276552288 0.0001276552288
439.2 0.0001280737705 0.000256147541
439.4 0.0001284950658 6.424753289E-05
439.6 0.0001289191419 -6.445957096E-05
439.8 0.0001293460265 6.467301325E-05
440 0.0001297757475 6.488787375E-05
440.2 0.0001302083333 -6.510416667E-05
440.4 0.0001306438127 -6.685275848E-20
440.6 0.0001310822148 0.0001966233221
440.8 0.000131523569 0.000263047138
441 0.0001319679054 6.59839527E-05
441.2 0.0001324152542 -6.102046916E-20
441.4 7.971938776E-05 0.0001328656463
441.6 2.666382253E-05 -1.709124036E-19
441.8 0 -6.688784247E-05
442 0 -2.06185839E-19
442.2 0 -1.416100143E-19
442.4 0 -7.052120693E-20
442.6 0 -6.781684028E-05
442.8 0 -0.0001361062718
443 0 -6.829108392E-05
443.2 0 -6.853070175E-05
443.4 0 -0.0002750880282
443.6 0 -0.0003450750883
443.8 0 -0.0002770390071
444 0 -0.000278024911
444.2 0 -0.0002790178571
444.4 0 -0.0002800179211
444.6 0 -0.0002107688849
444.8 0 -0.0002115297834
445 0 -0.0002830615942
445.2 0 -7.102272727E-05
445.4 0 7.128193431E-05
445.6 0 -7.154304029E-05
445.8 0 -0.0002154181985
446 0 -0.0002882841328
446.2 0 -0.0002170138889
446.4 0 -0.0001452137546
446.6 0 -0.000145755597
446.8 0 -7.315074906E-05
447 0 -1.40480597E-19
447.2 0 -0.0001474056604
447.4 0 -0.0001479640152
447.6 0 -7.426330798E-05
447.8 0 -7.454675573E-05
448 0 -1.370926128E-20
448.2 0 -7.512019231E-05
448.4 0 -7.541023166E-05
448.6 0 -3.721219885E-20
448.8 0 -5.84548841E-20
449 0 -1.012830939E-19
449.2 0 -1.094940211E-19
449.4 0 -6.649383233E-20
449.6 0 -1.013772347E-19
449.8 0 1.73212909E-20
450 0 -6.189479214E-20
450.2 0 1.597841985E-19
450.4 0 1.511104569E-19
450.6 0 -1.978256158E-20
450.8 0 5.77234901E-20
451 0 -1.181527386E-19
451.2 0 -7.33212187E-20
451.4 0 -3.128709517E-19
451.6 0 -7.098574272E-20
451.8 0 -2.134026528E-19
452 0 2.037280472E-20
452.2 0 -3.328653964E-20
452.4 0 -1.239387729E-19
452.6 0 3.187003169E-20
452.8 0 1.273657962E-19
453 0 1.097431224E-19
453.2 0 -5.679109131E-20
453.4 0 8.996140101E-20
453.6 0 -1.614215757E-20
453.8 0 -7.95229355E-20
454 0 8.358613613E-20
454.2 0 -1.770894638E-19
454.4 3.411572052E-05 4.52213306E-20
454.6 6.853070175E-05 1.113268742E-19
454.8 0.0001032488987 -8.12962388E-20
455 0.0001037057522 -1.026865408E-19
455.2 0.0001041666667 1.447243423E-19
455.4 0.0001046316964 1.154526707E-19
455.6 0.0001051008969 1.025042075E-20
455.8 0.0001055743243 1.052970198E-19
456 7.070135747E-05 6.218807737E-20
456.2 3.551136364E-05 8.877840909E-05
456.4 0 0.0001783675799
456.6 0 0.0001791857798
456.8 0 0.0001800115207
457 0 0.0001808449074
457.2 0 0.0001816860465
457.4 0 0.0001825350467
457.6 0 0.0001833920188
457.8 0 9.212853774E-05
458 0 -1.725972782E-19
458.2 0 -4.687245377E-20
458.4 0 -6.892248937E-20
458.6 0 -1.683502535E-19
458.8 0 -1.964476928E-19
459 0 -1.2384622E-19
459.2 0 -9.403304603E-20
459.4 0 -3.92422158E-20
459.6 0 -8.223106364E-20
459.8 0 -9.668935644E-05
460 0 -0.000194340796
460.2 0 -0.0001953125
460.4 0 -0.0001962939698
460.6 0 -0.0001972853535
460.8 0 -0.000198286802
461 0 -0.0001992984694
461.2 0 -0.0002003205128
461.4 0 -0.0001006765464
461.6 0 0.0001011981865
461.8 0 0.0002034505208
462 0 -2.332229997E-19
462.2 0 -0.0002055921053
462.4 0 -0.0001033399471
462.6 0 -3.798133732E-21
462.8 0 5.003481502E-20
463 0 1.324613405E-19
463.2 0 4.402759923E-20
463.4 0 -8.956775511E-20
463.6 0 -1.818005369E-19
463.8 0 -9.531317284E-20
464 0 -6.535006854E-20
464.2 0 -1.256390323E-19
464.4 0 0.0001091131285
464.6 0 0.0001097261236
464.8 0 -0.0001103460452
465 0 -0.0001109730114
465.2 0 1.39080956E-19
465.4 0 0.0001122485632
465.6 0 0.0001128973988
465.8 0 -0.0001135537791
466 0 -0.0001142178363
466.2 0 3.118361717E-19
466.4 4.622781065E-05 2.150545474E-19
466.6 9.300595238E-05 -1.683237476E-19
466.8 9.356287425E-05 -7.980953288E-20
467 9.412650602E-05 0.0001176581325
467.2 4.734848485E-05 0.0001183712121
467.4 0 -0.0001190929878
467.6 4.792944785E-05 -0.0001198236196
467.8 9.645061728E-05 -1.00321842E-19
468 9.704968944E-05 2.108642646E-19
468.2 9.765625E-05 5.92904006E-20
468.4 9.827044025E-05 2.609521543E-20
468.6 4.944620253E-05 -2.323347315E-19
468.8 0 0.0001244028662
469 0 0.0001252003205
469.2 0 -0.0001260080645
469.4 0 -1.155377472E-19
469.6 0 0.0002553104575
469.8 0 0.0001284950658
470 0 4.010417786E-20
470.2 0 -2.480103842E-19
470.4 0 -1.034205183E-19
470.6 0 1.614768658E-19
470.8 0 4.911099272E-20
471 0 -3.077992101E-19
471.2 0 -2.471778629E-19
471.4 0 -4.055693046E-19
471.6 0 -9.685461576E-20
471.8 0 -3.372489541E-19
472 0 -4.834027005E-20
472.2 0 -2.053246724E-19
472.4 0 -1.363926094E-19
472.6 0 8.029231816E-20
472.8 0 7.279408801E-20
473 0 1.630071516E-19
473.2 0 -2.435062125E-19
473.4 0 -7.994495676E-20
473.6 0 -1.312428778E-19
473.8 0 2.105342775E-19
474 0 1.122939905E-19
474.2 0 2.236226332E-19
474.4 0 1.757630673E-19
474.6 0 2.765613179E-19
474.8 0 -2.08204835E-20
475 0 7.939214812E-20
475.2 0 2.439542347E-19
475.4 0 1.012369251E-19
475.6 0 -3.852533059E-20
475.8 0 8.881545735E-20
476 0 3.500561678E-20
476.2 0 1.659998142E-19
476.4 0 -1.402054391E-19
476.6 0 -3.316883928E-19
476.8 0 2.615299394E-19
477 0 -1.105335104E-19
477.2 0 -3.467908548E-19
477.4 0 6.989963934E-20
477.6 0 -1.291375054E-20
477.8 0 -1.463778232E-19
478 0 7.755325047E-21
478.2 0 2.112451051E-20
478.4 0 -1.623051672E-19
478.6 0 -8.852311954E-20
478.8 0 -1.582736484E-19
479 0 0.0001842570755
479.2 0 3.867177492E-20
479.4 0 6.795095167E-19
479.6 0 1.43598838E-19
479.8 0 -0.0001914828431
480 0 3.968403149E-19
480.2 0 1.059015852E-19
480.4 0 -1.19328311E-19
480.6 0 -1.082887708E-19
480.8 0 2.07296117E-20
481 0 5.538707353E-20
481.2 0 -1.55565565E-19
481.4 0 7.330912132E-21
481.6 0 2.118635856E-20
481.8 0 4.103726628E-19
482 0 6.863413188E-19
482.2 0 6.121632496E-19
482.4 0 2.709944799E-19
482.6 0 3.813246966E-19
482.8 0 8.064257721E-20
483 0 1.949990329E-21
483.2 0 -1.677847172E-19
483.4 0 -4.34996357E-21
483.6 0 -1.936469153E-19
483.8 0 2.561715949E-19
484 0 4.711036141E-19
484.2 0 6.88275517E-19
484.4 0 5.315501467E-19
484.6 0 2.281167879E-19
484.8 0 3.422068118E-19
485 0 0.0002569901316
485.2 0 0.0002604166667
485.4 0 4.743791564E-19
485.6 0 9.015780924E-20
485.8 0 0.0005425347222
486 0 0.0005501760563
486.2 0 -4.767893745E-19
486.4 0 -0.0002830615942
486.6 0.0001148897059 -0.0005744485294
486.8 0.0001166044776 -0.0005830223881
487 0.0001183712121 -0.0002959280303
487.2 0 0.0003004807692
487.4 0 0.0003051757813
487.6 0 1.474644431E-19
487.8 0 -0.0003150201613
488 0 -0.0003201844262
488.2 0 -1.832903595E-19
488.4 0 8.05605514E-19
488.6 0 -0.0003367456897
488.8 0 -0.0006853070175
489 0 -0.0003487723214
489.2 0 7.061335367E-19
489.4 0 5.69842385E-19
489.6 0 -1.9048805E-19
489.8 0 3.648556589E-19
490 0 -1.411694501E-19
490.2 0 3.522529928E-19
490.4 0 5.134171951E-19
490.6 0 -1.26882568E-19
490.8 0 -4.438654585E-19
491 0 -1.24650521E-18
491.2 0 -2.476599471E-19
491.4 0 -8.719364772E-19
491.6 0 -3.192915023E-19
491.8 0 6.763136132E-20
492 0 3.343072312E-19
492.2 0 8.556150364E-19
492.4 0 -5.337100474E-19
492.6 0 9.234558641E-19
492.8 0 3.39997311E-19
493 0 -4.791367939E-19
493.2 0 -2.825528224E-19
493.4 0 8.715392823E-19
493.6 0 1.272559926E-18
493.8 0 2.883377568E-19
494 0 -4.169426425E-20
494.2 0 1.366435293E-18
494.4 0 8.194708527E-20
494.6 0 1.533937921E-19
494.8 0 -1.051406583E-18
495 0 -9.601872978E-19
495.2 0 -1.296521799E-18
495.4 0 -3.156274106E-18
495.6 0 -1.944936261E-18
495.8 0 -2.092180514E-19
496 0 7.385720006E-19
496.2 0 -3.311331084E-18
496.4 0 3.50946538E-20
496.6 0 -4.2626068E-19
496.8 0 -2.878831019E-18
497 0 -4.252345587E-19
497.2 0 -1.677018497E-18
497.4 0 4.092274459E-19
497.6 0 -2.745953139E-19
497.8 0 -3.971216687E-18
498 0 -1.398815167E-18
498.2 0 9.566552022E-19
498.4 0 -3.411821552E-18
498.6 0 -4.831558599E-18
498.8 0 -3.403769172E-18
499 0 -3.015288123E-18
499.2 0 -3.03199641E-18
499.4 0 -4.099633029E-18
499.6 0 -4.939540102E-18
499.8 0 -5.010946707E-18
500 0 -4.383535193E-17
