0 0.00730957617 -3.904688125E-05
0.2 0.0063375 0.00175
0.4 0.005927370948 0.0004454906963
0.6 0.005648268615 0.0004065752602
0.8 0.005419002803 0.0003050535643
1 0.005205203325 0.0001721504407
1.2 0.005013151303 0.0002191883768
1.4 0.004795885124 0.0002506014435
1.6 0.00458157842 0.0001723576013
1.8 0.004395315008 1.567516051E-05
2 0.004227719791 0.000101929446
2.2 0.004050577309 0.000188253012
2.4 0.003904680595 0.000188328646
2.6 0.00374610631 0.0002119548834
2.8 0.003609393848 6.282669883E-05
3 0.003500854787 5.499547466E-05
3.2 0.003367077465 0.0002279300805
3.4 0.00321117653 0.0001651192633
3.6 0.00311807793 3.146395489E-05
3.8 0.003028051974 0.0001416448429
4 0.002925357719 3.148931882E-05
4.2 0.002838331653 -0.0001102570565
4.4 0.002779598628 -1.182691196E-20
4.6 0.002711359968 3.940930186E-05
4.8 0.002646220226 1.577008478E-05
5 0.002568406704 1.577645396E-05
5.2 0.0025 -2.367424242E-05
5.4 0.002437853678 -6.315683104E-05
5.6 0.002344065912 -4.738677719E-05
5.8 0.002278645833 -7.11089199E-05
6 0.002228981182 -9.485026305E-05
6.2 0.002172950405 -6.325910931E-05
6.4 0.002107381531 -7.119532199E-05
6.6 0.002044925041 -8.705176256E-05
6.8 0.001998251925 -9.500405351E-05
7 0.001945204785 -0.0001267234388
7.2 0.001904792089 -9.50811359E-05
7.4 0.001854834619 -1.585328734E-05
7.6 0.001801664637 -7.929861957E-06
7.8 0.001745278229 -6.346466288E-05
8 0.001707893133 7.93630638E-06
8.2 0.001654598577 -1.587906504E-05
8.4 0.001613969093 -7.942761285E-05
8.6 0.001554236168 -6.356794142E-05
8.8 0.001510353073 -2.38476801E-05
9 0.001472796213 5.566724349E-05
9.2 0.001438391039 9.706541625E-22
9.4 0.001407141402 -4.775366748E-05
9.6 0.001366311659 -7.962189156E-05
9.8 0.001354124184 -5.575805465E-05
10 0.001319614443 2.390605875E-05
10.2 0.001272321429 -3.18877551E-05
10.4 0.00125370049 1.595038791E-05
10.6 0.001219107435 4.787071078E-05
10.8 0.00120044953 -7.981712301E-06
11 0.001172194399 -1.596995094E-05
11.2 0.001143916155 -9.585889571E-05
11.4 0.001125204583 -7.99150982E-05
11.6 0.001100081867 -6.670262744E-21
11.8 0.001071739353 -5.598638411E-05
12 0.001062576813 -0.0001120186399
12.2 0.001050204918 -9.605532787E-05
12.4 0.001047432349 -8.007892579E-05
12.6 0.001035044094 -7.210059475E-05
12.8 0.001022645671 -8.014464506E-05
13 0.001019858374 -4.810652709E-05
13.2 0.00101386037 -2.406314168E-05
13.4 0.000991808751 -3.512807335E-21
13.6 0.000976161118 -1.544559184E-20
13.8 0.0009605006168 -4.015470806E-05
14 0.0009416135335 -5.623971617E-05
14.2 0.0009227109053 -6.430041152E-05
14.4 0.0009102254014 -8.84494648E-05
14.6 0.0008977296129 1.608834432E-05
14.8 0.0008787855377 9.656983931E-05
15 0.0008566055235 -3.220321517E-05
15.2 0.0008472938144 -0.000112757732
15.4 0.0008283054868 8.05744637E-06
15.6 0.0008060771771 2.418231531E-05
15.8 0.0007870561519 -4.032049959E-05
16 0.0007712463858 -3.226972325E-05
16.2 0.0007586518595 -9.684917355E-05
16.4 0.0007428172799 -0.000121111513
16.6 0.000733431555 -8.077440033E-05
16.8 0.0007208057509 -5.656547373E-05
17 0.0007017021937 -4.042063328E-05
17.2 0.000689052795 8.08747412E-06
17.4 0.0006699202568 -8.090824358E-06
17.6 0.0006475341898 8.094177373E-06
17.8 0.0006316075871 1.438410842E-20
18 0.0006189081294 8.100891746E-06
18.2 0.0006061981328 2.431275934E-05
18.4 0.0005934775841 8.107617269E-06
18.6 0.0005742576827 7.299885797E-05
18.8 0.0005485303282 6.491483174E-05
19 0.0005390170407 -4.585553328E-20
19.2 0.0005197505198 -8.121101871E-06
19.4 0.0005134671381 8.124480033E-06
19.6 0.0005071785268 -5.689502705E-05
19.8 0.0005041371774 -5.691871357E-05
20 0.0004978394419 -1.626926281E-05
20.2 0.0004947916667 -3.255208333E-05
20.4 0.0004852282201 -2.442423927E-05
20.6 0.0004723988741 -4.072404087E-05
20.8 0.0004758552357 -0.0001303712975
21 0.0004760538397 -0.0001548805301
21.2 0.0004729906054 -6.524008351E-05
21.4 0.000469924812 8.158416876E-06
21.6 0.0004570622649 8.16182616E-06
21.8 0.0004539872492 -5.715666806E-05
22 0.0004541771225 -3.267461313E-05
22.2 0.0004510983264 -2.451621339E-05
22.4 0.000444746756 -0.0001062813939
22.6 0.0004416614322 -0.0001063259003
22.8 0.00044184646 -4.091170926E-05
23 0.0004387573345 -4.911462699E-05
23.2 0.0004389412998 -3.275681342E-05
23.4 0.0004391254195 8.192638423E-05
23.6 0.0004327528326 2.458822912E-05
23.8 0.0004296547019 -4.919710327E-05
24 0.0004331163377 -1.640592188E-05
24.2 0.0004267331933 -2.461922269E-05
24.4 0.0004170607398 -1.641971417E-05
24.6 0.0004172361228 1.749851132E-20
24.8 0.0004042648296 -8.21676483E-06
25 0.0004044349747 -3.288089226E-05
25.2 0.0004013157895 -3.289473684E-05
25.4 0.0003850305392 -5.759003791E-05
25.6 0.0004016540244 -4.938369153E-05
25.8 0.0003952360877 3.384152874E-20
26 0.000385517714 -3.295023197E-05
26.2 0.0003790875527 -2.472310127E-05
26.4 0.0003693541579 -8.244512453E-06
26.6 0.0003596125422 -8.247994088E-06
26.8 0.0003366603295 2.475443599E-05
27 0.0003235946746 2.476489856E-05
27.2 0.0003105179704 -1.651691332E-05
27.4 0.0003106493232 1.142166267E-20
27.6 0.0002975560728 3.306178587E-05
27.8 0.0002844517358 -5.788262066E-05
28 0.0002779542567 -4.136224058E-05
28.2 0.0002714512712 -8.27595339E-06
28.4 0.0002715663417 -4.139730818E-05
28.6 0.0002650551315 -1.656594572E-05
28.8 0.0002618529911 -1.657297412E-05
29 0.0002553321307 -5.803002971E-05
29.2 0.000255440552 -5.805467091E-05
29.4 0.0002522302464 -4.148523789E-05
29.6 0.0002490172121 -3.320229494E-05
29.8 0.0002391581633 -3.321641156E-05
30 0.0002359368354 -8.307635049E-06
30.2 0.0002260638298 -6.64893617E-05
30.4 0.0002328118348 -8.314708387E-05
30.6 0.0002229290886 -3.32729983E-05
30.8 0.0002296815083 -4.16089689E-05
31 0.0002364396846 -1.665068201E-05
31.2 0.0002432036247 1.354217852E-20
31.4 0.0002399744027 1.666488908E-05
31.6 0.0002434112249 5.001600512E-05
31.8 0.0002401793339 4.169780102E-05
32 0.0002336074327 -1.668624519E-05
32.2 0.0002303685897 -2.50400641E-05
32.4 0.0002304670799 -2.076624939E-20
32.6 0.000223882592 -5.012296835E-05
32.8 0.0002239783911 -8.357402653E-05
33 0.000217385488 -3.344392123E-05
33.2 0.0002107869379 -2.509368308E-05
33.4 0.0002142245073 -2.510443445E-05
33.6 0.0002109676382 -0.0001088325118
33.8 0.0002177583619 -7.537789451E-05
34 0.0002178517804 -2.513674389E-05
34.2 0.0002246512876 -5.029506438E-05
34.4 0.0002213933018 3.354443967E-05
34.6 0.0002315560567 5.87279854E-05
34.8 0.0002282982381 2.517995273E-05
35 0.0002418314703 2.252920622E-20
35.2 0.0002419354839 8.400537634E-06
35.4 0.0002454012478 3.361660929E-05
35.6 0.0002421437796 3.36310805E-05
35.8 0.0002523417313 -8.411391042E-05
36 0.0002524504524 -0.000100980181
36.2 0.0002525592672 2.525592672E-05
36.4 0.000256037085 2.526681759E-05
36.6 0.000256147541 3.370362381E-05
36.8 0.0002495144584 8.429542512E-05
37 0.0002462489206 5.059909326E-05
37.2 0.0002362311015 2.531047516E-05
37.4 0.0002363331893 8.440471046E-06
37.6 0.0002330577173 3.377648076E-05
37.8 0.0002264003028 3.379108997E-05
38 0.0002197371268 -2.535428386E-05
38.2 0.0002198322511 -7.609577922E-05
38.4 0.0002199274578 -2.537624513E-05
38.6 0.0002064828856 3.384965338E-05
38.8 0.0002031859558 1.693216298E-05
39 0.0001931103643 -1.693950564E-05
39.2 0.0001898047722 8.473427332E-06
39.4 0.0001763237847 7.629394531E-05
39.6 0.0001628310899 2.544235779E-05
39.8 0.0001527204605 4.616488903E-21
40 0.000145996306 1.697631465E-05
40.2 0.0001392663043 -1.698369565E-05
40.4 0.000132530448 -2.548662462E-05
40.6 0.0001325881201 1.499113645E-20
40.8 0.0001326458424 1.700587723E-05
41 0.000132703615 5.95464939E-05
41.2 0.0001361655773 1.702069717E-05
41.4 0.0001362249346 2.554217524E-05
41.6 0.0001294701265 5.962440035E-05
41.8 0.0001329352094 2.556446335E-05
42 0.0001295831515 5.1151244E-05
42.2 0.00013305131 5.970251092E-05
42.4 0.000129696374 0.0001023918742
42.6 0.0001263385052 7.682746941E-05
42.8 0.0001195616528 2.014669719E-21
43 0.0001196139545 4.271926947E-05
43.2 0.000119666302 3.419037199E-05
43.4 0.0001231392294 -3.420534151E-05
43.6 0.0001197711345 1.711016207E-05
43.8 0.0001266706836 4.279414987E-05
44 0.0001267262166 2.56877466E-05
44.2 0.0001267817982 7.709703947E-05
44.4 0.0001302654673 9.427106187E-05
44.6 0.0001303226514 5.144315189E-05
44.8 0.0001269488362 5.14657444E-05
45 0.0001270046134 5.148835677E-05
45.2 0.0001270604396 5.151098901E-05
45.4 0.0001236807388 6.012258135E-05
45.6 0.0001134238891 8.592718874E-05
45.8 0.0001134738116 6.877200704E-05
46 0.0001100836636 5.160171731E-05
46.2 0.0001101321586 4.302037445E-05
46.4 0.0001032944028 8.607866902E-05
46.6 9.989528219E-05 0.0001033399471
46.8 9.649316277E-05 5.169276577E-05
47 9.30880406E-05 8.619263019E-05
47.2 8.96799117E-05 6.898454746E-05
47.4 8.626877208E-05 7.764189488E-05
47.6 7.940234202E-05 7.767620415E-05
47.8 8.289124668E-05 5.180702918E-05
48 7.6017249E-05 6.910659E-05
48.2 7.259402655E-05 8.642146018E-05
48.4 7.608455069E-05 4.322985834E-05
48.6 7.611824624E-05 1.729960142E-05
48.8 7.269051839E-05 7.788269827E-05
49 7.272273936E-05 6.06022828E-05
49.2 7.275498891E-05 2.598392461E-05
49.4 6.932120674E-05 8.665150843E-06
49.6 7.28195739E-05 2.600699068E-05
49.8 7.285190941E-05 3.469138544E-05
50 6.247223456E-05 -8.676699245E-06
50.2 6.25E-05 3.472222222E-05
50.4 5.210649177E-05 8.684415296E-06
50.6 4.865435943E-05 -8.68827847E-06
50.8 4.519915443E-05 5.215287049E-05
51 4.521927872E-05 3.478406055E-05
51.2 4.523942094E-05 -2.609966592E-05
51.4 4.874108734E-05 -4.351882799E-05
51.6 4.179670085E-05 9.587080154E-21
51.8 4.52999554E-05 8.711529884E-06
52 4.532016957E-05 -8.715417224E-06
52.2 4.534040179E-05 -2.615792411E-05
52.4 4.187137115E-05 -6.978561858E-05
52.6 4.538092046E-05 -6.981680071E-05
52.8 4.190880644E-05 -1.746200268E-05
53 3.843358676E-05 -8.372233406E-21
53.2 3.8450783E-05 1.747762864E-05
53.4 3.846799463E-05 -1.74854521E-05
53.6 4.198387819E-05 -8.74664129E-05
53.8 4.200268817E-05 -8.750560036E-05
54 4.902510085E-05 -2.626344688E-05
54.2 4.554372197E-05 -2.627522422E-05
54.4 4.556415433E-05 -7.886103634E-05
54.6 4.207809695E-05 -6.136389138E-05
54.8 4.560507409E-05 -6.139144589E-05
55 4.562556155E-05 -3.50965858E-05
55.2 4.213483146E-05 -2.633426966E-05
55.4 3.864096223E-05 -6.147425809E-05
55.6 3.514394962E-05 -1.757197481E-05
55.8 3.164378938E-05 -1.757988299E-05
56 2.814047726E-05 -8.793899145E-06
56.2 2.463400901E-05 4.39893018E-05
56.4 2.464511041E-05 3.520730059E-05
56.6 2.817853922E-05 -1.761158702E-05
56.8 2.819124944E-05 -5.285859269E-05
57 2.820397112E-05 -2.644122292E-05
57.2 2.821670429E-05 1.763544018E-05
57.4 3.175813008E-05 3.52868112E-05
57.6 3.17724808E-05 2.647706733E-05
57.8 3.178684448E-05 -2.648903707E-05
58 2.826775215E-05 -4.416836273E-05
58.2 2.121040724E-05 2.651300905E-05
58.4 2.475667723E-05 8.841670439E-06
58.6 2.830615942E-05 -8.845674819E-06
58.8 2.477911192E-05 -1.070140975E-20
59 2.479034451E-05 -2.656108341E-05
59.2 2.48015873E-05 -2.907976847E-20
59.4 2.835753176E-05 3.54469147E-05
59.6 3.191670449E-05 2.659725374E-05
59.8 2.838328792E-05 -8.869777475E-06
60 2.484666061E-05 8.87380736E-06
60.2 2.840909091E-05 -2.224829627E-20
60.4 3.197476126E-05 -4.440939063E-05
60.6 3.554367607E-05 -3.554367607E-05
60.8 3.911583978E-05 -4.444981793E-05
61 3.913365209E-05 -2.668203552E-05
61.2 3.559225513E-05 1.779612756E-05
61.4 3.560847767E-05 4.451059708E-05
61.6 3.5624715E-05 4.453089375E-05
61.8 3.207687044E-05 8.910241788E-06
62 3.209151073E-05 1.782861707E-05
62.2 3.210616438E-05 1.783675799E-05
62.4 3.56898127E-05 -8.922453175E-06
62.6 3.927673675E-05 -2.072762851E-20
62.8 3.929469593E-05 -8.930612711E-06
63 3.931267155E-05 -1.786939616E-05
63.2 3.575514874E-05 -1.787757437E-05
63.4 3.577152015E-05 -3.577152015E-05
63.6 3.578790655E-05 -9.535813885E-21
63.8 3.938473877E-05 4.475538497E-05
64 3.582072444E-05 3.582072444E-05
64.2 3.583715596E-05 8.959288991E-06
64.4 3.585360257E-05 -7.170720514E-05
64.6 3.945707071E-05 -0.0001076101928
64.8 3.588654111E-05 -6.280144695E-05
65 3.590303309E-05 -5.385454963E-05
65.2 3.591954023E-05 -7.183908046E-05
65.4 3.952966881E-05 -2.695204692E-05
65.6 3.235734008E-05 -8.988150023E-06
65.8 3.596915285E-05 -6.29460175E-05
66 3.598572087E-05 -8.996430216E-05
66.2 3.960253456E-05 -4.500288018E-05
66.4 3.962079299E-05 -7.846230809E-21
66.6 4.324261993E-05 -4.504439576E-05
66.8 4.686778957E-05 -5.407821874E-05
67 4.688942752E-05 -4.5085988E-05
67.2 4.691108545E-05 -6.314953811E-05
67.4 5.054297597E-05 -2.707659427E-05
67.6 4.69544614E-05 -2.708911234E-05
67.8 4.697617946E-05 -7.227104533E-05
68 4.699791763E-05 -6.326642758E-05
68.2 4.701967593E-05 -3.616898148E-05
68.4 4.704145438E-05 -1.809286707E-05
68.6 4.706325301E-05 -1.810125116E-05
68.8 5.070700046E-05 -1.810964302E-05
69 5.435412801E-05 -8.153119202E-05
69.2 5.800464037E-05 -6.344257541E-05
69.4 5.803156917E-05 -1.813486537E-05
69.6 5.805852299E-05 -4.535822109E-05
69.8 5.445515799E-05 -4.537929833E-05
70 5.811250581E-05 -2.72402371E-05
70.2 6.177325581E-05 -2.725290698E-05
70.4 6.543741275E-05 -8.179676594E-05
70.6 6.546787709E-05 -8.183484637E-05
70.8 6.549836982E-05 -3.638798323E-05
71 6.552889096E-05 -4.550617428E-05
71.2 6.191724942E-05 -3.642191142E-05
71.4 6.559001866E-05 -2.732917444E-05
71.6 6.562062529E-05 -5.468385441E-05
71.8 6.200396825E-05 -7.2945845E-05
72 5.838393274E-05 -5.473493695E-05
72.2 5.110981308E-05 -3.650700935E-05
72.4 4.748129967E-05 -6.391713417E-05
72.6 4.750350795E-05 -4.567644995E-05
72.8 4.386991109E-05 -5.483738886E-05
73 4.389044944E-05 -4.571921816E-05
73.2 3.659250585E-05 -9.684168388E-21
73.4 3.294868791E-05 -1.891652887E-20
73.6 2.930145335E-05 -3.662681669E-05
73.8 3.297959662E-05 -4.580499531E-05
74 3.299507274E-05 9.165297982E-06
74.2 3.301056338E-05 1.839290344E-20
74.4 2.93565054E-05 -1.834781588E-05
74.6 2.937030075E-05 -7.708847538E-21
74.8 2.938410907E-05 -9.182534086E-06
75 3.307267168E-05 9.186853246E-06
75.2 3.308823529E-05 4.595588235E-05
75.4 3.310381356E-05 2.75865113E-05
75.6 2.943947244E-05 -1.839967028E-05
75.8 2.94533459E-05 -1.840834119E-05
76 2.578382838E-05 1.841702027E-05
76.2 2.211084906E-05 6.448997642E-05
76.4 1.474752242E-05 8.295481359E-05
76.6 1.106586402E-05 1.84431067E-05
76.8 1.476145489E-05 -9.225909306E-06
77 1.846053875E-05 1.846053875E-05
77.2 1.846926714E-05 4.617316785E-05
77.4 1.847800378E-05 2.771700568E-05
77.6 2.218409844E-05 -2.773012305E-05
77.8 2.589370265E-05 -4.623875473E-05
78 2.960682141E-05 -2.775639507E-05
78.2 3.332345972E-05 -4.628258294E-05
78.4 3.704362257E-05 -2.778271693E-05
78.6 4.076731499E-05 -9.265298861E-06
78.8 4.07866635E-05 -9.269696251E-06
79 4.451566952E-05 -9.274097816E-06
79.2 4.824821853E-05 -2.783551069E-05
79.4 5.198431559E-05 -9.282913498E-06
79.6 5.200903471E-05 -9.287327627E-06
79.8 5.575047574E-05 -1.858349191E-05
80 5.949547834E-05 -1.859233698E-05
80.2 6.324404762E-05 -1.860119048E-05
80.4 7.071819914E-05 -9.305026203E-06
80.6 7.447569113E-05 2.315169558E-20
80.8 7.823676681E-05 3.308962281E-21
81 8.572876908E-05 9.318344466E-06
81.2 8.576968974E-05 -1.656060598E-20
81.4 9.327244508E-05 9.327244508E-06
81.6 0.0001007823698 1.866340182E-05
81.8 0.0001045650096 4.668080784E-05
82 0.0001083512673 5.604375897E-05
82.2 0.0001158791866 2.803528708E-05
82.4 0.0001271541407 1.869913834E-05
82.6 0.0001272150383 -4.529299532E-21
82.8 0.0001310194058 9.358528989E-06
83 0.0001348274209 4.68150767E-05
83.2 0.0001348920863 2.810251799E-05
83.4 0.0001424544146 1.874400192E-05
83.6 0.0001462734037 5.625900144E-05
83.8 0.0001463436599 3.752401537E-05
84 0.0001464139837 -1.877102355E-05
84.2 0.0001539963942 -1.878004808E-05
84.4 0.0001578282828 1.022846919E-21
84.6 0.0001654234841 9.399061598E-06
84.8 0.0001655031295 9.403586904E-06
85 0.0001731093449 9.40811657E-06
85.2 0.0001844879518 9.412650602E-06
85.4 0.0001883437801 -9.417189007E-06
85.6 0.0001959720212 -9.42173179E-06
85.8 0.0001998371139 1.172110457E-20
86 0.000199933607 9.430830517E-06
86.2 0.0002038043478 1.005636798E-20
86.4 0.0002076788304 -1.887989367E-05
86.6 0.0002040014507 -3.777804642E-05
86.8 0.0002078797775 -3.779632317E-05
87 0.0002079803969 -3.781461762E-05
87.2 0.0002042978208 -4.729116223E-05
87.4 0.0002043968023 -5.042800802E-21
87.6 0.0002044958798 -3.786960737E-05
87.8 0.0002045950533 -5.683195926E-05
88 0.0002084849588 1.895317807E-05
88.2 0.0002047936893 -9.48118932E-06
88.4 0.0002010988344 -4.742897037E-05
88.6 0.0001974003887 -4.745201652E-05
88.8 0.0002012943607 1.899003403E-05
89 0.0002013922665 2.849890564E-05
89.2 0.0001976885645 9.504257908E-06
89.4 0.0001939812561 1.90177702E-05
89.6 0.0001902703361 2.854055041E-05
89.8 0.0001789412768 2.855445906E-05
90 0.0001676011702 1.904558752E-05
90.2 0.00015625 4.763719512E-05
90.4 0.0001487005857 3.81283553E-05
90.6 0.0001449584961 1.907348633E-05
90.8 0.0001373961895 3.816560821E-05
91 0.0001260080645 7.636852395E-05
91.2 0.000114608802 4.775366748E-05
91.4 0.0001108427104 3.822162427E-05
91.6 0.000107072932 4.780041605E-05
91.8 0.0001109512733 9.564764936E-06
92 0.0001110056345 -1.019925611E-20
92.2 0.000111060049 3.829656863E-05
92.4 0.0001072829819 2.8736513E-05
92.6 0.000103502208 9.583537782E-06
92.8 9.971772214E-05 -9.588242514E-06
93 9.592951866E-05 -1.918590373E-05
93.2 9.213759214E-05 1.91953317E-05
93.4 8.834193707E-05 5.761430678E-05
93.6 8.838539105E-05 8.64639695E-05
93.8 8.84288878E-05 4.805917815E-05
94 8.46258001E-05 9.616568193E-06
94.2 7.697044335E-05 2.886391626E-05
94.4 7.315795959E-05 5.775628388E-05
94.6 7.319403353E-05 3.852317554E-05
94.8 6.937592501E-05 -4.325025708E-21
95 6.555404738E-05 9.640301086E-06
95.2 6.172839506E-05 1.232652059E-20
95.4 5.789896245E-05 3.85993083E-05
95.6 5.020390509E-05 4.827298566E-05
95.8 4.636498516E-05 9.659371909E-06
96 4.638792677E-05 9.66415141E-06
96.2 3.867574257E-05 1.717547996E-20
96.4 3.095591877E-05 2.902117385E-05
96.6 2.709985134E-05 9.678518335E-06
96.8 2.323996034E-05 -9.683316807E-06
97 1.937624008E-05 1.937624008E-05
97.2 1.550868486E-05 4.84646402E-05
97.4 1.163728898E-05 6.78841857E-05
97.6 7.762046696E-06 -1.034112355E-20
97.8 3.882952286E-06 -3.882952286E-05
98 3.884883143E-06 -9.712207857E-06
98.2 3.88681592E-06 -9.717039801E-06
98.4 3.888750622E-06 -1.944375311E-05
98.6 3.890687251E-06 -5.836030876E-05
98.8 3.89262581E-06 -3.89262581E-05
99 0 -1.947283151E-05
99.2 0 -2.922381546E-05
99.4 0 -4.659663936E-20
99.6 0 9.750998502E-06
99.8 0 -9.755869131E-06
100 0 -9.760744628E-06
100.2 0 1.953125E-05
100.4 0 1.954102051E-05
100.6 0 3.91016016E-05
100.8 0 2.934088633E-05
101 0 -2.255441324E-20
101.2 0 9.790100251E-06
101.4 0 2.938503009E-05
101.6 0 2.939977421E-05
101.8 0 2.941453313E-05
102 0 2.942930688E-05
102.2 0 1.962939698E-05
102.4 0 -2.405646549E-20
102.6 0 9.824572435E-06
102.8 0 3.931806744E-05
103 0 1.966893253E-05
103.2 0 -2.951826196E-05
103.4 0 9.84438004E-06
103.6 0 5.909606657E-05
103.8 0 4.927156912E-05
104 0 9.859288238E-06
104.2 0 -4.932133838E-05
104.4 0 -3.947700859E-05
104.6 0 -9.874241658E-06
104.8 0 -9.879236216E-06
105 0 -1.976847166E-05
105.2 0 -4.944620253E-05
105.4 0 -5.936550152E-05
105.6 0 -6.929485555E-05
105.8 0 -6.932999493E-05
106 0 -2.972792998E-05
106.2 0 -1.98286802E-05
106.4 0 -4.959687659E-05
106.6 0 -5.95464939E-05
106.8 0 -1.985892222E-05
107 0 9.934511699E-06
107.2 0 2.981870229E-05
107.4 0 1.988925662E-05
107.6 0 -1.989938869E-05
107.8 0 9.954765545E-06
108 0 -1.411732599E-20
108.2 0 -1.992984694E-05
108.4 0 -3.748643268E-20
108.6 0 9.975102145E-06
108.8 0 1.996039857E-05
109 0 -9.985301636E-06
109.2 0 -3.996163683E-05
109.4 0 -4.997761003E-05
109.6 0 -9.000576037E-05
109.8 0 -7.004034324E-05
110 0 -2.00217837E-05
110.2 0 1.001602564E-05
110.4 0 2.00423294E-05
110.6 0 -2.005261807E-05
110.8 0 -2.006291731E-05
111 0 -1.003661357E-05
111.2 0 3.012532134E-05
111.4 0 6.02816358E-05
111.6 0 5.026055069E-05
111.8 0 8.045829042E-05
112 0 6.03748068E-05
112.2 0 5.03382732E-05
112.4 0 5.036423414E-05
112.6 0 5.039022188E-05
112.8 0 6.049948374E-05
113 0 8.070764463E-05
113.2 0 8.074935401E-05
113.4 0 8.079110651E-05
113.6 0 3.031233833E-05
113.8 0 2.02186853E-05
114 0 8.091662351E-05
114.2 0 1.011981865E-05
114.4 0 -1.01250648E-05
114.6 0 1.013031639E-05
114.8 0 4.054229372E-05
115 0 0.0001115491952
115.2 0 5.073051948E-05
115.4 0 3.045413202E-05
115.6 0 2.031331253E-05
115.8 0 2.002910694E-20
116 0 3.050169183E-05
116.2 0 4.069010417E-05
116.4 0 9.160044294E-05
116.6 0 0.0001018313347
116.8 0 -1.018844549E-05
117 0 -4.077505219E-05
117.2 0 3.059725849E-05
117.4 0 3.061324451E-05
117.6 0 2.041949817E-05
117.8 0 6.129053347E-05
118 0 4.088173731E-05
118.2 0 -1.022578534E-05
118.4 0 4.092456784E-05
118.6 0 9.212853774E-05
118.8 0 3.072561615E-05
119 0 1.024724554E-05
119.2 0 1.025262467E-05
119.4 0 -2.051601891E-05
119.6 0 5.131699947E-05
119.8 0 6.161277603E-05
120 0 -3.858902556E-21
120.2 0 -1.027960526E-05
120.4 4.114007372E-06 -2.057003686E-05
120.6 4.116174921E-06 4.116174921E-05
120.8 4.118344755E-06 5.147930944E-05
121 0 -1.030129219E-05
121.2 4.122691293E-06 -1.030672823E-05
121.4 1.237460401E-05 3.093651003E-05
121.6 1.238114105E-05 4.127047015E-05
121.8 8.25845666E-06 4.12922833E-05
122 4.131411951E-06 2.065705976E-05
122.2 8.267195767E-06 -2.066798942E-05
122.4 1.240735839E-05 -1.033946533E-05
122.6 1.241393008E-05 3.103482521E-05
122.8 1.242050874E-05 3.105127186E-05
123 1.242709438E-05 2.071182397E-05
123.2 1.2433687E-05 3.108421751E-05
123.4 1.244028662E-05 2.073381104E-05
123.6 1.244689326E-05 3.111723314E-05
123.8 1.245350691E-05 4.151168969E-05
124 1.246012759E-05 3.115031898E-05
124.2 1.246675532E-05 4.155585106E-05
124.4 1.24733901E-05 4.1577967E-05
124.6 1.248003195E-05 3.120007987E-05
124.8 8.324453916E-06 -1.040556739E-05
125 1.249333689E-05 -6.246668443E-05
125.2 1.25E-05 -3.125E-05
125.4 1.250667022E-05 -3.969914709E-20
125.6 8.342231714E-06 -2.085557928E-05
125.8 8.346688034E-06 -6.260016026E-05
126 1.252672368E-05 -2.08778728E-05
126.2 1.253342246E-05 3.133355615E-05
126.4 8.360085607E-06 -2.090021402E-05
126.6 1.254684154E-05 -7.318990899E-05
126.8 1.255356186E-05 -9.415171398E-05
127 1.256028939E-05 -6.280144695E-05
127.2 8.378016086E-06 -1.119721054E-20
127.4 8.38251073E-06 -4.122817108E-20
127.6 1.25805153E-05 -4.193505099E-05
127.8 1.258727175E-05 -0.0001048939313
128 1.259403546E-05 -9.445526599E-05
128.2 1.260080645E-05 -2.100134409E-05
128.4 1.260758472E-05 -2.989962978E-21
128.6 1.261437029E-05 -2.102395048E-05
128.8 1.682821756E-05 -9.465872375E-05
129 2.10466056E-05 -5.261651401E-05
129.2 2.105795148E-05 2.105795148E-05
129.4 2.10693096E-05 1.05346548E-05
129.6 2.529681597E-05 -2.108067998E-05
129.8 3.374730022E-05 -6.32761879E-05
130 2.954484063E-05 -3.165518639E-05
130.2 2.956081081E-05 -1.055743243E-05
130.4 3.380205516E-05 -2.112628448E-05
130.6 4.22754329E-05 1.871394089E-20
130.8 4.22983216E-05 -1.05745804E-05
131 4.23212351E-05 -3.174092633E-05
131.2 5.081300813E-05 1.058604336E-05
131.4 5.084056399E-05 5.295892082E-05
131.6 5.086814976E-05 -3.17925936E-05
131.8 5.089576547E-05 -6.361970684E-05
132 5.092341119E-05 2.1218088E-05
132.2 5.095108696E-05 3.184442935E-05
132.4 5.097879282E-05 -2.124116368E-05
132.6 5.100652884E-05 -2.125272035E-05
132.8 4.678143713E-05 1.06321448E-05
133 5.10620915E-05 -2.127587146E-05
133.2 5.534741144E-05 -2.128746594E-05
133.4 5.537758997E-05 -1.867154567E-20
133.6 5.540780142E-05 4.262138571E-05
133.8 5.970251092E-05 3.198348799E-05
134 5.546832332E-05 -1.066698525E-05
134.2 5.12295082E-05 -3.201844262E-05
134.4 5.125751777E-05 -2.135729907E-05
134.6 5.128555799E-05 -3.205347374E-05
134.8 5.13136289E-05 -4.276135742E-05
135 4.706325301E-05 -4.278477547E-05
135.2 4.70890411E-05 -2.140410959E-05
135.4 4.28316886E-05 3.212376645E-05
135.6 3.428414701E-05 -4.285518376E-05
135.8 3.00150933E-05 -1.071967618E-05
136 2.574135091E-05 2.145112576E-05
136.2 2.575549451E-05 -2.146291209E-05
136.4 2.576965366E-05 2.147471138E-05
136.6 2.578382838E-05 -2.148652365E-05
136.8 3.00976885E-05 -8.599339571E-05
137 3.011426211E-05 -5.377546806E-05
137.2 2.582644628E-05 -1.076101928E-05
137.4 2.153390298E-05 1.076695149E-05
137.6 2.154578047E-05 -4.309156095E-05
137.8 2.155767108E-05 -7.545184879E-05
138 2.156957482E-05 -5.392393705E-05
138.2 1.726519337E-05 -3.237223757E-05
138.4 1.727473742E-05 2.159342178E-05
138.6 8.642146018E-06 -2.160536504E-05
138.8 8.646928611E-06 -5.404330382E-05
139 4.32585825E-06 2.89380822E-20
139.2 4.328254848E-06 4.328254848E-05
139.4 0 2.165327051E-05
139.6 0 -1.083264004E-05
139.8 0 -3.25159545E-05
140 0 -3.253400888E-05
140.2 0 -2.170138889E-05
140.4 0 -2.171345192E-05
140.6 0 -2.172552836E-05
140.8 0 -7.608166388E-05
141 0 -5.437430401E-05
141.2 0 1.088091922E-05
141.4 0 -2.177396878E-05
141.6 0 -4.357222532E-05
141.8 0 -4.359654018E-05
142 0 -8.724176438E-05
142.2 0 -2.18226257E-05
142.4 0 -1.091741196E-05
142.6 0 -2.184703579E-05
142.8 0 4.371852266E-05
143 0 2.898141071E-20
143.2 0 -6.56512605E-05
143.4 0 -2.189602018E-05
143.6 0 3.286245093E-05
143.8 4.384118967E-06 3.288089226E-05
144 8.773161145E-06 3.28993543E-05
144.2 8.778089888E-06 3.291783708E-05
144.4 4.391512085E-06 2.195756043E-05
144.6 4.393982002E-06 -4.393982002E-05
144.8 8.792909398E-06 -3.297341024E-05
145 8.79786036E-06 4.39893018E-05
145.2 8.802816901E-06 4.401408451E-05
145.4 8.80777903E-06 1.128667807E-20
145.6 1.321912014E-05 -1.101593345E-05
145.8 1.322658014E-05 -2.204430023E-05
146 1.323404856E-05 -3.30851214E-05
146.2 2.206920904E-05 -3.310381356E-05
146.4 2.208168457E-05 -5.520421142E-05
146.6 2.209417421E-05 -3.314126131E-05
146.8 2.652801358E-05 -4.421335597E-05
147 3.096687429E-05 -8.847678369E-05
147.2 3.541076487E-05 -7.746104816E-05
147.4 3.985969388E-05 -5.536068594E-05
147.6 4.431366988E-05 -4.431366988E-05
147.8 4.877270148E-05 -2.216940976E-05
148 5.323679727E-05 -2.218199886E-05
148.2 5.770596591E-05 -6.658380682E-05
148.4 7.106310404E-05 -7.772527004E-05
148.6 7.999146758E-05 -2.22198521E-05
148.8 7.559049516E-05 1.935708576E-20
149 6.673547836E-05 -4.449031891E-05
149.2 6.232193732E-05 -1.112891738E-05
149.4 5.790336374E-05 3.340578677E-05
149.6 5.793639475E-05 1.114161438E-05
149.8 6.242865297E-05 -1.489931343E-20
150 6.246430611E-05 -2.230868075E-05
150.2 5.803571429E-05 2.232142857E-05
150.4 4.913522013E-05 4.466838193E-05
150.6 4.916332952E-05 -2.234696796E-05
150.8 4.471951918E-05 -1.117987979E-05
151 4.027061856E-05 -3.35588488E-05
151.2 3.581661891E-05 -3.357808023E-05
151.4 3.135751147E-05 -1.119911124E-05
151.6 3.137550201E-05 -3.361660929E-05
151.8 3.13935132E-05 -4.4847876E-05
152 3.141154509E-05 -5.60920448E-05
152.2 2.693965517E-05 -3.367456897E-05
152.4 1.797009776E-05 -5.615655549E-05
152.6 1.348532796E-05 -4.495109321E-05
152.8 8.995394358E-06 9.198911801E-22
153 9.000576037E-06 2.250144009E-05
153.2 9.005763689E-06 1.125720461E-05
153.4 4.505478662E-06 -2.252739331E-05
153.6 4.508078477E-06 1.127019619E-05
153.8 4.510681293E-06 2.255340647E-05
154 0 1.045140257E-20
154.2 4.515895954E-06 2.257947977E-05
154.4 0 3.388880856E-05
154.6 0 1.130280671E-05
154.8 0 1.807341664E-21
155 0 1.131590382E-05
155.2 0 3.39673913E-05
155.4 0 2.265806265E-05
155.6 4.5342426E-06 -1.13356065E-05
155.8 9.073751452E-06 -1.134218931E-05
156 9.079023823E-06 5.67438989E-05
156.2 9.084302326E-06 9.084302326E-05
156.4 9.089586969E-06 3.408595113E-05
156.6 9.094877765E-06 1.136859721E-05
156.8 9.100174723E-06 2.275043681E-05
157 9.105477855E-06 -1.138184732E-05
157.2 9.110787172E-06 -1.138848397E-05
157.4 9.116102684E-06 1.139512835E-05
157.6 9.121424402E-06 -3.420534151E-05
157.8 1.36901285E-05 -5.70422021E-05
158 1.8264173E-05 -2.283021625E-05
158.2 2.284356725E-05 4.66033088E-21
158.4 2.285693388E-05 -1.142846694E-05
158.6 2.744437939E-05 -3.369010707E-20
158.8 3.203719977E-05 3.703369196E-21
159 3.663540445E-05 -1.144856389E-05
159.2 4.123900293E-05 2.291055718E-05
159.4 4.584800469E-05 3.438600352E-05
159.6 5.046241926E-05 3.440619495E-05
159.8 5.508225617E-05 1.34154799E-21
160 5.970752499E-05 -2.296443269E-05
160.2 6.433823529E-05 1.148897059E-05
160.4 6.437610359E-05 6.89743967E-05
160.6 6.441401649E-05 4.601001178E-05
160.8 6.445197407E-05 -3.396256233E-20
161 7.370283019E-05 -3.454820165E-05
161.2 7.835545723E-05 1.152286136E-05
161.4 8.301357733E-05 5.764831759E-05
161.6 7.844802126E-05 6.921884229E-05
161.8 8.311170213E-05 6.925975177E-05
162 8.316085157E-05 2.310023655E-05
162.2 8.321005917E-05 1.155695266E-05
162.4 7.863380699E-05 2.312759029E-05
162.6 7.8680391E-05 2.314129147E-05
162.8 6.946502667E-05 5.788752223E-05
163 6.950622776E-05 8.109059905E-05
163.2 6.491097923E-05 3.477373887E-05
163.4 6.031027316E-05 1.159812945E-05
163.6 5.570409982E-05 4.642008318E-05
163.8 4.644768133E-05 5.805960166E-05
164 4.182778108E-05 -5.537180007E-22
164.2 4.650297619E-05 -3.487723214E-05
164.4 3.722453842E-05 6.124130805E-21
164.6 2.793504172E-05 1.163960072E-05
164.8 2.329308289E-05 2.329308289E-05
165 2.330698091E-05 1.165349045E-05
165.2 2.332089552E-05 3.498134328E-05
165.4 1.866786141E-05 5.833706691E-05
165.6 1.400926479E-05 3.502316198E-05
165.8 1.401764354E-05 2.336273923E-05
166 4.675344105E-06 1.168836026E-05
166.2 4.678143713E-06 3.508607784E-05
166.4 4.680946675E-06 3.510710006E-05
166.6 0 2.341876499E-05
166.8 0 3.43229679E-21
167 0 -3.517031813E-05
167.2 0 -6.078755558E-21
167.4 0 3.521259014E-05
167.6 0 2.348917619E-05
167.8 0 -1.175165463E-05
168 0 -1.175872968E-05
168.2 0 1.176581325E-05
168.4 0 2.354581073E-05
168.6 0 -3.534001809E-05
168.8 0 -2.357423054E-05
169 0 4.717693237E-05
169.2 0 2.360271903E-05
169.4 0 -1.180849456E-05
169.6 0 2.519594544E-20
169.8 0 -2.364558111E-05
170 0 -7.097970927E-05
170.2 0 -4.734848485E-05
170.4 0 -2.368859915E-05
170.6 0 -3.555445995E-05
170.8 4.743472981E-06 -3.557604736E-05
171 9.492709599E-06 -7.119532199E-05
171.2 1.424772036E-05 -2.374620061E-05
171.4 9.504257908E-06 2.376064477E-05
171.6 4.755021302E-06 -3.566265977E-05
171.8 0 -8.446886955E-21
172 4.760816575E-06 1.190204144E-05
172.2 9.527439024E-06 -4.763719512E-05
172.4 1.429987797E-05 -4.766625991E-05
172.6 1.430860806E-05 -2.38476801E-05
172.8 9.544899206E-06 1.193112401E-05
173 4.775366748E-06 -3.581525061E-05
173.2 4.778287462E-06 -8.362003058E-05
173.4 4.78121175E-06 -2.390605875E-05
173.6 4.78413962E-06 1.73801131E-21
173.8 4.787071078E-06 1.19676777E-05
174 9.580012262E-06 -1.197501533E-05
174.2 1.437883436E-05 -3.594708589E-05
174.4 1.438766114E-05 1.198971762E-05
174.6 1.439649877E-05 1.199708231E-05
174.8 1.440534726E-05 -1.974309047E-20
175 9.609471095E-06 3.603551661E-05
175.2 4.807692308E-06 -3.605769231E-05
175.4 0 -4.810652709E-05
175.6 0 -1.20340419E-05
175.8 0 2.408292232E-05
176 0 3.614666872E-05
176.2 0 -3.616898148E-05
176.4 0 2.178131742E-21
176.6 0 1.207122991E-05
176.8 0 -2.415739023E-05
177 0 -2.417233911E-05
177.2 0 -2.41873065E-05
177.4 0 1.210114622E-05
177.6 0 6.054324241E-05
177.8 0 6.058080025E-05
178 0 3.637104283E-05
178.2 0 2.426242236E-05
178.4 0 2.427750155E-05
178.6 0 4.8585199E-05
178.8 0 4.861543248E-05
179 4.864570361E-06 7.296855542E-05
179.2 9.735202492E-06 8.518302181E-05
179.4 1.461190773E-05 1.217658978E-05
179.6 1.949469744E-05 -2.43683718E-05
179.8 1.950686642E-05 2.438358302E-05
180 1.951905059E-05 -2.497738939E-20
180.2 1.953125E-05 -3.662109375E-05
180.4 2.442933083E-05 -2.317934423E-20
180.6 1.955569462E-05 4.888923655E-05
180.8 9.783969944E-06 -1.222996243E-05
181 9.790100251E-06 -3.671287594E-05
181.2 9.796238245E-06 8.571708464E-05
181.4 1.470357591E-05 3.675893977E-05
181.6 1.96170747E-05 -6.130335844E-05
181.8 1.472204774E-05 2.453674623E-05
182 9.820867379E-06 0.000110484758
182.2 4.913522013E-06 6.141902516E-05
182.4 0 3.687460667E-05
182.6 0 3.689782746E-05
182.8 0 2.461405167E-05
183 0 3.694435687E-05
183.2 0 3.696766562E-05
183.4 0 2.466066919E-05
183.6 0 3.701437145E-05
183.8 0 2.661226907E-20
184 4.941492726E-06 -1.235373182E-05
184.2 4.944620253E-06 3.70846519E-05
184.4 4.947751742E-06 1.236937935E-05
184.6 4.950887199E-06 2.823591059E-20
184.8 4.954026633E-06 1.238506658E-05
185 4.957170051E-06 -1.239292513E-05
185.2 4.96031746E-06 1.240079365E-05
185.4 1.489040661E-05 -6.311515148E-21
185.6 1.489987285E-05 -7.449936427E-05
185.8 1.987913486E-05 -6.212229644E-05
186 2.486473584E-05 -4.972947167E-05
186.2 2.98566879E-05 -2.488057325E-05
186.4 2.489643085E-05 2.489643085E-05
186.6 3.487723214E-05 2.491230867E-05
186.8 2.492820676E-05 -4.985641353E-05
187 1.995530013E-05 -0.0001122485632
187.2 2.49600639E-05 -4.99201278E-05
187.4 1.998081841E-05 2.497602302E-05
187.6 1.499520154E-05 3.748800384E-05
187.8 1.000320102E-05 -2.500800256E-05
188 1.501441384E-05 -1.251201153E-05
188.2 5.008012821E-06 3.756009615E-05
188.4 5.011225144E-06 -2.505612572E-05
188.6 0 -7.521662388E-05
188.8 5.017662171E-06 -1.677008441E-20
189 5.020886889E-06 7.531330334E-05
189.2 5.024115756E-06 1.256028939E-05
189.4 5.027348777E-06 -1.256837194E-05
189.6 5.030585963E-06 -1.257646491E-05
189.8 5.03382732E-06 -2.51691366E-05
190 0 -5.037072856E-05
190.2 5.040322581E-06 -6.300403226E-05
190.4 5.043576501E-06 2.52178825E-05
190.6 5.046834625E-06 2.523417313E-05
190.8 0 -3.787572721E-05
191 0 -3.790022639E-05
191.2 0 4.378837898E-22
191.4 0 1.264977332E-05
191.6 0 3.797391445E-05
191.8 0 5.066472114E-05
192 0 1.267439974E-05
192.2 0 -1.268262987E-05
192.4 0 1.26908707E-05
192.6 0 7.619473342E-05
192.8 0 3.812215355E-05
193 0 -3.814697266E-05
193.2 0 -2.544788274E-05
193.4 0 -6.366117992E-05
193.6 0 -7.644324853E-05
193.8 0 -1.27488577E-05
194 0 -3.827155454E-05
194.2 0 -3.829656863E-05
194.4 0 -5.109548725E-05
194.6 0 -5.11289267E-05
194.8 0 -2.558120498E-05
195 0 -5.151257949E-21
195.2 0 3.842213115E-05
195.4 0 -1.281578084E-05
195.6 0 -1.282419567E-05
195.8 0 3.849786465E-05
196 0 6.420529257E-05
196.2 0 7.709703947E-05
196.4 0 2.571593153E-05
196.6 0 1.28664361E-05
196.8 0 8.020782659E-21
197 0 -1.851231246E-20
197.2 0 -6.028429395E-20
197.4 0 -2.580085865E-05
197.6 0 -2.581791143E-05
197.8 0 1.787622729E-21
198 0 -5.170416942E-05
198.2 0 -9.054221854E-05
198.4 0 -2.588634858E-05
198.6 0 -2.367335924E-20
198.8 0 2.614012068E-21
199 0 -2.593791501E-05
199.2 0 -3.893272425E-05
199.4 0 -5.194481383E-05
199.6 0 -3.898453094E-05
199.8 0 -1.300349534E-05
200 0 -3.903647568E-05
200.2 5.208333333E-06 -6.510416667E-05
200.4 5.211807872E-06 -1.302951968E-05
200.6 5.215287049E-06 2.607643525E-05
200.8 0 2.609385438E-05
201 0 -2.611129679E-05
201.2 0 -3.310119357E-20
201.4 0 5.229250335E-05
201.6 0 2.616376423E-05
201.8 0 -4.949322818E-20
202 5.239771965E-06 -2.619885983E-05
202.2 5.243288591E-06 2.621644295E-05
202.4 5.24680994E-06 3.935107455E-05
202.6 5.250336022E-06 -5.114467117E-20
202.8 5.253866846E-06 -4.850045241E-20
203 5.257402423E-06 -4.621206071E-20
203.2 5.260942761E-06 -2.63047138E-05
203.4 5.264487871E-06 -2.632243935E-05
203.6 5.268037761E-06 -6.585047202E-05
203.8 5.271592443E-06 -2.635796221E-05
204 1.582545577E-05 2.637575962E-05
204.2 2.111486486E-05 -1.319679054E-05
204.4 2.112914131E-05 1.320571332E-05
204.6 2.642929635E-05 -2.075973307E-19
204.8 2.644719025E-05 -2.644719025E-05
205 2.64651084E-05 -5.29302168E-05
205.2 3.707627119E-05 -6.620762712E-05
205.4 4.240162822E-05 -6.62525441E-05
205.6 5.303801765E-05 -3.977851324E-05
205.8 4.245923913E-05 -2.653702446E-05
206 4.248810333E-05 -1.327753229E-05
206.2 3.720238095E-05 1.328656463E-05
206.4 3.722770592E-05 -2.4489333E-20
206.6 4.789679837E-05 3.991399864E-05
206.8 5.325494206E-05 6.656867757E-05
207 5.862039563E-05 5.824099399E-21
207.2 5.866040956E-05 1.333191126E-05
207.4 5.336407104E-05 9.338712432E-05
207.6 4.272043746E-05 1.335013671E-05
207.8 4.809336525E-05 -4.007780438E-05
208 4.812628337E-05 -1.336841205E-05
208.2 4.815924658E-05 -2.675513699E-05
208.4 4.283755997E-05 -2.677347498E-05
208.6 4.822530864E-05 2.679183813E-05
208.8 4.289636239E-05 2.681022649E-05
209 4.82915522E-05 -5.365728022E-05
209.2 5.369415808E-05 -5.369415808E-05
209.4 5.373108666E-05 -5.373108666E-05
209.6 5.376806607E-05 -4.032604955E-05
209.8 5.918560606E-05 2.690254821E-05
210 5.384217781E-05 -3.078429928E-20
210.2 5.387931034E-05 -4.040948276E-05
210.4 5.391649413E-05 2.695824707E-05
210.6 4.316298343E-05 5.395372928E-05
210.8 3.779371113E-05 1.813070008E-21
211 4.862551867E-05 -8.053154958E-21
211.2 4.325259516E-05 4.054930796E-05
211.4 3.787222992E-05 5.41031856E-05
211.6 2.165627166E-05 1.353516979E-05
211.8 2.167128988E-05 1.354455617E-05
212 2.710791117E-05 -2.127533231E-20
212.2 3.255208333E-05 -3.053275651E-20
212.4 2.714558721E-05 6.786396803E-05
212.6 2.173157163E-05 4.07466968E-05
212.8 2.718336813E-05 2.718336813E-05
213 2.176183844E-05 4.080344708E-05
213.2 2.722125436E-05 1.361062718E-05
213.4 3.268828452E-05 1.362011855E-05
213.6 3.816294487E-05 1.62084419E-21
213.8 2.727828212E-05 -4.091742318E-05
214 3.275681342E-05 -2.729734451E-05
214.2 3.277972028E-05 -1.365821678E-05
214.4 3.28026592E-05 -2.733554934E-05
214.6 2.735469188E-05 -1.367734594E-05
214.8 3.28486335E-05 2.737386125E-05
215 3.83502805E-05 6.848264376E-05
215.2 3.289473684E-05 5.48245614E-05
215.4 3.291783708E-05 2.74315309E-05
215.6 3.294096978E-05 5.49016163E-05
215.8 2.747011252E-05 5.494022504E-05
216 2.199155524E-05 2.748944405E-05
216.2 2.200704225E-05 2.750880282E-05
216.4 2.202255109E-05 -8.395945216E-21
216.6 1.652856135E-05 -3.227357704E-20
216.8 1.654022583E-05 2.756704305E-05
217 1.655190678E-05 -1.379325565E-05
217.2 1.656360424E-05 -4.14090106E-05
217.4 1.105021216E-05 -2.762553041E-05
217.6 1.658704883E-05 -5.529016277E-05
217.8 1.659879603E-05 -5.532932011E-05
218 1.107370659E-05 -2.474176157E-20
218.2 1.108156028E-05 -3.390783559E-20
218.4 1.108942512E-05 -3.24981747E-20
218.6 1.109730114E-05 5.548650568E-05
218.8 1.110518834E-05 5.552594172E-05
219 1.111308677E-05 5.556543385E-05
219.2 1.112099644E-05 6.950622776E-05
219.4 1.112891738E-05 6.955573362E-05
219.6 1.113684961E-05 0.0001252895581
219.8 1.114479315E-05 8.358594864E-05
220 1.115274804E-05 -3.20846428E-20
220.2 1.116071429E-05 -2.790178571E-05
220.4 1.116869192E-05 -5.584345961E-05
220.6 1.117668097E-05 -1.397085122E-05
220.8 1.118468146E-05 4.194255548E-05
221 1.119269341E-05 4.197260029E-05
221.2 1.120071685E-05 4.200268817E-05
221.4 1.120875179E-05 -2.253753749E-20
221.6 1.121679828E-05 -2.804199569E-05
221.8 1.122485632E-05 2.80621408E-05
222 1.123292595E-05 1.404115744E-05
222.2 5.620503597E-06 -1.468099343E-20
222.4 5.624550036E-06 1.406137509E-05
222.6 1.125720461E-05 -5.628602305E-05
222.8 1.126532084E-05 -7.040825523E-05
223 1.127344877E-05 -1.409181097E-05
223.2 1.128158845E-05 1.410198556E-05
223.4 1.128973988E-05 -2.822434971E-05
223.6 1.129790311E-05 -7.061189443E-05
223.8 1.130607815E-05 -4.239779305E-05
224 5.657132513E-06 -1.414283128E-05
224.2 0 -2.830615942E-05
224.4 0 -5.665337201E-05
224.6 0 -8.504172714E-05
224.8 0 -7.091957153E-05
225 0 -2.838844477E-05
225.2 0 -2.896591099E-20
225.4 0 -2.84297671E-05
225.6 0 -5.690094683E-05
225.8 0 -2.847120991E-05
226 0 -4.273796499E-05
226.2 0 -2.328309925E-21
226.4 0 -1.280381049E-20
226.6 0 -2.855445906E-05
226.8 0 -1.428767374E-05
227 0 -4.289439971E-05
227.2 0 -2.861721612E-05
227.4 0 1.431909824E-05
227.6 0 -2.865920763E-05
227.8 0 -8.60407489E-05
228 0 -4.305198384E-05
228.2 0 2.872242647E-05
228.4 0 5.748712288E-05
228.6 0 4.314709131E-05
228.8 0 2.878592483E-05
229 0 2.880715339E-05
229.2 0 -1.441420664E-05
229.4 0 -1.442485229E-05
229.6 0 5.774205469E-05
229.8 5.778476331E-06 2.889238166E-05
230 0 4.130576249E-20
230.2 0 2.893518519E-05
230.4 0 1.325489228E-20
230.6 0 4.346717359E-05
230.8 0 4.349944321E-05
231 0 -1.451058692E-05
231.2 0 -1.452137546E-05
231.4 5.812872024E-06 -4.359654018E-05
231.6 5.817200298E-06 3.654990902E-20
231.8 5.821535022E-06 1.455383756E-05
232 5.825876212E-06 -1.456469053E-05
232.2 5.830223881E-06 1.45755597E-05
232.4 5.834578043E-06 -1.458644511E-05
232.6 5.838938714E-06 -2.919469357E-05
232.8 0 2.762107369E-20
233 0 1.46191991E-05
233.2 0 1.463014981E-05
233.4 0 -1.464111694E-05
233.6 0 -4.395630158E-05
233.8 0 -1.46631006E-05
234 0 1.467411721E-05
234.2 0 4.405545113E-05
234.4 0 1.469620015E-05
234.6 5.882906627E-06 -4.41217997E-05
234.8 5.887339864E-06 -1.471834966E-05
235 5.891779789E-06 -2.162399554E-20
235.2 0 -5.896226415E-05
235.4 0 -8.851019637E-05
235.6 5.905139834E-06 -2.952569917E-05
235.8 5.909606657E-06 1.477401664E-05
236 5.914080242E-06 1.478520061E-05
236.2 5.918560606E-06 -2.22686573E-21
236.4 0 1.480761941E-05
236.6 0 1.481885432E-05
236.8 0 7.738508898E-21
237 0 2.968275076E-05
237.2 0 -2.653174208E-20
237.4 0 -5.945585997E-05
237.6 0 -4.462585682E-05
237.8 0 -2.977324695E-05
238 0 -2.979595728E-05
238.2 0 -1.440800896E-20
238.4 0 1.492074102E-05
238.6 0 5.158081358E-21
238.8 0 1.494357307E-05
239 0 2.457339781E-21
239.2 0 -2.993295019E-05
239.4 0 1.497795245E-05
239.6 0 4.496834229E-05
239.8 0 1.500096006E-05
240 0 -1.501249039E-05
240.2 0 -3.004807692E-05
240.4 0 -1.713165569E-21
240.6 0 1.504718798E-05
240.8 0 7.9815183E-21
241 0 1.031938881E-20
241.2 0 1.508204633E-05
241.4 0 3.01874034E-05
241.6 6.042150039E-06 1.51053751E-05
241.8 1.814047988E-05 -1.511706656E-05
242 2.420604183E-05 -3.025755229E-05
242.2 3.028100775E-05 1.514050388E-05
242.4 3.636539953E-05 -1.515224981E-05
242.6 4.245923913E-05 -3.032802795E-05
242.8 4.249222999E-05 -3.926076947E-20
243 4.252527216E-05 -1.51875972E-05
243.2 4.255836576E-05 -1.379232435E-20
243.4 4.25915109E-05 -1.521125389E-05
243.6 4.262470772E-05 -3.04462198E-05
243.8 4.265795632E-05 -3.04699688E-05
244 4.269125683E-05 -1.524687744E-05
244.2 4.272460938E-05 4.577636719E-05
244.4 4.275801407E-05 6.108287725E-05
244.6 4.890453834E-05 -1.309378368E-20
244.8 4.282498042E-05 -3.058927173E-05
245 4.285854232E-05 6.122648903E-05
245.2 4.289215686E-05 7.659313725E-05
245.4 4.292582418E-05 -1.16474433E-20
245.6 3.682246661E-05 -5.007385901E-21
245.8 2.456761006E-05 -1.535475629E-05
246 3.073367427E-05 -1.536683714E-05
246.2 1.845472441E-05 -2.79088701E-21
246.4 1.846926714E-05 -3.07821119E-05
246.6 2.464511041E-05 -4.620958202E-05
246.8 2.466456196E-05 -3.083070245E-05
247 2.468404423E-05 -1.542752765E-05
247.2 1.852766798E-05 3.175276613E-20
247.4 1.236155063E-05 -1.545193829E-05
247.6 1.237133808E-05 -3.092834521E-05
247.8 1.857171157E-05 -1.547642631E-05
248 2.478191911E-05 3.097739889E-05
248.2 2.48015873E-05 4.650297619E-05
248.4 2.482128674E-05 1.551330421E-05
248.6 2.484101749E-05 1.552563593E-05
248.8 2.486077963E-05 1.553798727E-05
249 1.244028662E-05 3.110071656E-05
249.2 1.24501992E-05 6.225099602E-05
249.4 1.246012759E-05 3.115031898E-05
249.6 1.247007183E-05 -2.46602503E-20
249.8 1.248003195E-05 1.560003994E-05
250 1.249000799E-05 2.30949706E-20
250.2 1.25E-05 -3.125E-05
250.4 1.251000801E-05 -4.691253002E-05
250.6 1.252003205E-05 -4.695012019E-05
250.8 1.253007217E-05 -3.132518043E-05
251 1.254012841E-05 -3.135032103E-05
251.2 1.25502008E-05 -1.5687751E-05
251.4 1.256028939E-05 -1.570036174E-05
251.6 1.257039421E-05 -1.571299276E-05
251.8 1.25805153E-05 -1.572564412E-05
252 1.25906527E-05 -1.573831587E-05
252.2 1.260080645E-05 3.150201613E-05
252.4 1.261097659E-05 1.576372074E-05
252.6 1.893174475E-05 6.173887238E-20
252.8 1.894704931E-05 -9.80532856E-23
253 1.896237864E-05 -1.58019822E-05
253.2 1.897773279E-05 3.608992671E-20
253.4 1.266207455E-05 5.106046838E-20
253.6 6.336171938E-06 -1.584042985E-05
253.8 6.341314935E-06 -3.170657468E-05
254 6.346466288E-06 1.586616572E-05
254.2 0 6.993402749E-21
254.4 0 -1.589198535E-05
254.6 0 3.180985342E-05
254.8 0 4.775366748E-05
255 0 3.186174551E-05
255.2 0 1.594387755E-05
255.4 0 6.382761438E-05
255.6 0 6.387980376E-05
255.8 0 3.196603928E-05
256 0 3.199221949E-05
256.2 0 3.201844262E-05
256.4 0 3.204470878E-05
256.6 0 1.603550903E-05
256.8 0 1.604868529E-05
257 0 4.818564967E-05
257.2 0 3.215020576E-05
257.4 0 2.832689871E-20
257.6 0 -3.220321517E-05
257.8 0 -1.611489274E-05
258 0 1.612819983E-05
258.2 0 4.842458678E-05
258.4 0 8.077440033E-05
258.6 0 3.233650662E-05
258.8 0 1.618164872E-05
259 0 -2.35315918E-20
259.2 0 -1.48796244E-20
259.4 0 1.622196844E-05
259.6 0 1.623545303E-05
259.8 0 -4.761714154E-20
260 0 -1.586223303E-20
260.2 0 -2.028650847E-20
260.4 0 -1.736170285E-20
260.6 0 4.890964107E-05
260.8 0 6.5267335E-05
261 0 6.532190635E-05
261.2 0 3.268828452E-05
261.4 0 1.635783082E-05
261.6 0 3.274308466E-05
261.8 0 3.277055369E-05
262 0 3.279806885E-05
262.2 0 4.923844538E-05
262.4 0 4.927985702E-05
262.6 0 4.932133838E-05
262.8 0 4.936288964E-05
263 0 1.646817032E-05
263.2 0 3.296413502E-05
263.4 0 4.948796453E-05
263.6 0 1.650993238E-05
263.8 0 1.652390017E-05
264 0 1.653789162E-05
264.2 0 3.310381356E-05
264.4 0 3.313189143E-05
264.6 0 1.658000849E-05
264.8 0 3.318819031E-05
265 0 3.321641156E-05
265.2 0 1.662234043E-05
265.4 0 4.990949744E-05
265.6 0 8.325341006E-05
265.8 0 4.999466724E-05
266 0 5.003736123E-05
266.2 0 6.677350427E-05
266.4 0 5.012296835E-05
266.6 0 5.016588185E-05
266.8 0 6.694515853E-05
267 0 6.70025729E-05
267.2 0 6.706008584E-05
267.4 0 6.711769759E-05
267.6 0 8.396926053E-05
267.8 0 8.404152324E-05
268 0 6.729112834E-05
268.2 0 5.051185345E-05
268.4 0 5.055543572E-05
268.6 0 8.433182211E-05
268.8 0 0.0001012856525
269 0 0.0001013732699
269.2 0 6.764069264E-05
269.4 0 6.769930676E-05
269.6 0 0.0001016370338
269.8 0 8.477105035E-05
270 0 8.484470026E-05
270.2 0 3.39673913E-05
270.4 0 -5.099543081E-05
270.6 0 1.701328397E-05
270.8 0 3.405623365E-05
271 0 -1.704297557E-05
271.2 0 -5.794731022E-21
271.4 6.829108392E-06 -1.707277098E-05
271.6 6.835083115E-06 -3.417541557E-05
271.8 1.36821366E-05 -5.130801226E-05
272 1.369412796E-05 -3.423531989E-05
272.2 1.370614035E-05 -8.566337719E-05
272.4 2.057726076E-05 -0.0001371817384
272.6 2.746045694E-05 -0.0001201394991
272.8 3.435576077E-05 -0.0001030672823
273 4.126320423E-05 -3.438600352E-05
273.2 4.129955947E-05 -3.441629956E-05
273.4 4.133597884E-05 -5.166997354E-05
273.6 3.447705207E-05 -8.619263019E-05
273.8 2.760600707E-05 -8.626877208E-05
274 2.072281167E-05 -5.180702918E-05
274.2 2.074115044E-05 -5.185287611E-05
274.4 1.383968113E-05 -5.189880425E-05
274.6 2.077792553E-05 -8.657468972E-05
274.8 1.386424135E-05 -8.665150843E-05
275 1.387655417E-05 -6.938277087E-05
275.2 2.083333333E-05 -6.944444444E-05
275.4 2.78024911E-05 -5.212967082E-05
275.6 3.478406055E-05 -8.696015138E-05
275.8 4.177807487E-05 -5.222259358E-05
276 4.181534344E-05 5.22691793E-05
276.2 4.185267857E-05 -1.743861607E-05
276.4 4.189008043E-05 -8.727100089E-05
276.6 3.493962433E-05 -5.240943649E-05
276.8 3.497090421E-05 -5.245635631E-05
277 2.800179211E-05 -3.500224014E-05
277.2 2.802690583E-05 -7.594246697E-21
277.4 2.805206463E-05 4.403156545E-23
277.6 2.807726864E-05 -1.75482929E-05
277.8 2.810251799E-05 -5.269222122E-05
278 2.812781278E-05 -7.031953195E-05
278.2 2.815315315E-05 -5.278716216E-05
278.4 2.113390442E-05 -5.283476105E-05
278.6 2.115297834E-05 -5.288244585E-05
278.8 2.117208672E-05 1.50063044E-20
279 1.412748644E-05 -1.765935805E-05
279.2 2.121040724E-05 -5.30260181E-05
279.4 2.122961957E-05 -5.307404891E-05
279.6 2.124886673E-05 -8.85369447E-05
279.8 2.835753176E-05 -8.861728675E-05
280 3.54791099E-05 -1.773955495E-05
280.2 2.840909091E-05 2.444630441E-20
280.4 2.843494086E-05 -7.108735214E-05
280.6 2.846083789E-05 -7.115209472E-05
280.8 3.560847767E-05 -5.34127165E-05
281 3.564096715E-05 -7.128193431E-05
281.2 3.567351598E-05 1.783675799E-05
281.4 3.570612431E-05 1.785306216E-05
281.6 3.573879231E-05 -7.147758463E-05
281.8 3.577152015E-05 -3.577152015E-05
282 3.580430797E-05 -1.790215399E-05
282.2 3.583715596E-05 -3.583715596E-05
282.4 3.587006428E-05 -3.587006428E-05
282.6 3.590303309E-05 -3.590303309E-05
282.8 3.593606256E-05 -1.796803128E-05
283 3.596915285E-05 -1.798457643E-05
283.2 3.600230415E-05 -5.400345622E-05
283.4 3.603551661E-05 -5.405327491E-05
283.6 3.60687904E-05 -1.80343952E-05
283.8 3.610212569E-05 -1.805106285E-05
284 3.613552266E-05 -3.145618772E-20
284.2 3.616898148E-05 3.616898148E-05
284.4 2.896200185E-05 3.620250232E-05
284.6 2.898886827E-05 3.623608534E-05
284.8 2.901578459E-05 5.44045961E-05
285 2.17820632E-05 7.260687732E-05
285.2 1.453488372E-05 3.63372093E-05
285.4 1.454841713E-05 3.637104283E-05
285.6 0 1.820246971E-05
285.8 7.287779851E-06 4.451920796E-20
286 7.2945845E-06 -2.083966633E-21
286.2 0 1.825350467E-05
286.4 0 1.827057998E-05
286.6 0 1.828768727E-05
286.8 0 7.321930647E-05
287 0 1.832199812E-05
287.2 0 1.833920188E-05
287.4 0 0.0001101386278
287.6 0 7.349482596E-05
287.8 0 1.839100753E-05
288 0 7.363336475E-05
288.2 0 5.527712264E-05
288.4 0 1.84431067E-05
288.6 0 1.846053875E-05
288.8 0 9.223006272E-21
289 0 -1.849550189E-05
289.2 0 -7.40521327E-05
289.4 0 -3.706119545E-05
289.6 0 3.709639126E-05
289.8 0 -7.426330798E-05
290 7.433396765E-06 -0.0001115009515
290.2 1.488095238E-05 -1.860119048E-05
290.4 2.234270734E-05 -5.585676835E-05
290.6 2.981870229E-05 -7.454675573E-05
290.8 3.730897803E-05 3.730897803E-05
291 3.734464627E-05 7.468929254E-05
291.2 4.485645933E-05 -5.34252822E-20
291.4 5.238266284E-05 1.870809387E-05
291.6 5.992329818E-05 3.719423288E-20
291.8 6.747840691E-05 -0.0001124640115
292 7.504803074E-05 -0.0001500960615
292.2 8.263221154E-05 -7.512019231E-05
292.4 9.023099134E-05 -3.759624639E-05
292.6 9.031791908E-05 -5.644869942E-05
292.8 9.793876567E-05 -3.766875603E-05
293 0.0001055743243 -7.541023166E-05
293.2 0.0001132246377 -7.548309179E-05
293.4 0.0001133341393 -5.666706963E-05
293.6 0.0001210067764 -1.890730881E-05
293.8 0.000121124031 3.785125969E-05
294 0.0001212415131 -1.894398642E-05
294.2 0.0001213592233 -1.896237864E-05
294.4 0.0001290694849 1.898080661E-05
294.6 0.0001367947471 -1.899927043E-05
294.8 0.0001445350536 3.435738882E-20
295 0.0001522904483 1.903630604E-05
295.2 0.0001524390244 -1.905487805E-05
295.4 0.0001525878906 -1.907348633E-05
295.6 0.0001527370479 3.818426197E-05
295.8 0.0001528864971 -1.911081213E-05
296 0.0001606880509 -9.564764936E-05
296.2 0.000168504902 3.829656863E-05
296.4 0.0001533366045 5.750122669E-05
296.6 0.0001534872299 -1.918590373E-05
296.8 0.0001459562439 1.48053182E-20
297 0.0001384104331 3.844734252E-05
297.2 0.0001308497537 1.924261084E-05
297.4 0.0001232741617 3.552098749E-20
297.6 0.000115683613 5.784180652E-05
297.8 0.0001080780632 -2.823243725E-20
298 0.0001004574679 1.823081088E-20
298.2 9.282178218E-05 3.867574257E-05
298.4 8.517096135E-05 2.406950314E-20
298.6 8.525545635E-05 -1.937624008E-05
298.8 8.534011917E-05 -3.879096326E-05
299 8.54249503E-05 -3.882952286E-05
299.2 8.550995025E-05 1.370634458E-20
299.4 8.559511952E-05 5.836030876E-05
299.6 7.010219342E-05 1.063663714E-20
299.8 7.796906188E-05 -1.607336495E-21
300 7.024225774E-05 1.951173826E-05
300.2 6.25E-05 -3.90625E-05
300.4 5.474224224E-05 3.24068336E-20
300.6 4.696893788E-05 -3.914078156E-05
300.8 3.918004012E-05 -5.877006018E-05
301 3.137550201E-05 -1.960968876E-05
301.2 2.355527638E-05 -1.962939698E-05
301.4 1.57193159E-05 -3.929828974E-05
301.6 1.573514602E-05 -9.834466264E-05
301.8 7.875504032E-06 -3.937752016E-05
302 7.88345106E-06 2.933782003E-20
302.2 0 -3.945707071E-05
302.4 0 4.702079877E-21
302.6 0 1.976847166E-05
302.8 0 -1.130610915E-20
303 0 -1.980856998E-05
303.2 0 -6.821438335E-20
303.4 0 -4.027567501E-20
303.6 0 1.98690234E-05
303.8 0 3.977851324E-05
304 0 3.012183032E-20
304.2 0 5.291705073E-20
304.4 0 3.68455391E-20
304.6 0 1.997060327E-05
304.8 0 -7.286244307E-21
305 8.004610656E-06 -4.002305328E-05
305.2 1.602564103E-05 2.003205128E-05
305.4 8.021047228E-06 4.010523614E-05
305.6 8.029290853E-06 -2.007322713E-05
305.8 8.03755144E-06 -2.00938786E-05
306 8.045829042E-06 -2.011457261E-05
306.2 8.054123711E-06 2.013530928E-05
306.4 8.062435501E-06 6.046826625E-05
306.6 8.070764463E-06 -2.017691116E-05
306.8 8.079110651E-06 -6.059332989E-05
307 8.08747412E-06 -2.02186853E-05
307.2 8.095854922E-06 -2.023963731E-05
307.4 0 -4.052126556E-05
307.6 8.112668744E-06 4.056334372E-05
307.8 0 2.030275468E-05
308 0 -2.166147941E-20
308.2 0 4.069010417E-05
308.4 0 4.073253389E-05
308.6 8.155010438E-06 2.03875261E-05
308.8 1.632706374E-05 -2.040882968E-05
309 2.451621339E-05 -2.043017782E-05
309.2 3.272251309E-05 -2.045157068E-05
309.4 4.094601677E-05 -2.545715793E-20
309.6 4.098898216E-05 2.049449108E-05
309.8 4.103203782E-05 2.051601891E-05
310 4.929022082E-05 2.053759201E-05
310.2 5.756578947E-05 -2.055921053E-05
310.4 6.585879874E-05 -3.281572389E-20
310.6 7.41693038E-05 -6.146038983E-20
310.8 8.249736008E-05 -2.198171247E-20
311 9.084302326E-05 2.064614165E-05
311.2 9.920634921E-05 2.066798942E-05
311.4 0.0001075873941 -3.363063618E-20
311.6 0.0001159862142 -2.071182397E-05
311.8 0.0001244028662 -2.073381104E-05
312 0.0001245350691 -2.075584485E-05
312.2 0.000116356383 2.077792553E-05
312.4 0.0001081602769 5.644119135E-21
312.6 9.99466951E-05 -2.082222814E-05
312.8 9.171558164E-05 -2.084445037E-05
313 8.346688034E-05 -2.086672009E-05
313.2 8.355614973E-05 -2.088903743E-05
313.4 8.364561028E-05 -6.245385253E-21
313.6 7.536173633E-05 -3.724434387E-20
313.8 6.706008584E-05 4.191255365E-05
314 5.87406015E-05 6.293635875E-05
314.2 5.040322581E-05 -6.863702941E-21
314.4 4.204790097E-05 4.204790097E-05
314.6 3.367456897E-05 2.10466056E-05
314.8 3.371089536E-05 -2.10693096E-05
315 3.374730022E-05 2.109206263E-05
315.2 2.533783784E-05 2.111486486E-05
315.4 2.536525974E-05 -1.594823452E-20
315.6 2.539274106E-05 4.23212351E-05
315.8 2.5420282E-05 2.118356833E-05
316 3.393051031E-05 -2.120656895E-05
316.2 4.245923913E-05 -4.824627989E-21
316.4 5.100652884E-05 2.125272035E-05
316.6 5.957244009E-05 2.127587146E-05
316.8 7.667666303E-05 -1.574339112E-20
317 9.381823144E-05 -2.132232533E-05
317.2 0.0001109972678 -2.134562842E-05
317.4 0.000128213895 -2.136898249E-05
317.6 0.0001540251917 -2.139238773E-05
317.8 0.0001627604167 -2.14158443E-05
318 0.0001800905598 -4.287870472E-05
318.2 0.0001974587912 -2.146291209E-05
318.4 0.0002062706271 2.148652365E-05
318.6 0.0002151018722 2.151018722E-05
318.8 0.0002325661521 5.59113411E-20
319 0.0002414459161 -2.155767108E-05
319.2 0.0002676104972 -2.158149171E-05
319.4 0.0002765486726 -2.160536504E-05
319.6 0.0002855066445 -2.162929125E-05
319.8 0.0002944844789 2.165327051E-05
320 0.000303482242 4.211294152E-20
320.2 0.0003125 -4.340277778E-05
320.4 0.0003215378198 -2.172552836E-05
320.6 0.0003218958797 4.349944321E-05
320.8 0.000322254738 2.177396878E-05
321 0.0003226143973 -2.179827009E-05
321.2 0.0003229748603 2.18226257E-05
321.4 0.0003233361298 -2.184703579E-05
321.6 0.0003236982083 -2.187150056E-05
321.8 0.0003240610987 2.189602018E-05
322 0.0003244248036 2.192059484E-05
322.2 0.0003247893258 2.194522472E-05
322.4 0.0003251546682 -2.196991001E-05
322.6 0.0003255208333 -2.19946509E-05
322.8 0.0003258878241 -6.577047761E-20
323 0.0003262556433 2.878855231E-20
323.2 0.0003266242938 4.413841808E-05
323.4 0.0003269937783 2.209417421E-05
323.6 0.0003273640997 2.211919592E-05
323.8 0.0003277352608 2.214427438E-05
324 0.0003281072645 2.216940976E-05
324.2 0.0003284801136 4.438920455E-05
324.4 0.0003199658703 -5.858172241E-20
324.6 0.0003114322323 2.224515945E-05
324.8 0.0003117873432 0.0001113526226
325 0.0002943065068 0.0001560716324
325.2 0.0002767857143 6.696428571E-05
325.4 0.0002681636156 2.291466364E-20
325.6 0.000259521764 4.474513173E-05
325.8 0.0002508600917 2.239822248E-05
326 0.0002421785304 -4.4847876E-05
326.2 0.0002334770115 3.897079944E-20
326.4 0.0002247554661 -3.421872927E-20
326.6 0.0002160138249 -9.896696639E-21
326.8 0.0001982410611 2.252739331E-05
327 0.0001894486143 5.794127627E-20
327.2 0.0001806358382 -2.257947977E-05
327.4 0.0001627604167 -2.260561343E-05
327.6 0.0001448435689 2.321889012E-20
327.8 0.0001359483759 2.265806265E-05
328 0.0001270325203 -1.877297322E-20
328.2 0.0001271802326 -2.271075581E-05
328.4 0.0001182334109 -6.821158324E-05
328.6 0.0001183712121 -0.0001138184732
328.8 0.0001276254376 -9.116102684E-05
329 0.000136901285 -2.281688084E-05
329.2 0.0001187865497 6.853070175E-05
329.4 0.0001006293911 6.861094848E-05
329.6 9.158851114E-05 2.289712778E-05
329.8 8.252640845E-05 6.877200704E-05
330 7.344300823E-05 4.590188014E-05
330.2 9.191176471E-05 -2.297794118E-05
330.4 0.0001012220259 4.601001178E-05
330.6 9.212853774E-05 6.90964033E-05
330.8 9.223730815E-05 6.917798111E-05
331 8.311170213E-05 9.23463357E-05
331.2 8.321005917E-05 2.311390533E-05
331.4 9.256516588E-05 -9.256516588E-05
331.6 9.267497034E-05 -2.316874259E-05
331.8 9.278503563E-05 2.319625891E-05
332 9.289536266E-05 -2.322384067E-05
332.2 9.300595238E-05 2.32514881E-05
332.4 9.311680572E-05 -2.327920143E-05
332.6 0.000102550716 -9.322792363E-05
332.8 0.0001120071685 7.000448029E-05
333 0.0001121411483 4.672547847E-05
333.2 0.0001216317365 -0.0001169535928
333.4 0.0001405125899 -4.683752998E-05
333.6 0.0001406812725 -7.034063625E-05
333.8 0.0001596304087 -7.042518029E-05
334 0.000159822503 2.781416332E-20
334.2 0.0001600150602 -4.706325301E-05
334.4 0.0001790560917 -0.0001413600724
334.6 0.0001887077295 -0.0001179423309
334.8 0.0001983827086 -9.446795647E-05
335 0.0002175393462 -9.458232446E-05
335.2 0.0002178030303 1.520808078E-20
335.4 0.0001991049757 7.11089199E-05
335.6 0.0001993469016 -4.271529565E-20
335.8 0.000209093674 -2.376064477E-05
336 0.0001998325213 4.411649065E-20
336.2 0.0002096036585 -4.763719512E-05
336.4 0.0002193986569 -4.76953602E-05
336.6 0.0002196668704 -2.387683374E-05
336.8 0.0002199357405 -2.254857059E-20
337 0.0002202052696 2.393535539E-05
337.2 0.0002204754601 2.253259426E-20
337.4 0.0002207463145 -2.399416462E-05
337.6 0.0002210178352 -2.402367774E-05
337.8 0.0002212900246 -2.405326355E-05
338 0.0002215628853 8.309883177E-21
338.2 0.0002218364198 4.779870217E-20
338.4 0.0002221106304 2.766885513E-20
338.6 0.0002223855198 2.417233911E-05
338.8 0.0002226610905 2.420229244E-05
339 0.0002229373449 -2.42323201E-05
339.2 0.0002232142857 -2.426242236E-05
339.4 0.0002234919154 2.42925995E-05
339.6 0.0002237702366 7.296855542E-05
339.8 0.00021430798 7.305953865E-05
340 0.0002048220974 2.438358302E-05
340.2 0.000205078125 -2.44140625E-05
340.4 0.0001955569462 -2.444461827E-05
340.6 0.000195802005 2.447525063E-05
340.8 0.0001764429109 4.90119197E-05
341 0.0001668498744 4.907349246E-05
341.2 0.0001572327044 7.370283019E-05
341.4 0.0001475913098 2.459855164E-05
341.6 0.000137925599 -2.462957125E-05
341.8 0.0001282354798 2.466066919E-05
342 0.000128397598 4.938369153E-05
342.2 0.0001087816456 -5.354945171E-20
342.4 9.901774398E-05 -7.426330798E-05
342.6 9.914340102E-05 6.559556655E-21
342.8 8.934243964E-05 2.481734435E-05
343 6.957697201E-05 2.484891858E-05
343.2 6.96656051E-05 4.97611465E-05
343.4 5.978954082E-05 -5.6368356E-20
343.6 5.986590038E-05 4.988825032E-05
343.8 5.994245524E-05 9.990409207E-05
344 4.00128041E-05 -4.886427521E-20
344.2 3.004807692E-05 2.50400641E-05
344.4 3.008664955E-05 5.014441592E-05
344.6 2.008354756E-05 -6.309628326E-20
344.8 1.005469755E-05 -2.513674389E-05
345 1.006765464E-05 -2.51691366E-05
345.2 1.008064516E-05 7.560483871E-05
345.4 0 7.570251938E-05
345.6 0 -1.893649608E-20
345.8 0 2.529954663E-05
346 0 3.372062373E-22
346.2 0 -2.387375158E-20
346.4 0 2.539824447E-05
346.6 0 2.54313151E-05
346.8 0 5.092894394E-05
347 0 1.751115389E-20
347.2 0 -3.844505813E-20
347.4 0 2.556446335E-05
347.6 0 4.195762137E-20
347.8 0 4.347000029E-20
348 0 -2.006383636E-20
348.2 0 -0.0001027960526
348.4 0 -0.0001029314888
348.6 0 -5.153364116E-05
348.8 0 -7.740257596E-05
349 0 8.691795809E-21
349.2 0 7.760761589E-05
349.4 0 2.544112078E-20
349.6 0 -5.187583001E-05
349.8 0 -2.597240691E-05
350 0 1.795021288E-20
350.2 0 -2.604166667E-05
350.4 0 -5.215287049E-05
350.6 0 -2.611129679E-05
350.8 0 5.229250335E-05
351 0 -2.618130027E-05
351.2 0 -7.864932886E-05
351.4 0 -2.625168011E-05
351.6 0 -2.628701211E-05
351.8 0 -5.264487871E-05
352 0 -7.907388664E-05
352.2 0 -2.639358108E-05
352.4 0 1.512954131E-20
352.6 0 -2.64651084E-05
352.8 0 -0.0001060040706
353 0 -7.961107337E-05
353.2 0 4.163432044E-20
353.4 0 5.321866485E-05
353.6 0 6.466918793E-20
353.8 0 1.266240568E-20
354 0 0.0001603112175
354.2 0 0.0001070205479
354.4 0 -2.679183813E-05
354.6 0 2.682864011E-05
354.8 0 2.686554333E-05
355 0 5.380509642E-05
355.2 0 0.0001346982759
355.4 0 8.093059392E-05
355.6 0 -2.701417704E-05
355.8 0 -8.115477839E-05
356 0 -2.708911234E-05
356.2 0 -4.809038581E-20
356.4 0 5.432892907E-05
356.6 0 8.160689415E-05
356.8 0 2.72402371E-05
357 0 2.727828212E-05
357.2 0 8.19493007E-05
357.4 0 5.470938375E-05
357.6 0 0.00010957223
357.8 0 0.0001371576545
358 0 5.494022504E-05
358.2 0 1.180113554E-19
358.4 0 -2.754760226E-05
358.6 0 -2.75865113E-05
358.8 0 -2.762553041E-05
359 0 2.766466006E-05
359.2 0 5.540780142E-05
359.4 0 5.548650568E-05
359.6 0 5.556543385E-05
359.8 0 -2.782229345E-05
360 0 -8.358594864E-05
360.2 0 -2.790178571E-05
360.4 0 5.588340486E-05
360.6 0 3.782865571E-21
360.8 0 -2.376031036E-20
361 0 5.612428161E-05
361.2 0 -5.620503597E-05
361.4 1.125720461E-05 -2.814301153E-05
361.6 1.127344877E-05 2.818362193E-05
361.8 1.128973988E-05 -7.318257735E-20
362 1.130607815E-05 -5.653039074E-05
362.2 1.132246377E-05 -5.599963379E-20
362.4 1.133889695E-05 2.834724238E-05
362.6 1.135537791E-05 2.838844477E-05
362.8 0 2.215436772E-20
363 1.138848397E-05 -2.847120991E-05
363.2 1.140510949E-05 -2.851277372E-05
363.4 1.142178363E-05 -0.0001427722953
363.6 1.143850659E-05 -5.719253294E-05
363.8 1.145527859E-05 -2.863819648E-05
364 1.147209985E-05 -5.736049927E-05
364.2 0 4.402094002E-21
364.4 0 -5.752945508E-05
364.6 0 -0.0001152286136
364.8 0 -0.0001153988183
365 0 -8.667714497E-05
365.2 0 -2.290678022E-20
365.4 0 -8.729608414E-20
365.6 0 -5.80423477E-05
365.8 0 -2.906436012E-05
366 0 -6.072427116E-20
366.2 0 3.282320454E-20
366.4 1.167787743E-05 2.919469357E-05
366.6 0 -2.92383982E-05
366.8 0 6.744893178E-20
367 0 2.93262012E-05
367.2 0 -5.87406015E-05
367.4 0 -5.882906627E-05
367.6 0 -2.616475831E-20
367.8 0 -2.950339879E-05
368 0 -5.909606657E-05
368.2 0 -5.918560606E-05
368.4 0 -5.92754173E-05
368.6 0 -2.968275076E-05
368.8 0 -2.972792998E-05
369 0 -3.815474397E-20
369.2 0 5.963740458E-05
369.4 1.194571865E-05 0.0001194571865
369.6 1.196401225E-05 -2.302554634E-20
369.8 2.396472393E-05 -2.995590491E-05
370 3.600230415E-05 6.000384025E-05
370.2 3.605769231E-05 3.004807692E-05
370.4 2.407550077E-05 -6.018875193E-05
370.6 2.411265432E-05 -3.01408179E-05
370.8 2.414992272E-05 -7.033281471E-21
371 2.41873065E-05 -9.070239938E-05
371.2 2.42248062E-05 -6.05620155E-05
371.4 2.426242236E-05 3.032802795E-05
371.6 2.430015552E-05 -3.03751944E-05
371.8 2.433800623E-05 5.032500875E-20
372 2.437597504E-05 3.04699688E-05
372.2 3.662109375E-05 -3.175868651E-20
372.4 3.667840376E-05 9.169600939E-05
372.6 3.673589342E-05 6.122648903E-05
372.8 3.679356358E-05 9.896645923E-21
373 3.685141509E-05 9.212853774E-05
373.2 2.460629921E-05 9.227362205E-05
373.4 1.232255521E-05 6.406634998E-20
373.6 0 -2.731356467E-20
373.8 1.236155063E-05 3.090387658E-05
374 1.238114105E-05 3.095285261E-05
374.2 1.240079365E-05 9.52585158E-21
374.4 1.242050874E-05 3.105127186E-05
374.6 1.244028662E-05 6.220143312E-05
374.8 1.246012759E-05 9.345095694E-05
375 0 9.360023962E-05
375.2 0 6.25E-05
375.4 0 6.260016026E-05
375.6 0 6.270064205E-05
375.8 0 1.115577798E-20
376 0 -6.290257649E-05
376.2 0 -3.150201613E-05
376.4 0 3.155290792E-05
376.6 0 -6.32079288E-05
376.8 0 -9.496555916E-05
377 0 -6.341314935E-05
377.2 1.270325203E-05 -3.175813008E-05
377.4 0 3.180985342E-05
377.6 0 6.372349103E-05
377.8 0 6.382761438E-05
378 0 -9.589811784E-05
378.2 0 -0.0001921106557
378.4 0 -0.0001603550903
378.6 0 -9.637129934E-05
378.8 0 -6.435337727E-05
379 0 -6.445957096E-05
379.2 0 -3.228305785E-05
379.4 0 3.233650662E-05
379.6 0 3.239013267E-05
379.8 0 -3.244393688E-05
380 0 -3.249792013E-05
380.2 1.302083333E-05 3.255208333E-05
380.4 1.304257095E-05 -3.260642738E-05
380.6 1.306438127E-05 -6.532190635E-05
380.8 1.308626466E-05 -8.077320566E-21
381 1.310822148E-05 3.277055369E-05
381.2 0 6.56512605E-05
381.4 0 6.576178451E-05
381.6 0 3.293634064E-05
381.8 0 1.250671766E-20
382 0 1.674024172E-20
382.2 0 3.310381356E-05
382.4 0 6.632003396E-05
382.6 0 9.964923469E-05
382.8 0 3.32729983E-05
383 0 -3.332977816E-05
383.2 0 3.338675214E-05
383.4 0 0.0001003317637
383.6 0 6.70025729E-05
383.8 0 6.711769759E-05
384 0 6.723321859E-05
384.2 0 -3.367456897E-05
384.4 0 -6.746545769E-05
384.6 0 -5.929971931E-20
384.8 0 6.769930676E-05
385 0 6.781684028E-05
385.2 0 6.793478261E-05
385.4 0 6.805313589E-05
385.6 0 0.0001022578534
385.8 0 0.0001365821678
386 0 0.0001026160245
386.2 0 2.451064781E-20
386.4 0 2.332139291E-20
386.6 0 3.438600352E-05
386.8 0 3.444664903E-05
387 0 0.0001035225265
387.2 0 0.0001037057522
387.4 0 6.925975177E-05
387.6 0 3.469138544E-05
387.8 0 3.475311388E-05
388 0 3.481506239E-05
388.2 0 -1.010110632E-19
388.4 0 -1.233822911E-19
388.6 0 -3.500224014E-05
388.8 0 -7.013016158E-05
389 0 -7.025629496E-05
389.2 0 -3.519144144E-05
389.4 0 -4.322969693E-20
389.6 0 -3.450330472E-20
389.8 0 2.083626238E-20
390 0 1.461952323E-20
390.2 0 3.89823472E-21
390.4 0 -6.901670694E-20
390.6 0 -1.070428045E-19
390.8 0 -2.264369906E-20
391 0 1.915396477E-20
391.2 0 3.720444746E-20
391.4 0 -1.260906866E-20
391.6 0 -3.596915285E-05
391.8 0 -7.207103321E-05
392 0 -7.220425139E-05
392.2 0 -7.233796296E-05
392.4 0 -3.623608534E-05
392.6 0 -3.630343866E-05
392.8 0 -7.274208566E-05
393 0 -7.287779851E-05
393.2 0 -7.301401869E-05
393.4 0 -3.657537453E-05
393.6 0 -7.32879925E-05
393.8 0 -0.0001101386278
394 0 -7.356403013E-05
394.2 0 -7.370283019E-05
394.4 0 -7.384215501E-05
394.6 0 -7.398200758E-05
394.8 0 -7.412239089E-05
395 0 -7.426330798E-05
395.2 0 -3.720238095E-05
395.4 0 -3.727337786E-05
395.6 0 -3.734464627E-05
395.8 0 1.683543083E-20
396 0 -3.748800384E-05
396.2 0 7.512019231E-05
396.4 0 0.0001128973988
396.6 0 -3.770511583E-05
396.8 0 -3.003031157E-20
397 0 0.0001135537791
397.2 0 0.0001516990291
397.4 0 7.599708171E-05
397.6 0 3.807261209E-05
397.8 0 0.000114440918
398 0 0.0001146648728
398.2 0 3.829656863E-05
398.4 0 -6.884955504E-20
398.6 0 7.689468504E-05
398.8 0 0.0001540927022
399 0 0.0001157979249
399.2 0 3.867574257E-05
399.4 0 3.875248016E-05
399.6 1.553180915E-05 3.882952286E-05
399.8 3.112549801E-05 -1.836064868E-20
400 3.118762475E-05 3.898453094E-05
400.2 3.125E-05 3.90625E-05
400.4 3.131262525E-05 -0.0001174223447
400.6 3.137550201E-05 -0.0001176581325
400.8 3.143863179E-05 -7.523212001E-21
401 3.150201613E-05 -3.937752016E-05
401.2 3.156565657E-05 -7.891414141E-05
401.4 3.162955466E-05 -0.00011861083
401.6 3.169371197E-05 -7.923427992E-05
401.8 3.175813008E-05 -1.26028237E-20
402 1.59114053E-05 -3.977851324E-05
402.2 1.594387755E-05 -0.0001195790816
402.4 3.195296524E-05 -0.0001198236196
402.6 4.802766393E-05 -0.0001200691598
402.8 3.208418891E-05 -0.0001604209446
403 1.607510288E-05 -0.0001205632716
403.2 3.221649485E-05 -8.054123711E-05
403.4 3.228305785E-05 -4.035382231E-05
403.6 1.617494824E-05 -1.127150995E-19
403.8 1.620850622E-05 1.037972903E-20
404 1.624220374E-05 5.574535364E-20
404.2 1.627604167E-05 4.069010417E-05
404.4 1.631002088E-05 4.077505219E-05
404.6 1.634414226E-05 -8.17207113E-05
404.8 1.637840671E-05 -4.094601677E-05
405 1.641281513E-05 0.0001230961134
405.2 1.644736842E-05 4.111842105E-05
405.4 1.648206751E-05 -1.032487849E-20
405.6 1.651691332E-05 0.0001238768499
405.8 1.655190678E-05 0.0001241393008
406 0 8.293524416E-05
406.2 0 8.311170213E-05
406.4 0 8.328891258E-05
406.6 0 4.173344017E-05
406.8 0 4.182280514E-05
407 0 8.38251073E-05
407.2 0 -4.200268817E-05
407.4 0 -4.209321121E-05
407.6 0 -6.013469545E-20
407.8 0 4.22754329E-05
408 0 0.00012710141
408.2 0 3.755357743E-21
408.4 0 8.510348584E-05
408.6 0 0.0001705786026
408.8 1.7095186E-05 8.547592998E-05
409 1.713267544E-05 4.28316886E-05
409.2 1.717032967E-05 8.585164835E-05
409.4 1.720814978E-05 0.0001290611233
409.6 1.724613687E-05 -9.075635948E-21
409.8 1.728429204E-05 4.321073009E-05
410 1.732261641E-05 0.0002165327051
410.2 1.736111111E-05 0.0002170138889
410.4 1.739977728E-05 0.0001304983296
410.6 1.743861607E-05 -6.912122302E-21
410.8 1.747762864E-05 4.369407159E-05
411 1.751681614E-05 8.758408072E-05
411.2 1.755617978E-05 -4.389044944E-05
411.4 1.759572072E-05 -4.39893018E-05
411.6 1.763544018E-05 4.408860045E-05
411.8 1.767533937E-05 4.418834842E-05
412 1.77154195E-05 -1.064983418E-19
412.2 1.775568182E-05 4.438920455E-05
412.4 1.779612756E-05 4.449031891E-05
412.6 1.783675799E-05 -8.918378995E-05
412.8 1.787757437E-05 -8.938787185E-05
413 5.375573394E-05 8.091718854E-20
413.2 5.387931034E-05 -8.979885057E-05
413.4 7.200460829E-05 -0.0001350086406
413.6 9.021362587E-05 4.510681293E-05
413.8 0.0001085069444 9.04224537E-05
414 0.0001087587007 4.531612529E-05
414.2 0.0001271802326 -7.637891492E-21
414.4 0.0001456876457 1.361202127E-20
414.6 0.0001642815421 -1.696117908E-20
414.8 0.0001829625293 -4.574063232E-05
415 0.0001833920188 4.584800469E-05
415.2 0.0002022058824 4.595588235E-05
415.4 0.000202682783 1.59232119E-20
415.6 0.0002401004728 -0.0001385195035
415.8 0.0002591824645 -0.0001388477488
416 0.0002783551069 -4.639251781E-05
416.2 0.0002976190476 -4.650297619E-05
416.4 0.0003169749403 -9.322792363E-05
416.6 0.000336423445 -9.345095694E-05
416.8 0.0003372302158 -1.552424318E-21
417 0.0003568209135 -4.695012019E-05
417.2 0.0003576807229 -4.706325301E-05
417.4 0.0003774154589 -9.435386473E-05
417.6 0.0003783292978 -9.458232446E-05
417.8 0.0004171723301 -4.74059466E-05
418 0.0004371958637 -9.504257908E-05
418.2 0.0004382621951 -9.527439024E-05
418.4 0.0004584352078 -4.775366748E-05
418.6 0.0004595588235 -9.574142157E-05
418.8 0.0004798832924 -9.597665848E-05
419 0.0004810652709 -4.810652709E-05
419.2 0.0004822530864 -9.645061728E-05
419.4 0.0004834467822 -9.668935644E-05
419.6 0.000484646402 -9.69292804E-05
419.8 0.0005052860697 -9.717039801E-05
420 0.000487063591 -0.0001461190773
420.2 0.0005078125 -9.765625E-05
420.4 0.000509085213 -4.895050125E-05
420.6 0.0004907349246 -9.814698492E-05
420.8 0.0004919710327 -5.350848366E-20
421 0.0004932133838 -7.126544132E-20
421.2 0.0004944620253 -9.889240506E-05
421.4 0.0005155456853 -0.000198286802
421.6 0.0005168575064 -9.93956743E-05
421.8 0.0005381058673 4.982461735E-05
422 0.0005195012788 9.105343709E-20
422.2 0.0005208333333 1.072930962E-19
422.4 0.0005422557841 8.799104284E-20
422.6 0.0005235180412 -5.03382732E-05
422.8 0.0005450581395 -5.046834625E-05
423 0.0005262305699 3.237047488E-21
423.2 0.0005275974026 5.073051948E-05
423.4 0.0005289713542 -1.543058897E-19
423.6 0.0005507506527 -4.443679061E-20
423.8 0.0005317408377 5.11289267E-05
424 0.0005331364829 -5.126312336E-05
424.2 0.0005139802632 -5.139802632E-05
424.4 0.0004947229551 5.153364116E-05
424.6 0.0005166997354 5.166997354E-05
424.8 0.0004766246684 -0.0001036140584
425 0.0004778922872 -5.401577346E-20
425.2 0.0004375 0.0001041666667
425.4 0.0004177807487 -0.0001044451872
425.6 0.0003979557641 -5.236260054E-05
425.8 0.0003780241935 -1.707320828E-20
426 0.0003579851752 3.887243446E-20
426.2 0.0003378378378 0.0001055743243
426.4 0.0003175813008 -4.027063746E-20
426.6 0.0002972146739 -5.307404891E-05
426.8 0.0002980245232 -4.69409843E-20
427 0.0002988387978 1.060729243E-19
427.2 0.0002568493151 1.921802828E-20
427.4 0.000236092033 -2.505182242E-20
427.6 0.0002152203857 -1.035983675E-19
427.8 0.0002158149171 -5.395372928E-05
428 0.0001731301939 -0.0001623095568
428.2 0.0001953125 7.888969177E-20
428.4 0.0001523328691 5.44045961E-05
428.6 0.0001527583799 -0.0001091131285
428.8 0.000131302521 -1.113647772E-19
429 0.0001097261236 5.48630618E-05
429.2 8.802816901E-05 5.997716639E-20
429.4 6.620762712E-05 -1.178683266E-19
429.6 6.639518414E-05 -9.763322043E-20
429.8 4.438920455E-05 8.924208906E-21
430 4.451566952E-05 -2.590487063E-20
430.2 2.232142857E-05 2.371989714E-20
430.4 2.238538682E-05 -7.720468032E-20
430.6 2.244971264E-05 -4.082452124E-20
430.8 2.251440922E-05 -1.573011986E-20
431 2.257947977E-05 -8.733290813E-21
431.2 2.264492754E-05 -5.661231884E-05
431.4 2.271075581E-05 -2.771999703E-20
431.6 2.277696793E-05 -4.078070733E-20
431.8 2.284356725E-05 -0.0001142178363
432 2.291055718E-05 -1.622653251E-19
432.2 2.297794118E-05 -1.144847405E-19
432.4 2.304572271E-05 -5.761430678E-05
432.6 2.311390533E-05 -1.795127701E-19
432.8 2.318249258E-05 -8.300057549E-20
433 2.32514881E-05 3.494462175E-20
433.2 2.332089552E-05 -3.144560629E-20
433.4 2.339071856E-05 5.868120173E-20
433.6 0 5.86524024E-05
433.8 2.353162651E-05 0.0001176581325
434 0 5.900679758E-05
434.2 2.367424242E-05 8.70485168E-21
434.4 2.374620061E-05 -8.624278665E-21
434.6 2.381859756E-05 -8.544799353E-21
434.8 2.389143731E-05 3.396239998E-20
435 2.396472393E-05 6.300167502E-20
435.2 2.403846154E-05 6.009615385E-05
435.4 2.411265432E-05 0.0001205632716
435.6 2.41873065E-05 6.046826625E-05
435.8 0 -4.669405436E-20
436 0 6.084501558E-05
436.2 0 0.0001220703125
436.4 0 6.122648903E-05
436.6 0 0.0001228380503
436.8 0 0.0001848383281
437 0 0.0001854232595
437.2 0 6.200396825E-05
437.4 0 -6.220143312E-05
437.6 0 0.0001248003195
437.8 0 6.260016026E-05
438 0 6.280144695E-05
438.2 0 0.000252016129
438.4 0 0.0001264158576
438.6 0 -7.281674591E-20
438.8 0 0.0001272394137
439 0 0.0001914828431
439.2 0 6.403688525E-05
439.4 0 6.424753289E-05
439.6 0 0.0001933787129
439.8 0 0.0001293460265
440 0 3.450482437E-20
440.2 0 -1.281691251E-19
440.4 0 -2.411218331E-20
440.6 0 5.767519806E-20
440.8 0 0.000131523569
441 0 0.0001319679054
441.2 0 -1.407287534E-19
441.4 0 -6.194687027E-20
441.6 0 6.665955631E-05
441.8 0 0.0001337756849
442 0 -6.711769759E-05
442.2 0 1.007067382E-19
442.4 0 0.0002027465398
442.6 0 0.0001356336806
442.8 0 6.805313589E-05
443 0 -4.397486591E-20
443.2 0 0.0001370614035
443.4 0 0.0002063160211
443.6 0 0.0001380300353
443.8 0 6.841304892E-20
444 0 -6.950622776E-05
444.2 0 0.0001395089286
444.4 0 0.0002100134409
444.6 0 -9.140508971E-20
444.8 0 -7.05099278E-05
445 0 0.0001415307971
445.2 0 7.102272727E-05
445.4 0 -7.128193431E-05
445.6 0 7.154304029E-05
445.8 0 0.0001436121324
446 0 7.207103321E-05
446.2 0 8.675884482E-21
446.4 0 -3.565125722E-20
446.6 0 -7.287779851E-05
446.8 0 -0.0001463014981
447 0 -0.0002202772556
447.2 0 -0.0002948113208
447.4 0 -0.0002219460227
447.6 0 -0.000148526616
447.8 0 -0.0001490935115
448 0 -0.000149664751
448.2 0 -0.0001502403846
448.4 0 -0.0001508204633
448.6 0 -0.0001514050388
448.8 0 -0.0001519941634
449 0 -0.0002288818359
449.2 0 -0.0002297794118
449.4 0 -7.689468504E-05
449.6 0 -0.0001543972332
449.8 0 -0.000232514881
450 0 -0.0003112549801
450.2 0 -0.000234375
450.4 0 -1.178597307E-20
450.6 0 -2.073904078E-20
450.8 0 4.758858498E-20
451 0 -7.93953252E-05
451.2 0 -7.971938776E-05
451.4 0 -1.060882603E-19
451.6 0 -0.0001607510288
451.8 0 -0.0002421229339
452 0 -8.104253112E-05
452.2 0 -8.138020833E-05
452.4 0 -8.17207113E-05
452.6 0 -0.0001641281513
452.8 0 -8.241033755E-05
453 0 -1.886805665E-20
453.2 0 -0.0003324468085
453.4 0 -0.0001669337607
453.6 0 8.38251073E-05
453.8 0 -6.595404601E-20
454 0 -8.45508658E-05
454.2 0 -8.491847826E-05
454.4 0 1.953022731E-20
454.6 0 -8.566337719E-05
454.8 0 -8.60407489E-05
455 0 1.119589815E-19
455.2 0 8.412495997E-20
455.4 0 -6.724784444E-20
455.6 0 1.211452202E-19
455.8 0 8.79786036E-05
456 0 4.905039339E-20
456.2 0 -8.877840909E-05
456.4 0 -8.763751317E-20
456.6 0 1.390059217E-19
456.8 0 9.304894195E-20
457 0 1.316188517E-19
457.2 0 1.859792948E-19
457.4 0 1.88212999E-19
457.6 0 2.216630258E-19
457.8 0 -1.129059503E-20
458 0 -9.256516588E-05
458.2 0 -9.300595238E-05
458.4 0 5.78427107E-20
458.6 0 -6.539104016E-21
458.8 0 1.890273136E-19
459 0 2.40373239E-19
459.2 0 1.925788462E-19
459.4 0 1.496685218E-19
459.6 0 2.493085417E-19
459.8 0 1.027470877E-19
460 0 1.691939531E-19
460.2 0 2.84470857E-19
460.4 0 8.26392734E-20
460.6 0 -9.197968362E-20
460.8 0 7.158219215E-20
461 0 -4.229599672E-20
461.2 0 0.0001001602564
461.4 0 1.677290267E-19
461.6 0 1.256176459E-19
461.8 0 1.68590523E-20
462 0 -0.0001022578534
462.2 0 0.0001027960526
462.4 0 -9.906074096E-20
462.6 0 -0.0001038896277
462.8 0 7.689338581E-20
463 0 0.0001050067204
463.2 0 0.0001055743243
463.4 0 -0.0001061480978
463.6 0 -0.0001067281421
463.8 0 9.88367623E-20
464 0 3.575595165E-20
464.2 0 4.559097385E-20
464.4 0 0.0001091131285
464.6 0 1.368394931E-19
464.8 0 -0.0001103460452
465 0 6.636223213E-20
465.2 0 0.0001116071429
465.4 0 9.387874838E-20
465.6 0 2.722431527E-19
465.8 0 0.0001135537791
466 0 -9.472288294E-20
466.2 0 3.378652442E-19
466.4 0 7.094392054E-20
466.6 0 -4.825814461E-20
466.8 0 9.182961662E-20
467 0 0.0001176581325
467.2 0 0.0002367424242
467.4 0 0.0001190929878
467.6 0 1.45483175E-20
467.8 0 -6.670665408E-20
468 0 0.0001213121118
468.2 0 -1.343110451E-19
468.4 0 -0.0001228380503
468.6 0 0.0001236155063
468.8 0 0.0002488057325
469 0 -2.02865747E-19
469.2 0 -1.440124415E-19
469.4 0 0.0001268262987
469.6 0 -0.0001276552288
469.8 0 -0.0001284950658
470 0 -1.747269233E-19
470.2 0 -2.965933552E-20
470.4 0 0.0001310822148
470.6 0 8.517200743E-21
470.8 0 -0.0002657312925
471 0 -0.0001337756849
471.2 0 -1.260783279E-19
471.4 0 -0.0001356336806
471.6 0 -0.0001365821678
471.8 0 -0.0001375440141
472 0 3.013073103E-19
472.2 0 0.0001395089286
472.4 0 -1.45977672E-19
472.6 0 1.395623206E-19
472.8 0 -0.0001425638686
473 0 3.480350932E-20
473.2 0 0.0001446759259
473.4 0 1.060460902E-19
473.6 0 0.0001468515038
473.8 0 -7.589659202E-20
474 0 -0.0001490935115
474.2 0 4.786864133E-19
474.4 0 0.0001514050388
474.6 0 0.0001525878906
474.8 0 -0.0001537893701
475 0 -0.0003100198413
475.2 0 0.00015625
475.4 0 0.0003150201613
475.6 0 0.0001587906504
475.8 0 0.0003201844262
476 0 0.0001614152893
476.2 0 -0.0001627604167
476.4 0 -2.084225254E-19
476.6 0 0.0001655190678
476.8 0 -0.0001669337607
477 0 -0.0001683728448
477.2 0 0.0001698369565
477.4 0 0.0001713267544
477.6 0 -0.0001728429204
477.8 0 -1.350790368E-19
478 0 -0.0001759572072
478.2 0 -0.0005326704545
478.4 0 -1.16481017E-19
478.6 0 -3.280015945E-19
478.8 0 -0.0001825350467
479 0 -0.0001842570755
479.2 0 3.219154361E-19
479.4 0 0.0001878004808
479.6 0 2.54713579E-20
479.8 0 2.350516099E-19
480 0 -0.0001933787129
480.2 0 -0.0001953125
480.4 0 0.0001972853535
480.6 0 0.0001992984694
480.8 0 1.466669403E-19
481 0 2.797677103E-19
481.2 0 -0.0002055921053
481.4 0 9.925519566E-20
481.6 0 0.0002100134409
481.8 0 -3.569647786E-19
482 0 1.040633514E-20
482.2 0 -0.0002170138889
482.4 0 -9.186535675E-20
482.6 0 0.0002219460227
482.8 0 -3.388817899E-19
483 0 5.231407721E-19
483.2 0 7.656364924E-20
483.4 0 -0.000232514881
483.6 0 1.172029022E-19
483.8 0 0.0004763719512
484 0 0.0002411265432
484.2 0 -0.000244140625
484.4 0 -0.0002472310127
484.6 0 -7.516106963E-19
484.8 0 4.976714322E-20
485 0 6.520165823E-20
485.2 0 -2.152472967E-19
485.4 0 -0.0002639358108
485.6 0 -1.030477379E-18
485.8 0 -5.709948781E-19
486 0 -0.0002750880282
486.2 0 -8.886749984E-20
486.4 0 -7.81045545E-19
486.6 0 -0.0002872242647
486.8 0 2.871906385E-19
487 0 -6.75764964E-22
487.2 0 -0.0003004807692
487.4 0 -9.249324094E-19
487.6 0 8.790829733E-19
487.8 0 3.582745378E-19
488 0 -4.196223298E-20
488.2 0 -2.211445446E-19
488.4 0 1.907078691E-19
488.6 0 -2.769835552E-19
488.8 0 7.638449387E-20
489 0 -5.861688834E-20
489.2 0 2.099736645E-19
489.4 0 7.44909617E-19
489.6 0 6.631877136E-19
489.8 0 5.764161072E-19
490 0 4.364465994E-19
490.2 0 2.095293417E-19
490.4 0 -1.538567894E-19
490.6 0 2.366661936E-19
490.8 0 4.749173708E-19
491 0 -6.361775911E-20
491.2 0 0.0004340277778
491.4 0 2.380940967E-19
491.6 0 -0.0004542151163
491.8 0 -4.533461211E-20
492 0 -2.163870204E-19
492.2 0 7.188232813E-19
492.4 0 0.0005008012821
492.6 0 1.364559534E-18
492.8 0 -0.0005278716216
493 0 1.685221358E-19
493.2 0 -8.615948433E-19
493.4 0 1.230992214E-18
493.6 0 1.246483695E-18
493.8 0 -4.777871233E-19
494 0 5.105519986E-19
494.2 0 1.663715506E-18
494.4 0 7.650453611E-19
494.6 0 7.158611269E-19
494.8 0 8.241356089E-19
495 0 7.419191267E-19
495.2 0 -1.162261211E-18
495.4 0 -1.854551638E-19
495.6 0 2.127239418E-19
495.8 0 7.510335057E-19
496 0 -1.05869446E-18
496.2 0 -3.566573156E-18
496.4 0 -6.608114657E-19
496.6 0 3.504695651E-20
496.8 0 1.680721171E-18
497 0 1.032617385E-18
497.2 0 -2.601910742E-19
497.4 0 2.515243681E-19
497.6 0 -1.970969539E-19
497.8 0 -9.723950561E-19
498 0 -3.684136419E-18
498.2 0 -7.776150001E-19
498.4 0 -3.912127833E-18
498.6 0 -3.839019825E-18
498.8 0 5.251540693E-19
499 0 -3.406256854E-18
499.2 0 -6.09735981E-18
499.4 0 -1.191802433E-17
499.6 0 -1.970534868E-17
499.8 0 -2.216958274E-17
500 0 -1.972832366E-17
