0 0.006929070929 0.0001198801199
0.2 0.005424 0.0024
0.4 0.004804804805 0.0005405405405
0.6 0.004392785571 0.0004008016032
0.8 0.003995987964 0.0003610832497
1 0.003678714859 0.0005020080321
1.2 0.003473366834 0.0003417085427
1.4 0.003203219316 4.024144869E-05
1.6 0.002972809668 -0
1.8 0.002782258065 0.0001612903226
2 0.002550958628 4.036326942E-05
2.2 0.002375757576 6.060606061E-05
2.4 0.002135490394 0.0001011122346
2.6 0.001951417004 -0.0001417004049
2.8 0.001799392097 -8.105369807E-05
3 0.001655172414 4.056795132E-05
3.2 0.001526903553 -6.091370558E-05
3.4 0.001398373984 -0
3.6 0.001277721261 6.103763988E-05
3.8 0.001181262729 -0.0002647657841
4 0.001068297655 -0.0002038735984
4.2 0.0009795918367 -4.081632653E-05
4.4 0.0008825331971 -0.0001430030644
4.6 0.0007934560327 -6.134969325E-05
4.8 0.00070419652 -4.094165814E-05
5 0.0006147540984 -6.147540984E-05
5.2 0.0005169230769 4.102564103E-05
5.4 0.0004517453799 -2.05338809E-05
5.6 0.0004110996917 -0
5.8 0.0003703703704 0.0001440329218
6 0.0003213182286 -8.238928939E-05
6.2 0.0002804123711 -0.0001443298969
6.4 0.0002394220846 2.063983488E-05
6.6 0.0001983471074 0.0001033057851
6.8 0.0001571871768 2.068252327E-05
7 0.000115942029 -8.281573499E-05
7.2 7.461139896E-05 -0.0001450777202
7.4 4.979253112E-05 -0.0001037344398
7.6 5.815160955E-05 -0.0001869158879
7.8 5.821205821E-05 -0.0002494802495
8 4.994797086E-05 -4.162330905E-05
8.2 5E-05 6.25E-05
8.4 5.005213764E-05 -0.0001042752868
8.6 5.845511482E-05 -0.0001878914405
8.8 5.851619645E-05 -0.0002089864159
9 6.694560669E-05 -0.0002092050209
9.2 7.539267016E-05 -6.282722513E-05
9.4 7.547169811E-05 8.385744235E-05
9.6 8.394543547E-05 4.197271773E-05
9.8 9.243697479E-05 -0.0001470588235
10 0.0001177707676 -0.0002103049422
10.2 0.0001347368421 -8.421052632E-05
10.4 0.000143308746 -0
10.6 0.0001518987342 -2.109704641E-05
10.8 0.0001267159451 -2.111932418E-05
11 0.0001268498943 -0.0001057082452
11.2 0.000126984127 -8.465608466E-05
11.4 0.0001271186441 -2.118644068E-05
11.6 0.0001272534464 -2.120890774E-05
11.8 0.000152866242 -0.0001061571125
12 0.0001615302869 -0.0001062699256
12.2 0.0001787234043 -0.0001276595745
12.4 0.0001874334398 -0.0001916932907
12.6 0.0001961620469 -0.0001492537313
12.8 0.000204909285 -0.0001707577375
13 0.0002222222222 -0.0001495726496
13.2 0.0002310160428 -0.0001069518717
13.4 0.0002312633833 -0.0002141327623
13.6 0.0002400857449 -0.0001071811361
13.8 0.0002403433476 4.291845494E-05
14 0.0002406015038 -8.592910849E-05
14.2 0.0002408602151 2.150537634E-05
14.4 0.0002325080732 0.0001506996771
14.6 0.0002327586207 -2.155172414E-05
14.8 0.0002243797195 -8.629989213E-05
15 0.0002073434125 2.159827214E-05
15.2 0.0001816216216 -6.486486486E-05
15.4 0.0001731601732 -0.0001515151515
15.6 0.00016468039 4.333694475E-05
15.8 0.0001561822126 8.676789588E-05
16 0.0001563517915 -4.34310532E-05
16.2 0.0001652173913 4.347826087E-05
16.4 0.0001653971708 4.352557127E-05
16.6 0.000165577342 -2.178649237E-05
16.8 0.0001657579062 -8.724100327E-05
17 0.0001572052402 -8.733624454E-05
17.2 0.0001573770492 -0.000131147541
17.4 0.0001487964989 -0.0001094091904
17.6 0.0001314348302 -2.190580504E-05
17.8 0.0001403508772 -6.578947368E-05
18 0.0001405049396 -0.0001536772777
18.2 0.0001230769231 -0.0002637362637
18.4 0.0001232123212 -0.0001320132013
18.6 0.0001145374449 2.202643172E-05
18.8 0.0001058434399 -2.205071665E-05
19 0.0001059602649 -0
19.2 0.0001060773481 6.629834254E-05
19.4 0.0001061946903 -6.637168142E-05
19.6 0.0001151716501 -0.0001771871539
19.8 0.0001152993348 -0.000155210643
20 0.000115427303 -2.219755827E-05
20.2 0.0001244444444 8.888888889E-05
20.4 0.0001245828699 8.898776418E-05
20.6 0.0001158129176 8.908685969E-05
20.8 0.0001070234114 -2.229654404E-05
21 0.0001071428571 -4.464285714E-05
21.2 8.938547486E-05 2.234636872E-05
21.4 8.053691275E-05 -0
21.6 6.270996641E-05 -2.239641657E-05
21.8 5.381165919E-05 6.726457399E-05
22 4.489337823E-05 4.489337823E-05
22.2 4.494382022E-05 -0
22.4 3.599550056E-05 2.249718785E-05
22.6 2.702702703E-05 -4.504504505E-05
22.8 2.705749718E-05 2.254791432E-05
23 2.708803612E-05 -2.257336343E-05
23.2 3.615819209E-05 2.259887006E-05
23.4 3.619909502E-05 4.524886878E-05
23.6 5.43601359E-05 -6.795016988E-05
23.8 5.442176871E-05 -0
24 7.264472191E-05 -4.540295119E-05
24.2 8.181818182E-05 -6.818181818E-05
24.4 0.0001001137656 2.275312856E-05
24.6 8.200455581E-05 -4.555808656E-05
24.8 8.209806157E-05 -9.122006842E-05
25 9.132420091E-05 -6.849315068E-05
25.2 8.228571429E-05 -0
25.4 6.407322654E-05 9.153318078E-05
25.6 4.581901489E-05 -4.581901489E-05
25.8 5.504587156E-05 -0.0001146788991
26 6.429391504E-05 2.296211251E-05
26.2 6.436781609E-05 2.298850575E-05
26.4 6.444188723E-05 -2.301495972E-05
26.6 6.451612903E-05 -0
26.8 5.53633218E-05 -0
27 4.618937644E-05 -2.309468822E-05
27.2 4.624277457E-05 -6.936416185E-05
27.4 4.62962963E-05 -4.62962963E-05
27.6 3.707995365E-05 -0
27.8 4.64037123E-05 -2.320185615E-05
28 5.574912892E-05 2.322880372E-05
28.2 4.651162791E-05 -2.325581395E-05
28.4 4.656577416E-05 -4.656577416E-05
28.6 4.662004662E-05 9.324009324E-05
28.8 4.667444574E-05 2.333722287E-05
29 4.672897196E-05 -2.336448598E-05
29.2 5.614035088E-05 0.0001169590643
29.4 5.620608899E-05 7.025761124E-05
29.6 5.627198124E-05 -9.37866354E-05
29.8 5.633802817E-05 -9.389671362E-05
30 5.640423032E-05 2.350176263E-05
30.2 5.647058824E-05 0.0001176470588
30.4 4.711425206E-05 0.0001413427562
30.6 3.773584906E-05 -0
30.8 2.833530106E-05 -7.083825266E-05
31 1.891252955E-05 2.364066194E-05
31.2 9.467455621E-06 -0
31.4 9.478672986E-06 -2.369668246E-05
31.6 9.489916963E-06 -0
31.8 0 2.375296912E-05
32 0 -2.378121284E-05
32.2 9.523809524E-06 -7.142857143E-05
32.4 9.535160906E-06 -2.383790226E-05
32.6 9.546539379E-06 7.159904535E-05
32.8 9.557945042E-06 9.557945042E-05
33 9.56937799E-06 7.177033493E-05
33.2 0 2.395209581E-05
33.4 9.592326139E-06 -0
33.6 9.603841537E-06 2.400960384E-05
33.8 9.615384615E-06 -2.403846154E-05
34 9.626955475E-06 -0
34.2 9.638554217E-06 4.819277108E-05
34.4 1.930036188E-05 -2.412545235E-05
34.6 2.898550725E-05 -7.246376812E-05
34.8 3.869407497E-05 -2.418379686E-05
35 4.842615012E-05 -7.263922518E-05
35.2 5.818181818E-05 -7.272727273E-05
35.4 5.825242718E-05 -7.281553398E-05
35.6 6.804374241E-05 -4.860267315E-05
35.8 6.812652068E-05 -0
36 6.820950061E-05 -7.30816078E-05
36.2 6.829268293E-05 -4.87804878E-05
36.4 6.837606838E-05 2.442002442E-05
36.6 6.84596577E-05 -2.444987775E-05
36.8 6.854345165E-05 -4.895960832E-05
37 6.862745098E-05 2.450980392E-05
37.2 5.889570552E-05 2.45398773E-05
37.4 6.87960688E-05 2.457002457E-05
37.6 6.888068881E-05 4.9200492E-05
37.8 4.926108374E-05 2.463054187E-05
38 4.932182491E-05 -2.466091245E-05
38.2 5.925925926E-05 -2.469135802E-05
38.4 6.922126082E-05 4.944375773E-05
38.6 6.930693069E-05 7.425742574E-05
38.8 6.939281289E-05 -0
39 6.947890819E-05 -2.481389578E-05
39.2 7.950310559E-05 2.48447205E-05
39.4 7.960199005E-05 7.462686567E-05
39.6 7.97011208E-05 7.471980075E-05
39.8 7.980049875E-05 7.481296758E-05
40 7.990012484E-05 -0
40.2 8E-05 -0
40.4 8.010012516E-05 5.006257822E-05
40.6 8.020050125E-05 -2.506265664E-05
40.8 8.030112923E-05 2.509410289E-05
41 8.040201005E-05 7.537688442E-05
41.2 9.056603774E-05 2.51572327E-05
41.4 9.068010076E-05 5.037783375E-05
41.6 9.079445145E-05 2.522068096E-05
41.8 8.080808081E-05 -2.525252525E-05
42 8.09102402E-05 -0
42.2 6.075949367E-05 -0
42.4 5.069708492E-05 7.604562738E-05
42.6 4.060913706E-05 2.538071066E-05
42.8 3.049555273E-05 -0
43 1.017811705E-05 2.544529262E-05
43.2 1.01910828E-05 -2.547770701E-05
43.4 1.020408163E-05 -2.551020408E-05
43.6 1.021711367E-05 -2.554278416E-05
43.8 1.023017903E-05 -0
44 0 2.560819462E-05
44.2 1.025641026E-05 -0
44.4 1.026957638E-05 -0
44.6 0 5.141388175E-05
44.8 1.02960103E-05 7.722007722E-05
45 1.030927835E-05 5.154639175E-05
45.2 1.032258065E-05 -0
45.4 1.033591731E-05 2.583979328E-05
45.6 1.034928849E-05 5.174644243E-05
45.8 0 -0
46 0 -0
46.2 0 -2.597402597E-05
46.4 0 -7.802340702E-05
46.6 0 -5.208333333E-05
46.8 0 -0
47 0 2.610966057E-05
47.2 0 2.614379085E-05
47.4 0 -0
47.6 0 -5.242463958E-05
47.8 0 2.624671916E-05
48 0 2.628120894E-05
48.2 0 -2.631578947E-05
48.4 0 -5.270092227E-05
48.6 0 -2.638522427E-05
48.8 0 -0
49 0 -5.291005291E-05
49.2 0 -7.947019868E-05
49.4 0 -7.957559682E-05
49.6 0 -5.312084993E-05
49.8 0 -5.319148936E-05
50 0 2.663115846E-05
50.2 0 2.666666667E-05
50.4 1.068090788E-05 -8.010680908E-05
50.6 1.069518717E-05 -8.021390374E-05
50.8 1.070950469E-05 -2.677376171E-05
51 1.072386059E-05 -5.361930295E-05
51.2 2.147651007E-05 -5.369127517E-05
51.4 2.150537634E-05 -2.688172043E-05
51.6 2.153432032E-05 -2.69179004E-05
51.8 2.156334232E-05 -0
52 2.159244265E-05 -8.097165992E-05
52.2 2.162162162E-05 -0.0001081081081
52.4 2.165087957E-05 -0
52.6 1.08401084E-05 -0
52.8 1.085481682E-05 -8.141112619E-05
53 1.086956522E-05 -8.152173913E-05
53.2 1.088435374E-05 2.721088435E-05
53.4 0 2.72479564E-05
53.6 0 -2.72851296E-05
53.8 0 -0
54 0 -0
54.2 0 -0
54.4 0 2.743484225E-05
54.6 0 2.747252747E-05
54.8 0 -5.502063274E-05
55 0 -5.509641873E-05
55.2 0 -0
55.4 1.104972376E-05 2.762430939E-05
55.6 2.213001383E-05 5.532503458E-05
55.8 2.216066482E-05 5.540166205E-05
56 2.219140083E-05 -0
56.2 2.222222222E-05 -0
56.4 2.225312935E-05 2.781641168E-05
56.6 1.114206128E-05 -2.78551532E-05
56.8 0 -5.578800558E-05
57 1.117318436E-05 -2.793296089E-05
57.2 2.237762238E-05 -2.797202797E-05
57.4 1.120448179E-05 -2.801120448E-05
57.6 1.122019635E-05 2.805049088E-05
57.8 2.247191011E-05 2.808988764E-05
58 2.250351617E-05 -0
58.2 2.253521127E-05 -2.816901408E-05
58.4 2.256699577E-05 2.820874471E-05
58.6 1.129943503E-05 0.0001129943503
58.8 1.131541726E-05 -0
59 2.266288952E-05 -0.0001133144476
59.2 2.269503546E-05 -2.836879433E-05
59.4 2.272727273E-05 5.681818182E-05
59.6 2.275960171E-05 -5.689900427E-05
59.8 3.418803419E-05 -0
60 1.141226819E-05 8.559201141E-05
60.2 1.142857143E-05 2.857142857E-05
60.4 0 2.861230329E-05
60.6 0 -2.865329513E-05
60.8 1.147776184E-05 -2.869440459E-05
61 1.149425287E-05 5.747126437E-05
61.2 0 8.633093525E-05
61.4 0 2.88184438E-05
61.6 0 -0
61.8 0 5.780346821E-05
62 0 5.788712012E-05
62.2 0 -5.797101449E-05
62.4 0 -8.708272859E-05
62.6 0 -2.906976744E-05
62.8 0 -2.911208151E-05
63 0 -2.915451895E-05
63.2 0 2.919708029E-05
63.4 0 2.923976608E-05
63.6 0 -2.928257687E-05
63.8 0 -8.797653959E-05
64 0 -5.873715125E-05
64.2 0 -2.941176471E-05
64.4 0 -0
64.6 0 5.899705015E-05
64.8 0 5.908419498E-05
65 0 2.958579882E-05
65.2 0 -0
65.4 0 -0
65.6 0 -0
65.8 0 -0
66 1.192250373E-05 -2.980625931E-05
66.2 0 -2.985074627E-05
66.4 0 -0
66.6 0 -0
66.8 0 -2.99850075E-05
67 0 -6.006006006E-05
67.2 0 -0
67.4 0 6.024096386E-05
67.6 0 6.033182504E-05
67.8 0 6.042296073E-05
68 0 6.051437216E-05
68.2 0 -0
68.4 0 -6.069802731E-05
68.6 0 -6.079027356E-05
68.8 0 -0
69 0 -3.048780488E-05
69.2 1.221374046E-05 -0
69.4 0 6.116207951E-05
69.6 0 -3.062787136E-05
69.8 0 3.067484663E-05
70 0 9.216589862E-05
70.2 0 0.0001230769231
70.4 0 6.163328197E-05
70.6 0 -0
70.8 0 6.182380216E-05
71 0 6.191950464E-05
71.2 0 9.302325581E-05
71.4 0 9.316770186E-05
71.6 0 3.110419907E-05
71.8 0 -0
72 0 3.120124805E-05
72.2 1.25E-05 3.125E-05
72.4 1.251956182E-05 6.259780908E-05
72.6 1.253918495E-05 9.404388715E-05
72.8 1.25588697E-05 3.139717425E-05
73 1.257861635E-05 6.289308176E-05
73.2 1.25984252E-05 3.149606299E-05
73.4 1.261829653E-05 6.309148265E-05
73.6 0 0.0001263823065
73.8 1.265822785E-05 3.164556962E-05
74 1.267828843E-05 3.169572108E-05
74.2 1.26984127E-05 3.174603175E-05
74.4 1.271860095E-05 3.179650238E-05
74.6 0 3.184713376E-05
74.8 0 -3.189792663E-05
75 0 -0
75.2 0 6.4E-05
75.4 0 -0
75.6 0 -0
75.8 0 -6.430868167E-05
76 0 -3.220611916E-05
76.2 0 -0
76.4 0 -3.231017771E-05
76.6 0 3.236245955E-05
76.8 0 -6.482982172E-05
77 0 -9.74025974E-05
77.2 0 -6.504065041E-05
77.4 0 -6.51465798E-05
77.6 0 -0.000163132137
77.8 0 -9.803921569E-05
78 0 3.273322422E-05
78.2 0 -3.278688525E-05
78.4 0 -3.28407225E-05
78.6 0 -6.578947368E-05
78.8 0 -6.589785832E-05
79 0 -0
79.2 0 3.305785124E-05
79.4 0 3.311258278E-05
79.6 0 6.633499171E-05
79.8 0 0.0001328903654
80 1.331114809E-05 6.655574043E-05
80.2 1.333333333E-05 -0
80.4 1.335559265E-05 -6.677796327E-05
80.6 1.337792642E-05 -6.688963211E-05
80.8 1.340033501E-05 -0.0001005025126
81 1.342281879E-05 -3.355704698E-05
81.2 0 0.0001008403361
81.4 0 -6.734006734E-05
81.6 0 -6.745362563E-05
81.8 0 0.0001351351351
82 0 0.0001353637902
82.2 0 -3.389830508E-05
82.4 0 -0
82.6 0 0.0001020408163
82.8 0 -0
83 0 -0
83.2 0 0.0001025641026
83.4 0 0.000102739726
83.6 1.372212693E-05 -0
83.8 2.749140893E-05 -0
84 2.753872633E-05 6.884681583E-05
84.2 2.75862069E-05 -0
84.4 2.763385147E-05 6.908462867E-05
84.6 2.76816609E-05 0.0002422145329
84.8 2.772963605E-05 0.0001039861352
85 2.777777778E-05 0.0001041666667
85.2 2.782608696E-05 6.956521739E-05
85.4 2.787456446E-05 -3.484320557E-05
85.6 1.396160558E-05 -0
85.8 1.398601399E-05 -3.496503497E-05
86 2.802101576E-05 3.50262697E-05
86.2 2.807017544E-05 -0
86.4 2.811950791E-05 -3.514938489E-05
86.6 1.408450704E-05 3.521126761E-05
86.8 1.410934744E-05 -7.054673721E-05
87 2.826855124E-05 -3.533568905E-05
87.2 2.831858407E-05 0.0001415929204
87.4 2.836879433E-05 -0
87.6 2.841918295E-05 7.104795737E-05
87.8 2.846975089E-05 0.0001423487544
88 1.426024955E-05 -3.565062389E-05
88.2 1.428571429E-05 3.571428571E-05
88.4 2.862254025E-05 0.0002504472272
88.6 2.867383513E-05 0.0001792114695
88.8 2.872531418E-05 0.0001077199282
89 2.877697842E-05 0.0002158273381
89.2 2.882882883E-05 0.0001081081081
89.4 2.888086643E-05 0.0001083032491
89.6 2.893309222E-05 0.0001084990958
89.8 2.898550725E-05 0.0001086956522
90 2.903811252E-05 0.0002177858439
90.2 2.909090909E-05 0.0002181818182
90.4 1.4571949E-05 0.0001092896175
90.6 0 -0
90.8 0 0.0002193784278
91 0 0.000293040293
91.2 0 0.0001100917431
91.4 0 0.0002573529412
91.6 0 0.0001841620626
91.8 0 -0.000110701107
92 1.478743068E-05 -0
92.2 2.962962963E-05 0.0001481481481
92.4 1.484230056E-05 -0
92.6 0 -7.434944238E-05
92.8 0 -0.0001117318436
93 0 -0.0001865671642
93.2 0 -0
93.4 0 3.745318352E-05
93.6 0 -7.504690432E-05
93.8 0 7.518796992E-05
94 0 7.532956685E-05
94.2 0 -0
94.4 0 3.780718336E-05
94.6 0 7.575757576E-05
94.8 0 7.590132827E-05
95 0 3.802281369E-05
95.2 0 3.80952381E-05
95.4 1.526717557E-05 -3.816793893E-05
95.6 4.588910134E-05 -7.648183556E-05
95.8 7.662835249E-05 -3.831417625E-05
96 7.677543186E-05 -0.0001151631478
96.2 9.230769231E-05 -0.0001538461538
96.4 0.0001233140655 3.853564547E-05
96.6 0.0001235521236 7.722007722E-05
96.8 0.0001392649903 -3.868471954E-05
97 0.0001550387597 -0
97.2 0.0001708737864 0.0001165048544
97.4 0.000186770428 -7.782101167E-05
97.6 0.0001871345029 -0.0002339181287
97.8 0.000203125 -0
98 0.0002035225049 -0
98.2 0.0002039215686 -0.0001176470588
98.4 0.0002200392927 -0.0001178781925
98.6 0.0002204724409 -3.937007874E-05
98.8 0.0002051282051 -7.889546351E-05
99 0.0002213438735 -3.95256917E-05
99.2 0.0002059405941 0.000198019802
99.4 0.0001746031746 0.000119047619
99.6 0.0001749502982 0.0002385685885
99.8 0.0001593625498 0.0002788844622
100 0.0001756487026 7.984031936E-05
100.2 0.000176 0.00012
100.4 0.0001763527054 8.016032064E-05
100.6 0.0001606425703 -0
100.8 0.0001609657948 -8.048289738E-05
101 0.0001451612903 -8.064516129E-05
101.2 0.0001131313131 -0
101.4 0.0001133603239 -4.048582996E-05
101.6 0.0001135902637 -0
101.8 9.756097561E-05 4.06504065E-05
102 8.146639511E-05 8.146639511E-05
102.2 6.530612245E-05 0.0002040816327
102.4 4.90797546E-05 0.000163599182
102.6 3.278688525E-05 0.0001229508197
102.8 3.285420945E-05 0.0001642710472
103 1.646090535E-05 8.230452675E-05
103.2 1.649484536E-05 4.12371134E-05
103.4 1.652892562E-05 -0
103.6 0 -0.0001242236025
103.8 0 -8.298755187E-05
104 0 -8.316008316E-05
104.2 0 -0.000125
104.4 1.670146138E-05 -0.0001670146138
104.6 3.347280335E-05 -0.0002928870293
104.8 3.354297694E-05 -0.0002096436059
105 1.680672269E-05 -4.201680672E-05
105.2 0 -0.0002105263158
105.4 0 -0.000253164557
105.6 0 -0
105.8 1.694915254E-05 4.237288136E-05
106 3.397027601E-05 -4.246284501E-05
106.2 5.106382979E-05 -0.000170212766
106.4 6.823027719E-05 -4.264392324E-05
106.6 8.547008547E-05 -0
106.8 0.0001027837259 -0.0001713062099
107 0.0001201716738 -4.291845494E-05
107.2 0.0001376344086 -8.602150538E-05
107.4 0.0001551724138 -0.0001724137931
107.6 0.0001555075594 -0.0002591792657
107.8 0.0001731601732 -0.0002597402597
108 0.0001908893709 -8.676789588E-05
108.2 0.0002086956522 -0.0001304347826
108.4 0.0002091503268 -0.0003050108932
108.6 0.0002270742358 -0.0003493449782
108.8 0.000227571116 -0.0001312910284
109 0.0002456140351 -8.771929825E-05
109.2 0.0002461538462 -0.0002637362637
109.4 0.0002466960352 -0.0003524229075
109.6 0.0002649006623 -0.0001766004415
109.8 0.0002123893805 -0
110 0.0002128603104 -4.4345898E-05
110.2 0.0002488888889 -0.0001333333333
110.4 0.0003028953229 4.454342984E-05
110.6 0.0003392857143 8.928571429E-05
110.8 0.0003579418345 -4.474272931E-05
111 0.0003766816143 4.484304933E-05
111.2 0.000395505618 8.988764045E-05
111.4 0.0003963963964 0.0003153153153
111.6 0.0003431151242 0.0003611738149
111.8 0.0003076923077 9.049773756E-05
112 0.0003083900227 4.535147392E-05
112.2 0.0002909090909 4.545454545E-05
112.4 0.000291571754 4.555808656E-05
112.6 0.0002922374429 -4.566210046E-05
112.8 0.0003112128146 4.576659039E-05
113 0.0002752293578 0.0001834862385
113.2 0.0002574712644 -0
113.4 0.0003133640553 -4.608294931E-05
113.6 0.000351039261 0.0001385681293
113.8 0.0003148148148 0.0001388888889
114 0.0002784222738 -4.64037123E-05
114.2 0.0002418604651 -0
114.4 0.0002237762238 -0
114.6 0.0002242990654 -9.345794393E-05
114.8 0.000243559719 -4.683840749E-05
115 0.0002441314554 -0
115.2 0.0002447058824 -0
115.4 0.0002075471698 9.433962264E-05
115.6 0.000170212766 0.0001418439716
115.8 0.0001516587678 -0
116 0.0001140142518 -4.750593824E-05
116.2 9.523809524E-05 4.761904762E-05
116.4 7.637231504E-05 4.77326969E-05
116.6 5.741626794E-05 -0
116.8 5.755395683E-05 -4.79616307E-05
117 5.769230769E-05 -0.0001442307692
117.2 5.78313253E-05 -0.0001445783133
117.4 5.797101449E-05 -4.830917874E-05
117.6 3.87409201E-05 -0
117.8 1.941747573E-05 -0.000145631068
118 1.946472019E-05 -0.0002433090024
118.2 3.902439024E-05 -9.756097561E-05
118.4 3.91198044E-05 -0
118.6 3.921568627E-05 -9.803921569E-05
118.8 3.931203931E-05 -0.0001965601966
119 3.9408867E-05 -0.0001477832512
119.2 3.950617284E-05 -4.938271605E-05
119.4 3.96039604E-05 -4.95049505E-05
119.6 3.970223325E-05 -9.925558313E-05
119.8 1.990049751E-05 -9.950248756E-05
120 0 -4.987531172E-05
120.2 0 0.0001
120.4 0 0.0001002506266
120.6 0 -0
120.8 2.01511335E-05 -0.0001007556675
121 6.060606061E-05 -0.000202020202
121.2 8.101265823E-05 -0.0001012658228
121.4 0.0001015228426 -0
121.6 8.142493639E-05 -0.0001017811705
121.8 6.12244898E-05 -0.0001020408163
122 4.092071611E-05 -5.115089514E-05
122.2 2.051282051E-05 -0.0001025641026
122.4 2.05655527E-05 -0.0001028277635
122.6 0 -0.0001546391753
122.8 0 -0.0001550387597
123 0 -0.000207253886
123.2 0 -0.0001558441558
123.4 0 -0.00015625
123.6 0 -0.0001044386423
123.8 2.094240838E-05 5.235602094E-05
124 2.099737533E-05 -5.249343832E-05
124.2 2.105263158E-05 -5.263157895E-05
124.4 2.110817942E-05 -5.277044855E-05
124.6 2.116402116E-05 0.0001587301587
124.8 0 0.0003713527851
125 2.127659574E-05 0.0002127659574
125.2 4.266666667E-05 0.0001066666667
125.4 6.417112299E-05 5.347593583E-05
125.6 6.434316354E-05 -0
125.8 6.451612903E-05 0.0001075268817
126 4.312668464E-05 0.0002156334232
126.2 0 -0
126.4 0 -0.000162601626
126.6 0 -5.434782609E-05
126.8 0 -5.449591281E-05
127 0 -0.0001639344262
127.2 0 -0.0002191780822
127.4 2.197802198E-05 -0.0001648351648
127.6 4.407713499E-05 -0
127.8 4.419889503E-05 -0
128 4.432132964E-05 -5.540166205E-05
128.2 4.444444444E-05 -0
128.4 6.685236769E-05 5.571030641E-05
128.6 6.703910615E-05 0.0001117318436
128.8 6.722689076E-05 5.602240896E-05
129 6.741573034E-05 -5.617977528E-05
129.2 6.76056338E-05 -0.0001690140845
129.4 6.779661017E-05 -5.649717514E-05
129.6 6.798866856E-05 5.66572238E-05
129.8 6.818181818E-05 0.0001136363636
130 4.558404558E-05 0.000113960114
130.2 2.285714286E-05 5.714285714E-05
130.4 2.29226361E-05 -0
130.6 4.597701149E-05 -0.0001724137931
130.8 6.916426513E-05 -5.763688761E-05
131 6.936416185E-05 0.0001156069364
131.2 6.956521739E-05 5.797101449E-05
131.4 6.976744186E-05 -5.813953488E-05
131.6 6.997084548E-05 -5.83090379E-05
131.8 7.01754386E-05 -0
132 7.038123167E-05 5.865102639E-05
132.2 4.705882353E-05 0.0001176470588
132.4 2.359882006E-05 -5.899705015E-05
132.6 0 5.917159763E-05
132.8 0 0.000118694362
133 0 -5.952380952E-05
133.2 0 -5.970149254E-05
133.4 0 -0
133.6 0 6.006006006E-05
133.8 0 6.024096386E-05
134 0 0.0001812688822
134.2 0 -6.060606061E-05
134.4 0 -0.0002431610942
134.6 0 -0.000243902439
134.8 0 -0.000122324159
135 0 -0.0001226993865
135.2 0 -6.153846154E-05
135.4 0 6.172839506E-05
135.6 0 -6.191950464E-05
135.8 0 -6.211180124E-05
136 0 -6.230529595E-05
136.2 0 -0
136.4 0 -0
136.6 0 -6.289308176E-05
136.8 0 -6.309148265E-05
137 0 6.329113924E-05
137.2 0 -0
137.4 0 -6.369426752E-05
137.6 0 -0
137.8 0 -0
138 0 -6.430868167E-05
138.2 0 -0
138.4 0 6.472491909E-05
138.6 0 -6.493506494E-05
138.8 0 -6.51465798E-05
139 0 -6.535947712E-05
139.2 0 -6.557377049E-05
139.4 0 6.578947368E-05
139.6 0 -0
139.8 0 -0
140 0 6.644518272E-05
140.2 0 6.666666667E-05
140.4 0 6.688963211E-05
140.6 0 6.711409396E-05
140.8 0 6.734006734E-05
141 0 0.0001351351351
141.2 0 -0
141.4 2.721088435E-05 -0.0001360544218
141.6 2.730375427E-05 -0
141.8 2.739726027E-05 0.0002054794521
142 2.749140893E-05 6.872852234E-05
142.2 2.75862069E-05 -0
142.4 0 0.000276816609
142.6 0 0.0002083333333
142.8 0 -0.0002090592334
143 2.797202797E-05 -0.0002797202797
143.2 2.807017544E-05 -0.0001403508772
143.4 2.816901408E-05 -0.0001408450704
143.6 2.826855124E-05 -0.0001413427562
143.8 2.836879433E-05 -7.092198582E-05
144 2.846975089E-05 0.0002135231317
144.2 2.857142857E-05 7.142857143E-05
144.4 2.867383513E-05 -0.0001433691756
144.6 2.877697842E-05 -7.194244604E-05
144.8 2.888086643E-05 -0
145 2.898550725E-05 -0
145.2 2.909090909E-05 7.272727273E-05
145.4 2.919708029E-05 7.299270073E-05
145.6 2.93040293E-05 7.326007326E-05
145.8 0 -0
146 2.95202952E-05 -0
146.2 2.962962963E-05 0.0001481481481
146.4 5.94795539E-05 7.434944238E-05
146.6 2.985074627E-05 7.462686567E-05
146.8 0 -0
147 0 0.0001503759398
147.2 0 0.0002264150943
147.4 0 -7.575757576E-05
147.6 0 -0.0001520912548
147.8 3.053435115E-05 -7.633587786E-05
148 3.0651341E-05 -7.662835249E-05
148.2 3.076923077E-05 -7.692307692E-05
148.4 3.088803089E-05 7.722007722E-05
148.6 6.201550388E-05 7.751937984E-05
148.8 6.225680934E-05 7.782101167E-05
149 6.25E-05 0.00015625
149.2 6.274509804E-05 -0
149.4 6.299212598E-05 -0
149.6 6.324110672E-05 0.0001581027668
149.8 6.349206349E-05 -7.936507937E-05
150 6.374501992E-05 -7.96812749E-05
150.2 6.4E-05 0.00016
150.4 6.425702811E-05 -0
150.6 6.451612903E-05 -0
150.8 6.477732794E-05 0.0001619433198
151 6.504065041E-05 8.130081301E-05
151.2 9.795918367E-05 8.163265306E-05
151.4 6.557377049E-05 -0
151.6 6.58436214E-05 0.0001646090535
151.8 3.305785124E-05 0.0001652892562
152 6.639004149E-05 -0
152.2 6.666666667E-05 0.0001666666667
152.4 6.694560669E-05 0.0002510460251
152.6 3.361344538E-05 0.0001680672269
152.8 6.751054852E-05 8.438818565E-05
153 3.389830508E-05 8.474576271E-05
153.2 6.808510638E-05 -8.510638298E-05
153.4 3.418803419E-05 -8.547008547E-05
153.6 3.433476395E-05 0.0001716738197
153.8 0 -0
154 3.463203463E-05 -8.658008658E-05
154.2 0 8.695652174E-05
154.4 0 8.733624454E-05
154.6 0 -8.771929825E-05
154.8 0 -0.0001762114537
155 0 -0
155.2 0 -8.888888889E-05
155.4 0 -0.0002678571429
155.6 0 -0.0003587443946
155.8 0 -0.0004504504505
156 0 -0.0003619909502
156.2 0 -0.0001818181818
156.4 0 -0.0002739726027
156.6 0 -0.0001834862385
156.8 0 -0
157 0 -0
157.2 0 -0
157.4 0 9.345794393E-05
157.6 0 0.0001877934272
157.8 0 0.0001886792453
158 0 9.478672986E-05
158.2 0 -0
158.4 0 -0
158.6 0 -0
158.8 0 -0
159 0 -9.708737864E-05
159.2 0 -9.756097561E-05
159.4 0 9.803921569E-05
159.6 0 9.852216749E-05
159.8 0 -0
160 0 -0
160.2 0 0.0001
160.4 0 0.0001005025126
160.6 0 -0.000202020202
160.8 0 -0.0003045685279
161 0 -0.0002040816327
161.2 0 -0.0002051282051
161.4 0 -0.000206185567
161.6 0 -0.000207253886
161.8 0 -0
162 0 0.0001047120419
162.2 0 0.0001052631579
162.4 0 0.0002116402116
162.6 0 0.0001063829787
162.8 4.278074866E-05 -0
163 4.301075269E-05 0.0001075268817
163.2 4.324324324E-05 0.0001081081081
163.4 4.347826087E-05 -0.0001086956522
163.6 4.371584699E-05 -0.000218579235
163.8 4.395604396E-05 -0
164 4.419889503E-05 0.0002209944751
164.2 4.444444444E-05 -0.0001111111111
164.4 0 -0.0001117318436
164.6 0 0.0001123595506
164.8 0 0.0001129943503
165 0 -0
165.2 0 -0
165.4 0 -0.0001149425287
165.6 0 -0.0002312138728
165.8 0 0.0001162790698
166 0 -0
166.2 0 0.0001176470588
166.4 0 0.0004733727811
166.6 0 0.0002380952381
166.8 0 0.000119760479
167 0 -0
167.2 0 -0
167.4 0 0.000243902439
167.6 0 -0
167.8 0 -0.0002469135802
168 0 0.0001242236025
168.2 0 0.00025
168.4 0 -0
168.6 0 0.000253164557
168.8 0 -0
169 0 -0.0003846153846
169.2 0 -0.0002580645161
169.4 0 -0.0002597402597
169.6 0 -0.0001307189542
169.8 0 -0.0001315789474
170 0 -0.0001324503311
170.2 0 -0.0001333333333
170.4 0 -0.0004026845638
170.6 0 -0.0002702702703
170.8 0 -0
171 0 -0
171.2 0 -0.0001379310345
171.4 0 0.0001388888889
171.6 0 0.0004195804196
171.8 0 0.0001408450704
172 0 0.0001418439716
172.2 0 0.0004285714286
172.4 0 0.0004316546763
172.6 0 -0
172.8 0 -0.0001459854015
173 0 0.0001470588235
173.2 0 0.0001481481481
173.4 0 0.0001492537313
173.6 0 0.0003007518797
173.8 0 0.0001515151515
174 0 -0
174.2 0 -0.0001538461538
174.4 0 -0.0003100775194
174.6 0 -0.0003125
174.8 0 -0.0003149606299
175 0 -0.0003174603175
175.2 0 -0.00016
175.4 0 -0
175.6 0 -0.000162601626
175.8 0 -0.0003278688525
176 0 -0.0001652892562
176.2 0 -0.0001666666667
176.4 0 -0.0003361344538
176.6 6.779661017E-05 -0.0003389830508
176.8 0 -0.0001709401709
177 0 -0
177.2 6.956521739E-05 0.0001739130435
177.4 0 -0
177.6 0 -0.0001769911504
177.8 0 -0
178 0 -0
178.2 0 -0
178.4 0 -0
178.6 0 -0
178.8 0 -0
179 0 -0
179.2 0 -0
179.4 0 -0
179.6 0 0.0001941747573
179.8 0 -0
180 0 -0.000198019802
180.2 0 -0
180.4 0 -0
180.6 0 -0
180.8 0 -0
181 0 -0
181.2 0 -0
181.4 0 -0
181.6 0 -0
181.8 0 -0
182 0 -0
182.2 0 -0
182.4 0 0.0002247191011
182.6 0 -0
182.8 0 -0.0002298850575
183 0 -0
183.2 0 -0
183.4 0 -0
183.6 0 -0
183.8 0 -0
184 0 -0
184.2 0 -0
184.4 0 -0
184.6 0 0.0002564102564
184.8 0 0.0002597402597
185 0 -0
185.2 0 -0
185.4 0 -0
185.6 0 0.0002739726027
185.8 0 0.0002777777778
186 0 -0
186.2 0 -0
186.4 0 -0
186.6 0 -0
186.8 0 -0
187 0 0.000303030303
187.2 0 -0
187.4 0 -0.0003125
187.6 0 0.0003174603175
187.8 0 -0
188 0 -0.0003278688525
188.2 0 -0
188.4 0 -0
188.6 0 -0
188.8 0 -0
189 0 -0
189.2 0 -0
189.4 0 -0
189.6 0 -0
189.8 0 -0
190 0 -0
190.2 0 -0.0004
190.4 0 -0.0004081632653
190.6 0 -0
190.8 0 -0
191 0 -0
191.2 0 -0.0004444444444
191.4 0 -0.0004545454545
191.6 0 -0
191.8 0 -0
192 0 -0
192.2 0 -0
192.4 0 -0
192.6 0 -0
192.8 0 -0
193 0 -0
193.2 0 -0
193.4 0 -0
193.6 0 -0
193.8 0 -0
194 0 -0
194.2 0 -0
194.4 0 -0
194.6 0 -0
194.8 0 -0
195 0 -0
195.2 0 -0
195.4 0 -0
195.6 0 -0
195.8 0 -0
196 0 -0
196.2 0 -0
196.4 0 -0
196.6 0 -0
196.8 0 -0
197 0 -0
197.2 0 -0
197.4 0 -0
197.6 0 -0
197.8 0 -0
198 0 -0
198.2 0 -0
198.4 0 -0
198.6 0 -0
198.8 0 -0
199 0 -0
199.2 0 -0
199.4 0 -0
199.6 0 -0
199.8 0 -0
200 0 -0
