0 0.007300204918 -2.342812875E-05
0.2 0.006309375 0.0014921875
0.4 0.005886729692 0.0003673344338
0.6 0.005535678543 0.0003831189952
0.8 0.005234406288 0.0003676286544
1 0.004907852564 0.0001643254207
1.2 0.0046373998 5.479709419E-05
1.4 0.004404320369 0.0002975892141
1.6 0.004152251304 0.0001958609105
1.8 0.003940735353 1.567516051E-05
2 0.00373532216 7.056653954E-05
2.2 0.003557981928 0.0001804091365
2.4 0.003364805143 0.0002275637806
2.6 0.003190313505 0.000117752713
2.8 0.003018822879 7.853337354E-05
3 0.002850336887 0.0001178474457
3.2 0.002694290744 3.929828974E-05
3.4 0.00254126409 -0.0001022166868
3.6 0.002419578131 -9.439186468E-05
3.8 0.002288351128 7.869157937E-06
4 0.002179060863 1.574465941E-05
4.2 0.002075982863 -3.150201613E-05
4.4 0.001972821702 -3.93934046E-05
4.6 0.001860119048 -0.0001182279056
4.8 0.001769403512 -5.519529673E-05
5 0.001669148829 -7.099404281E-05
5.2 0.001581439394 -0.000165719697
5.4 0.001490501213 -0.0001657866815
5.6 0.001415285079 -9.477355439E-05
5.8 0.001317885316 1.58019822E-05
6 0.001252023472 3.952094294E-05
6.2 0.001167130567 3.953694332E-05
6.4 0.001085333131 -8.701650466E-05
6.6 0.001038290113 -7.913796596E-06
6.8 0.00099437576 0.0001425060803
7 0.0009377534469 0.000102962794
7.2 0.0008874239351 -9.503151644E-21
7.4 0.000833882914 -5.548650568E-05
7.6 0.0007993300853 3.171944783E-05
7.8 0.0007679224208 4.759849716E-05
8 0.0007396637546 -2.380891914E-05
8.2 0.0007145579268 -8.733485772E-05
8.4 0.0006830774705 7.942761285E-06
8.6 0.0006547497966 -3.178397071E-05
8.8 0.0006327584453 -7.154304029E-05
9 0.000604387215 7.952463355E-05
9.2 0.0005759928717 3.182281059E-05
9.4 0.0005571261206 -3.183577832E-05
9.6 0.0005414288626 4.777313494E-05
9.8 0.0005416496737 3.982718189E-05
10 0.000529120767 -4.78121175E-05
10.2 0.0005229591837 1.594387755E-05
10.4 0.0005104124132 7.975193957E-06
10.6 0.0004914726307 -7.978451797E-05
10.8 0.0004693246833 -0.0001037622599
11 0.0004567405969 -0.0001117896566
11.2 0.0004441462168 -7.189417178E-05
11.4 0.000444327946 -0.0001198726473
11.6 0.0004349160868 -0.0001199217151
11.8 0.0004254965192 -6.398443898E-05
12 0.0004128687014 -0.0001360226342
12.2 0.0003970286885 -0.0001360783811
12.4 0.0003843788438 -0.0001121104961
12.6 0.0003749230927 -0.0001201676579
12.8 0.0003654595815 -5.610125154E-05
13 0.0003463669951 -7.215979064E-05
13.2 0.0003272587269 -0.0001122946612
13.4 0.0003113444947 -9.629211175E-05
13.6 0.0002954171804 -8.027640773E-05
13.8 0.0002923262747 -3.212376645E-05
14 0.000289232826 -2.41027355E-05
14.2 0.000295781893 -4.01877572E-05
14.4 0.0002862546315 -8.040860436E-06
14.6 0.0002928078666 -7.239754942E-05
14.8 0.0003025854965 -0.0001529022456
15 0.0002994899011 -0.0001127112531
15.2 0.000306056701 -7.24871134E-05
15.4 0.0003094059406 -4.834467822E-05
15.6 0.0003224308708 -8.060771771E-06
15.8 0.0003193383567 -7.257689926E-05
16 0.0003356051219 -9.680916976E-05
16.2 0.0003422004132 -1.614152893E-05
16.4 0.0003391122365 -7.266690781E-05
16.6 0.0003424834574 -0.0001130841605
16.8 0.0003426251552 -7.272703765E-05
17 0.0003427669702 -9.700951987E-05
17.2 0.0003364389234 -8.896221532E-05
17.4 0.0003365782933 -8.899906794E-05
17.6 0.0003302424368 -0.000129506838
17.8 0.0003174233002 -0.0001376580638
18 0.0003110742431 -0.0001377151597
18.2 0.0003112033195 -6.48340249E-05
18.4 0.0003048464093 -8.107617269E-06
18.6 0.0002984842193 -2.433295266E-05
18.8 0.0002921167428 -1.622870794E-05
19 0.0002792497922 -1.84524539E-20
19.2 0.0002728690229 4.060550936E-05
19.4 0.0002632331531 5.687136023E-05
19.6 0.0002535892634 -8.127861007E-06
19.8 0.0002439373439 -4.878746878E-05
20 0.0002407850895 2.440389421E-05
20.2 0.0002278645833 2.44140625E-05
20.4 0.0002181898708 -3.256565236E-05
20.6 0.0002117650125 -3.257923269E-05
20.8 0.0001988162286 -4.074103045E-05
21 0.0001825959933 -2.445482053E-05
21.2 0.0001794102296 1.631002088E-05
21.4 0.0001762218045 5.710891813E-05
21.6 0.0001665012537 4.08091308E-05
21.8 0.0001567725753 -2.449571488E-05
22 0.0001503032204 -8.168653283E-05
22.2 0.0001470972803 -5.720449791E-05
22.4 0.0001438886563 -8.175491838E-06
22.6 0.0001406773451 4.089457705E-05
22.8 0.0001309174696 3.272936741E-05
23 0.0001244237217 -4.092885583E-05
23.2 0.000114648847 -4.913522013E-05
23.4 0.0001048657718 8.192638423E-06
23.6 9.507448594E-05 3.27843055E-05
23.8 8.855478589E-05 2.459855164E-05
24 8.859197816E-05 -4.10148047E-05
24.2 9.191176471E-05 -4.103203782E-05
24.4 9.195039933E-05 8.209857083E-06
24.6 9.198906644E-05 -8.213309504E-06
24.8 9.202776609E-05 -2.465029449E-05
25 9.206649832E-05 -1.644044613E-05
25.2 9.210526316E-05 8.223684211E-06
25.4 9.214406066E-05 2.468144482E-05
25.6 8.889064475E-05 1.646123051E-05
25.8 8.563448567E-05 2.470225548E-05
26 8.567060312E-05 7.413802193E-05
26.2 8.570675105E-05 8.241033755E-05
26.4 9.233853947E-05 6.595609962E-05
26.6 9.237753378E-05 1.649598818E-05
26.8 9.901774398E-05 2.475443599E-05
27 9.905959425E-05 8.254966188E-05
27.2 9.910147992E-05 9.910147992E-05
27.4 9.914340102E-05 4.957170051E-05
27.6 9.91853576E-05 1.653089293E-05
27.8 0.000102534928 4.134472904E-05
28 9.596039814E-05 3.308979246E-05
28.2 9.269067797E-05 1.655190678E-05
28.4 8.941818567E-05 4.139730818E-05
28.6 8.945610687E-05 2.484891858E-05
28.8 8.28648706E-05 -8.28648706E-06
29 7.958404075E-05 1.608838566E-20
29.2 6.96656051E-05 -9.122876858E-05
29.4 7.301401869E-05 -4.148523789E-05
29.6 6.308436039E-05 5.810401615E-05
29.8 5.646789966E-05 1.660820578E-05
30 5.316886431E-05 3.32305402E-05
30.2 4.986702128E-05 6.64893617E-05
30.4 4.323648361E-05 4.988825032E-05
30.6 3.660029813E-05 3.32729983E-05
30.8 3.328717512E-05 6.657435023E-05
31 2.997122762E-05 4.162670503E-05
31.2 3.331556503E-05 1.665778252E-05
31.4 3.666275597E-05 2.499733362E-05
31.6 4.00128041E-05 2.500800256E-05
31.8 4.336571307E-05 2.501868061E-05
32 4.672148654E-05 -8.343122597E-06
32.2 4.674145299E-05 8.346688034E-06
32.4 4.676143651E-05 -8.35025652E-06
32.6 5.68060308E-05 -5.847679641E-05
32.8 5.014441592E-05 -7.521662388E-05
33 5.351027397E-05 -8.360980308E-05
33.2 5.353319058E-05 -6.691648822E-05
33.4 6.025064267E-05 -4.184072408E-05
33.6 6.362516074E-05 -4.185865838E-05
33.8 6.70025729E-05 -8.375321612E-06
34 6.367975118E-05 2.513674389E-05
34.2 6.370708155E-05 -1.676502146E-05
34.4 7.044332331E-05 -1.677221984E-05
34.6 7.047358247E-05 8.389712199E-06
34.8 7.72185217E-05 1.678663515E-05
35 8.732803095E-05 -2.838006518E-21
35.2 9.744623656E-05 -2.52016129E-05
35.4 0.0001042114888 -5.544951369E-20
35.6 0.0001076194576 5.044662075E-05
35.8 0.0001143949182 3.364556417E-05
36 0.0001211762171 -2.524504524E-05
36.2 0.0001245959052 -6.734913793E-05
36.4 0.0001313874515 -3.368909013E-05
36.6 0.0001280737705 2.527771786E-05
36.8 0.0001281290462 -7.231535871E-21
37 0.0001214378238 -5.903227547E-05
37.2 0.0001248650108 -4.218412527E-05
37.4 0.0001249189715 1.688094209E-05
37.6 0.0001182176827 2.533236057E-05
37.8 0.0001115105969 -1.437596983E-20
38 0.0001014171354 -1.690285591E-05
38.2 9.46969697E-05 -4.22754329E-05
38.4 9.135448246E-05 -3.38349935E-05
38.6 9.139406412E-05 -8.462413345E-06
38.8 9.14336801E-05 -1.59528888E-20
39 8.808542931E-05 -1.693950564E-05
39.2 9.151301518E-05 -3.389370933E-05
39.4 9.155273438E-05 -8.477105035E-06
39.6 8.820017369E-05 8.480785931E-06
39.8 8.823848827E-05 8.484470026E-06
40 8.827683616E-05 3.395262929E-05
40.2 8.831521739E-05 3.39673913E-05
40.4 8.835363201E-05 -8.49554154E-06
40.6 8.839208007E-05 -2.54977154E-05
40.8 8.84305616E-05 -4.251469308E-05
41 8.846907666E-05 -1.701328397E-05
41.2 8.850762527E-05 -1.702069717E-05
41.4 8.85462075E-05 -3.405623365E-05
41.6 8.858482338E-05 3.407108591E-05
41.8 8.521487784E-05 -1.596974928E-20
42 8.18419904E-05 -2.5575622E-05
42.2 8.187772926E-05 1.705786026E-05
42.4 8.191349934E-05 -2.559796855E-05
42.6 8.53638549E-05 -1.707277098E-05
42.8 8.540118059E-05 1.567655814E-20
43 9.56911636E-05 3.417541557E-05
43.2 8.889496718E-05 4.273796499E-05
43.4 8.893388792E-05 2.565400613E-05
43.6 9.239487516E-05 3.422032413E-05
43.8 9.585889571E-05 3.423531989E-05
44 9.932595353E-05 4.2812911E-05
44.2 0.0001027960526 2.569901316E-05
44.4 0.000106269197 2.57102896E-05
44.6 0.0001097453907 -1.71477173E-05
44.8 0.0001132246377 -3.431049627E-05
45 0.0001132743849 -8.581392794E-06
45.2 0.0001133241758 -1.717032967E-05
45.4 0.0001168095866 -2.576682058E-05
45.6 0.0001202980642 -1.718543775E-05
45.8 0.0001203510123 -8.59650088E-06
46 0.000120404007 8.600286218E-06
46.2 0.0001238986784 -4.302037445E-05
46.4 0.0001239532834 -6.886293521E-05
46.6 0.0001274526014 8.611662257E-06
46.8 0.0001309550066 -8.615460962E-06
47 0.0001310127979 -3.447705207E-05
47.2 0.0001345198675 4.311534216E-05
47.4 0.0001380300353 8.626877208E-06
47.6 0.0001449955811 -0.0001035682722
47.8 0.0001485134836 -5.180702918E-05
48 0.000152034498 -5.18299425E-05
48.2 0.0001555586283 -8.642146018E-05
48.4 0.00015562749 -5.187583001E-05
48.6 0.0001556964128 -3.459920283E-05
48.8 0.0001557653965 -5.192179885E-05
49 0.0001592974291 -6.06022828E-05
49.2 0.000159368071 -8.661308204E-06
49.4 0.0001594387755 3.466060337E-05
49.6 0.0001595095428 8.668996893E-06
49.8 0.0001561112345 2.601853908E-05
50 0.0001561805864 3.470679698E-05
50.2 0.0001597222222 1.736111111E-05
50.4 0.0001563194753 7.815973766E-05
50.6 0.0001563890125 8.68827847E-05
50.8 0.0001564586115 6.084501558E-05
51 0.0001600066785 3.478406055E-05
51.2 0.0001635579065 5.219933185E-05
51.4 0.000160149287 0.0001131489528
51.6 0.0001602206866 4.353823005E-05
51.8 0.0001637767618 -3.484611954E-05
52 0.0001673360107 -8.239781705E-21
52.2 0.0001674107143 4.359654018E-05
52.4 0.0001674854846 5.233921393E-05
52.6 0.0001710511618 8.028918802E-21
52.8 0.0001746200268 -4.365500671E-05
53 0.0001746981216 -8.734906082E-06
53.2 0.0001712807606 -1.747762864E-05
53.4 0.0001643632498 -5.245635631E-05
53.6 0.0001609381997 -8.74664129E-06
53.8 0.0001610103047 1.750112007E-05
54 0.0001645842671 8.754482295E-06
54.2 0.0001646580717 8.758408072E-06
54.4 0.0001647319426 2.628701211E-05
54.6 0.0001683123878 5.259762118E-05
54.8 0.0001754041311 2.631061967E-05
55 0.0001789925876 -1.75482929E-05
55.2 0.0001825842697 -2.633426966E-05
55.4 0.0001826663669 -1.756407374E-05
55.6 0.000182748538 8.785987404E-06
55.8 0.0001828307831 -8.789941494E-06
56 0.0001829131022 -4.396949572E-05
56.2 0.0001865146396 -4.39893018E-05
56.4 0.0001901194232 -4.400912573E-05
56.6 0.0001866828224 -4.402896754E-05
56.8 0.0001938148399 -2.642929635E-05
57 0.0001974277978 -2.644122292E-05
57.2 0.0002010440181 -3.398961574E-20
57.4 0.0001940774616 8.8217028E-06
57.6 0.0001976954361 -1.765137822E-05
57.8 0.0001977848101 3.531871609E-05
58 0.000187273858 5.300203528E-05
58.2 0.0001873585973 6.588690766E-23
58.4 0.0001839067451 -2.652501132E-05
58.6 0.0001804517663 -1.31675865E-20
58.8 0.0001805335297 7.079746262E-05
59 0.0001770738894 8.85369447E-05
59.2 0.0001736111111 1.77154195E-05
59.4 0.0001666004991 -2.658518603E-05
59.6 0.0001595835225 -8.865751248E-06
59.8 0.0001561080836 8.869777475E-06
60 0.0001526294866 8.87380736E-06
60.2 0.0001491477273 1.206421326E-20
60.4 0.00014211005 -5.329126876E-05
60.6 0.0001457290719 -4.442959509E-05
60.8 0.0001493513883 1.777992717E-05
61 0.0001423041894 3.557604736E-05
61.2 0.000131691344 3.559225513E-05
61.4 0.0001246296718 3.560847767E-05
61.6 0.000113999088 8.906178751E-06
61.8 0.0001104869982 -2.673072536E-05
62 0.000103405979 -1.782861707E-05
62.2 9.988584475E-05 8.561491373E-21
62.4 8.922453175E-05 8.922453175E-06
62.6 7.498286106E-05 -4.463265539E-05
62.8 7.501714678E-05 -8.930612711E-06
63 6.432982617E-05 3.573879231E-05
63.2 5.720823799E-05 -1.746632333E-20
63.4 5.008012821E-05 -3.577152015E-05
63.6 4.652427852E-05 -5.368185983E-05
63.8 4.296516957E-05 -2.685323098E-05
64 3.940279688E-05 -1.791036222E-05
64.2 3.583715596E-05 -4.774468283E-21
64.4 2.868288206E-05 -1.792680128E-05
64.6 2.5109045E-05 -8.96751607E-06
64.8 2.153192467E-05 -8.971635278E-06
65 2.154181985E-05 -4.487879136E-05
65.2 2.155172414E-05 -3.591954023E-05
65.4 1.796803128E-05 -2.695204692E-05
65.6 1.438104004E-05 -3.595260009E-05
65.8 1.079074586E-05 -5.395372928E-05
66 7.197144173E-06 -3.598572087E-05
66.2 7.200460829E-06 -4.500288018E-05
66.4 7.203780544E-06 -2.701417704E-05
66.6 7.207103321E-06 -9.008879151E-06
66.8 7.210429165E-06 -1.802607291E-05
67 7.213758079E-06 -3.60687904E-05
67.2 7.217090069E-06 -6.314953811E-05
67.4 7.220425139E-06 -8.122978281E-05
67.6 7.223763292E-06 -5.417822469E-05
67.8 7.227104533E-06 -3.613552266E-05
68 7.230448866E-06 -8.134254975E-05
68.2 7.233796296E-06 -4.521122685E-05
68.4 7.237146827E-06 -3.618573414E-05
68.6 7.240500463E-06 -6.335437905E-05
68.8 7.243857209E-06 -2.716446453E-05
69 7.247217069E-06 -9.059021336E-06
69.2 7.250580046E-06 -3.625290023E-05
69.4 7.253946147E-06 -5.44045961E-05
69.6 7.257315374E-06 -4.535822109E-05
69.8 1.08910316E-05 1.815171933E-05
70 1.452812645E-05 2.72402371E-05
70.2 1.453488372E-05 -4.542151163E-05
70.4 1.454164728E-05 -9.088529549E-06
70.6 1.454841713E-05 9.092760708E-06
70.8 1.455519329E-05 -2.729098742E-05
71 1.092148183E-05 -4.550617428E-05
71.2 7.284382284E-06 -9.105477855E-06
71.4 7.287779851E-06 -9.109724813E-06
71.6 3.645590294E-06 -2.73419272E-05
71.8 3.64729225E-06 -8.440622049E-21
72 3.648995796E-06 -9.122489491E-06
72.2 7.301401869E-06 3.650700935E-05
72.4 7.304815334E-06 4.565509584E-05
72.6 7.308231993E-06 -0
72.8 7.311651848E-06 -2.922323123E-20
73 7.315074906E-06 -2.74315309E-05
73.2 7.318501171E-06 -0
73.4 7.321930647E-06 4.576206654E-05
73.6 7.325363338E-06 1.831340835E-05
73.8 7.32879925E-06 9.160999062E-06
74 7.332238386E-06 -1.30246718E-20
74.2 1.100352113E-05 -9.169600939E-06
74.4 1.100868953E-05 9.173907938E-06
74.6 1.101386278E-05 1.835643797E-05
74.8 7.346027268E-06 3.673013634E-05
75 7.349482596E-06 6.430797272E-05
75.2 7.352941176E-06 3.676470588E-05
75.4 3.678201507E-06 3.678201507E-05
75.6 3.679934056E-06 7.359868111E-05
75.8 3.681668238E-06 6.442919416E-05
76 3.683404055E-06 2.762553041E-05
76.2 3.685141509E-06 9.212853774E-06
76.4 3.686880604E-06 2.765160453E-05
76.6 7.377242682E-06 -1.965692324E-20
76.8 1.107109117E-05 -1.845181861E-05
77 1.4768431E-05 -9.230269376E-06
77.2 1.846926714E-05 3.664066999E-21
77.4 2.217360454E-05 2.771700568E-05
77.6 3.327614766E-05 -9.243374349E-06
77.8 2.959280303E-05 9.247750947E-06
78 2.960682141E-05 4.626065846E-05
78.2 2.962085308E-05 -3.702606635E-05
78.4 3.333926031E-05 -4.630452821E-05
78.6 2.594283681E-05 1.853059772E-05
78.8 2.9663028E-05 1.156620953E-20
79 2.967711301E-05 -6.491868471E-05
79.2 3.711401425E-05 -4.639251781E-05
79.4 3.341848859E-05 1.8565827E-05
79.6 2.600451736E-05 9.287327627E-06
79.8 2.973358706E-05 9.291745956E-06
80 2.602927178E-05 -1.859233698E-05
80.2 2.976190476E-05 -3.720238095E-05
80.4 2.605407337E-05 -5.583015722E-05
80.6 2.979027645E-05 -3.723784557E-05
80.8 2.980448259E-05 9.313900811E-06
81 2.60913645E-05 2.79550334E-05
81.2 2.610381862E-05 4.661396181E-05
81.4 2.611628462E-05 -1.742982647E-22
81.6 2.612876254E-05 -5.599020545E-05
81.8 2.987571702E-05 -2.80084847E-05
82 3.362625538E-05 -5.358922387E-21
82.2 3.36423445E-05 -1.869019139E-05
82.4 4.113810436E-05 -2.804870752E-05
82.6 4.115780651E-05 -9.354046935E-06
82.8 4.117752755E-05 -9.358528989E-06
83 4.11972675E-05 9.36301534E-06
83.2 4.121702638E-05 9.367505995E-06
83.4 4.123680422E-05 2.477039092E-20
83.6 4.125660106E-05 3.750600096E-05
83.8 4.127641691E-05 9.381003842E-06
84 4.12962518E-05 4.789416053E-21
84.2 4.131610577E-05 -9.390024038E-06
84.4 3.757816258E-05 -9.394540645E-06
84.6 3.383662175E-05 2.819718479E-05
84.8 3.761434762E-05 2.333878014E-20
85 4.139571291E-05 -3.763246628E-05
85.2 4.141566265E-05 -9.412650602E-06
85.4 4.143563163E-05 1.883437801E-05
85.6 4.145561987E-05 -1.884346358E-05
85.8 4.147562741E-05 -1.885255792E-05
86 4.149565427E-05 3.772332207E-05
86.2 4.151570048E-05 5.661231884E-05
86.4 3.775978734E-05 9.439946834E-06
86.6 3.400024178E-05 1.888902321E-05
86.8 2.645742622E-05 1.889816159E-05
87 2.268877057E-05 -2.836096321E-05
87.2 1.891646489E-05 9.458232446E-06
87.4 1.514050388E-05 -9.462814922E-06
87.6 1.136088221E-05 -3.786960737E-05
87.8 1.136639185E-05 -5.683195926E-05
88 1.137190684E-05 -2.84297671E-05
88.2 1.137742718E-05 -9.48118932E-06
88.4 1.517727052E-05 -1.897158815E-05
88.6 1.518464529E-05 9.490403304E-06
88.8 1.519202722E-05 -9.495017015E-06
89 1.899927043E-05 -1.899927043E-05
89.2 1.900851582E-05 -1.900851582E-05
89.4 1.90177702E-05 -4.754442551E-05
89.6 1.522162689E-05 -2.854055041E-05
89.8 1.522904483E-05 9.518153021E-06
90 1.142735251E-05 -1.589978376E-20
90.2 3.81097561E-06 -3.81097561E-05
90.4 7.625671059E-06 -6.672462177E-05
90.6 1.14440918E-05 -2.861022949E-05
90.8 7.633121641E-06 -3.816560821E-05
91 7.636852395E-06 -2.863819648E-05
91.2 7.640586797E-06 2.865220049E-05
91.4 7.644324853E-06 3.822162427E-05
91.6 3.824033284E-06 3.824033284E-05
91.8 0 2.869429481E-05
92 0 -9.569451249E-06
92.2 0 -1.914828431E-05
92.4 0 -8.637321293E-21
92.6 0 -3.833415113E-05
92.8 0 -6.711769759E-05
93 0 -3.837180747E-05
93.2 0 -9.597665848E-06
93.4 3.840953786E-06 -2.880715339E-05
93.6 0 -3.842843089E-05
93.8 0 4.705748645E-22
94 0 2.437198115E-20
94.2 3.848522167E-06 -2.886391626E-05
94.4 7.700837851E-06 -2.887814194E-05
94.6 1.155695266E-05 1.005530247E-20
94.8 1.541687222E-05 -1.834833478E-20
95 1.928060217E-05 -1.795288786E-20
95.2 2.314814815E-05 9.645061728E-06
95.4 2.701951581E-05 9.649827075E-06
95.6 3.089471083E-05 -1.930919427E-05
95.8 3.477373887E-05 -2.897811573E-05
96 3.092528451E-05 -9.66415141E-06
96.2 2.70730198E-05 1.694888604E-20
96.4 2.708642893E-05 3.869489846E-05
96.6 3.097125867E-05 3.871407334E-05
96.8 3.098661378E-05 -9.683316807E-06
97 3.100198413E-05 -3.875248016E-05
97.2 3.489454094E-05 -9.69292804E-06
97.4 3.491186693E-05 3.879096326E-05
97.6 3.492921013E-05 9.702558371E-06
97.8 3.494657058E-05 -9.707380716E-06
98 3.496394828E-05 -1.942441571E-05
98.2 3.498134328E-05 -2.070380172E-20
98.4 3.49987556E-05 1.944375311E-05
98.6 3.890687251E-05 -1.945343625E-05
98.8 3.89262581E-05 -4.865782262E-05
99 3.894566301E-05 -2.920924726E-05
99.2 3.506857855E-05 1.948254364E-05
99.4 3.508607784E-05 1.949226547E-05
99.6 3.510359461E-05 -9.750998502E-06
99.8 3.512112887E-05 -3.902347652E-05
100 3.513868066E-05 -9.760744628E-06
100.2 3.515625E-05 9.765625E-06
100.4 3.126563282E-05 -3.908204102E-05
100.6 3.128128128E-05 -3.91016016E-05
100.8 3.52090636E-05 1.956059089E-05
101 3.522670341E-05 4.259707133E-21
101.2 3.52443609E-05 -3.9160401E-05
101.4 3.526203611E-05 -9.79501003E-06
101.6 3.135975916E-05 -9.799924737E-06
101.8 2.745356426E-05 -9.804844378E-06
102 1.961953792E-05 3.923907584E-05
102.2 1.570351759E-05 5.888819095E-05
102.4 1.178355958E-05 1.963926596E-05
102.6 7.859657948E-06 -1.964914487E-05
102.8 3.931806744E-06 -9.82951686E-06
103 3.933786506E-06 -1.913275418E-20
103.2 3.935768262E-06 2.951826196E-05
103.4 3.937752016E-06 2.953314012E-05
103.6 0 9.849344428E-06
103.8 3.94172553E-06 9.854313824E-06
104 3.943715295E-06 4.929644119E-05
104.2 3.945707071E-06 5.918560606E-05
104.4 3.947700859E-06 4.934626074E-05
104.6 3.949696663E-06 -9.874241658E-06
104.8 7.903388973E-06 -4.939618108E-05
105 1.1861083E-05 9.88423583E-06
105.2 1.582278481E-05 3.955696203E-05
105.4 1.978850051E-05 5.936550152E-05
105.6 1.979853016E-05 4.949632539E-05
105.8 1.980856998E-05 -9.90428499E-06
106 1.585489599E-05 -2.398699773E-20
106.2 1.586294416E-05 5.948604061E-05
106.4 1.190325038E-05 2.975812595E-05
106.6 1.190929878E-05 -9.92441565E-06
106.8 1.191535333E-05 -1.985892222E-05
107 1.192141404E-05 9.934511699E-06
107.2 1.590330789E-05 -9.93956743E-06
107.4 1.59114053E-05 -2.764697527E-20
107.6 1.591951095E-05 9.949694345E-06
107.8 1.592762487E-05 2.986429664E-05
108 1.593574707E-05 6.971889342E-05
108.2 1.594387755E-05 4.982461735E-05
108.4 1.595201633E-05 2.991003063E-05
108.6 1.596016343E-05 -3.136598342E-20
108.8 1.596831886E-05 1.996039857E-05
109 1.597648262E-05 9.985301636E-06
109.2 1.598465473E-05 -4.995204604E-05
109.4 1.599283521E-05 -4.997761003E-05
109.6 1.600102407E-05 -1.000064004E-05
109.8 1.600922131E-05 2.612555177E-21
110 1.601742696E-05 -5.590061308E-21
110.2 2.003205128E-05 -2.097358484E-20
110.4 2.00423294E-05 1.00211647E-05
110.6 2.005261807E-05 1.002630903E-05
110.8 2.407550077E-05 1.456985645E-20
111 2.007322713E-05 2.007322713E-05
111.2 2.410025707E-05 3.012532134E-05
111.4 2.00938786E-05 2.00938786E-05
111.6 2.010422028E-05 -8.497889602E-22
111.8 1.609165808E-05 -7.958276199E-21
112 1.207496136E-05 2.01249356E-05
112.2 1.208118557E-05 8.054123711E-05
112.4 1.208741619E-05 0.0001208741619
112.6 8.062435501E-06 5.039022188E-05
112.8 1.209989675E-05 -2.016649458E-05
113 1.210614669E-05 1.008845558E-05
113.2 1.21124031E-05 3.028100775E-05
113.4 2.019777663E-05 -6.059332989E-05
113.6 2.424987067E-05 -8.083290222E-05
113.8 3.234989648E-05 3.032802795E-05
114 3.641248058E-05 9.103120145E-05
114.2 4.857512953E-05 8.095854922E-05
114.4 4.860031104E-05 6.07503888E-05
114.6 5.267764523E-05 7.091221473E-05
114.8 6.081344058E-05 5.067786715E-05
115 6.490134995E-05 2.028167186E-05
115.2 7.305194805E-05 -7.930681749E-21
115.4 8.121101871E-05 -7.105964137E-05
115.6 8.125325013E-05 -3.04699688E-05
115.8 8.942507804E-05 -3.048582206E-05
116 9.35385216E-05 -8.133784487E-05
116.2 9.765625E-05 -3.051757812E-05
116.4 0.0001017782699 2.035565399E-05
116.6 0.0001059045881 3.054940042E-05
116.8 0.0001018844549 3.056533646E-05
117 0.0001019376305 -2.03875261E-05
117.2 0.0001060704961 -4.079634465E-05
117.4 0.0001102076803 3.061324451E-05
117.6 0.0001102652901 -2.041949817E-05
117.8 0.0001144089958 -7.150562238E-05
118 0.0001226452119 1.022043433E-05
118.2 0.0001186191099 7.158049738E-05
118.4 0.0001227737035 2.046228392E-05
118.6 0.0001228380503 -7.165552935E-05
118.8 0.0001229024646 -5.120936025E-05
119 0.0001147691501 -3.074173662E-05
119.2 0.0001189304462 -3.075787402E-05
119.4 0.0001189929097 6.333563688E-21
119.6 0.0001108447189 2.927021681E-21
119.8 0.0001067954784 -2.053759201E-05
120 0.0001027419779 -2.247291882E-20
120.2 9.868421053E-05 5.139802632E-05
120.4 9.462216956E-05 5.142509215E-05
120.6 9.055584826E-05 8.563926645E-21
120.8 9.060358461E-05 5.147930944E-05
121 9.477188819E-05 0.0001236155063
121.2 9.482189974E-05 8.245382586E-05
121.4 9.48719641E-05 2.062434002E-05
121.6 9.904912837E-05 -2.063523508E-05
121.8 0.0001032307082 -2.064614165E-05
122 0.0001074167107 -2.065705976E-05
122.2 0.000107473545 -3.100198413E-05
122.4 0.0001033946533 -2.067893065E-05
122.6 0.0001034494174 -3.103482521E-05
122.8 9.522390037E-05 -9.315381558E-05
123 9.113202545E-05 -0.0001035591198
123.2 8.703580902E-05 -6.216843501E-05
123.4 8.293524416E-05 -6.220143312E-05
123.6 7.883032395E-05 -7.260687732E-05
123.8 6.641870351E-05 -5.188961211E-05
124 5.399388623E-05 -1.038343966E-05
124.2 4.571143617E-05 -1.038896277E-05
124.4 3.74201703E-05 -3.372304468E-20
124.6 2.49600639E-05 -1.300767562E-20
124.8 8.324453916E-06 -1.040556739E-05
125 0 2.082222814E-05
125.2 4.166666667E-06 -1.041666667E-05
125.4 0 -2.892143014E-20
125.6 0 5.213894821E-05
125.8 0 4.173344017E-05
126 4.175574559E-06 -3.449049348E-20
126.2 0 2.088903743E-05
126.4 4.180042804E-06 -1.656378151E-20
126.6 4.182280514E-06 -1.045570128E-05
126.8 8.369041243E-06 -1.932632475E-20
127 8.373526259E-06 -2.603014862E-20
127.2 8.378016086E-06 2.436067663E-20
127.4 4.191255365E-06 -3.143441524E-05
127.6 4.193505099E-06 1.048376275E-05
127.8 8.391514501E-06 -3.146817938E-05
128 1.259403546E-05 -4.198011822E-05
128.2 1.260080645E-05 -1.050067204E-05
128.4 1.681011296E-05 -3.151896181E-05
128.6 1.261437029E-05 -5.255987621E-05
128.8 8.414108778E-06 -4.207054389E-05
129 4.209321121E-06 1.05233028E-05
129.2 0 5.264487871E-05
129.4 0 5.2673274E-05
129.6 0 -1.054033999E-05
129.8 0 -1.054603132E-05
130 0 -2.110345759E-05
130.2 4.222972973E-06 -4.222972973E-05
130.4 1.267577069E-05 1.056314224E-05
130.6 1.691017316E-05 -1.056885823E-05
130.8 2.11491608E-05 -3.17237412E-05
131 2.539274106E-05 -3.174092633E-05
131.2 2.964092141E-05 1.058604336E-05
131.4 3.813042299E-05 3.177535249E-05
131.6 4.662913728E-05 -2.11950624E-05
131.8 5.513707926E-05 -2.120656895E-05
132 5.941064639E-05 1.414966486E-20
132.2 6.793478261E-05 3.184442935E-05
132.4 7.22199565E-05 -1.062058184E-05
132.6 7.650979325E-05 -1.062636017E-05
132.8 7.655144257E-05 4.252857921E-05
133 7.659313725E-05 3.191380719E-05
133.2 7.663487738E-05 2.128746594E-05
133.4 7.667666303E-05 5.324768266E-05
133.6 7.671849427E-05 3.196603928E-05
133.8 7.676037118E-05 -3.198348799E-05
134 7.680229383E-05 -6.400191152E-05
134.2 7.68442623E-05 -3.201844262E-05
134.4 7.688627665E-05 2.135729907E-05
134.6 7.692833698E-05 1.068449125E-05
134.8 7.697044335E-05 2.138067871E-05
135 7.273411829E-05 -1.069619387E-05
135.2 7.27739726E-05 -5.351027397E-05
135.4 7.281387061E-05 -3.212376645E-05
135.6 7.713933077E-05 -2.142759188E-05
135.8 7.289379802E-05 -2.143935236E-05
136 7.293382757E-05 -4.290225151E-05
136.2 7.29739011E-05 -2.146291209E-05
136.4 7.301401869E-05 3.221206707E-05
136.6 8.164878988E-05 4.29730473E-05
136.8 8.599339571E-05 4.299669785E-05
137 9.034278634E-05 3.226528084E-05
137.2 9.039256198E-05 2.152203857E-05
137.4 9.47491731E-05 1.076695149E-05
137.6 8.18739658E-05 3.231867071E-05
137.8 8.623068433E-05 4.096175365E-20
138 8.196438432E-05 -3.235436223E-05
138.2 7.769337017E-05 -2.158149171E-05
138.4 7.341763405E-05 -2.159342178E-05
138.6 6.913716814E-05 -1.080268252E-05
138.8 6.485196458E-05 -1.080866076E-05
139 5.623615725E-05 -3.244393688E-05
139.2 5.626731302E-05 -4.328254848E-05
139.4 5.196784922E-05 -1.082663525E-05
139.6 4.76636162E-05 1.692975981E-20
139.8 4.335460599E-05 -3.25159545E-05
140 3.904081066E-05 -4.337867851E-05
140.2 3.90625E-05 1.085069444E-05
140.4 3.908421345E-05 2.171345192E-05
140.6 3.910595106E-05 3.262874857E-20
140.8 3.47801892E-05 -1.086880913E-05
141 3.914949889E-05 -2.17497216E-05
141.2 3.917130919E-05 -2.176183844E-05
141.4 3.483835006E-05 -2.177396878E-05
141.6 3.485778026E-05 -4.357222532E-05
141.8 3.487723214E-05 -2.179827009E-05
142 3.489670575E-05 2.181044109E-05
142.2 3.491620112E-05 -8.269961985E-21
142.4 3.493571828E-05 2.183482392E-05
142.6 3.495525727E-05 3.277055369E-05
142.8 3.497481813E-05 3.155429219E-21
143 3.49944009E-05 -1.093575028E-05
143.2 3.50140056E-05 -3.282563025E-05
143.4 3.503363229E-05 -6.568806054E-05
143.6 3.943494111E-05 -6.572490185E-05
143.8 4.384118967E-05 -4.384118967E-05
144 4.82523863E-05 -3.28993543E-05
144.2 4.827949438E-05 -2.194522472E-05
144.4 5.708965711E-05 -3.293634064E-05
144.6 6.151574803E-05 -4.393982002E-05
144.8 6.594682048E-05 -6.594682048E-05
145 7.038288288E-05 -4.39893018E-05
145.2 7.042253521E-05 1.100352113E-05
145.4 7.046223224E-05 1.100972379E-05
145.6 7.050197406E-05 1.101593345E-05
145.8 7.054176072E-05 3.306645034E-05
146 7.058159232E-05 2.20567476E-05
146.2 7.062146893E-05 2.206920904E-05
146.4 7.066139062E-05 1.19622764E-20
146.6 7.070135747E-05 -3.314126131E-05
146.8 7.074136955E-05 3.316001698E-05
147 6.635758777E-05 3.317879388E-05
147.2 6.639518414E-05 1.106586402E-05
147.4 6.200396825E-05 3.321641156E-05
147.6 5.760777085E-05 -1.107841747E-05
147.8 5.320658343E-05 -1.108470488E-05
148 5.323679727E-05 2.218199886E-05
148.2 4.8828125E-05 -1.109730114E-05
148.4 4.885588403E-05 2.406324776E-20
148.6 4.888367463E-05 1.110992605E-05
148.8 4.446499715E-05 -3.334874787E-05
149 4.004128702E-05 -5.561289863E-05
149.2 3.116096866E-05 -4.451566952E-05
149.4 3.117873432E-05 -1.113526226E-05
149.6 2.67398745E-05 2.228322875E-05
149.8 1.783675799E-05 1.114797374E-05
150 8.923472302E-06 -3.346302113E-05
150.2 4.464285714E-06 -3.348214286E-05
150.4 4.466838193E-06 -3.350128645E-05
150.6 4.469393593E-06 -3.352045195E-05
150.8 4.471951918E-06 -1.117987979E-05
151 4.474513173E-06 4.474513173E-05
151.2 8.954154728E-06 -9.941108745E-21
151.4 8.959288991E-06 -4.479644495E-05
151.6 4.482214573E-06 3.361660929E-05
151.8 8.969575201E-06 1.1211969E-05
152 1.346209075E-05 -2.243681792E-05
152.2 1.795977011E-05 7.313714769E-21
152.4 1.347757332E-05 1.12313111E-05
152.6 1.348532796E-05 4.157053297E-20
152.8 1.349309154E-05 -2.24884859E-05
153 1.350086406E-05 -1.125072005E-05
153.2 4.502881844E-06 -1.125720461E-05
153.4 9.010957324E-06 -3.379108997E-05
153.6 9.016156953E-06 2.254039238E-05
153.8 9.021362587E-06 3.38301097E-05
154 9.026574235E-06 2.256643559E-05
154.2 0 5.644869942E-05
154.4 4.518507808E-06 3.388880856E-05
154.6 4.521122685E-06 1.130280671E-05
154.8 4.523740591E-06 2.422783188E-20
155 4.52636153E-06 1.52768232E-20
155.2 4.528985507E-06 -1.734337185E-20
155.4 4.531612529E-06 4.518278845E-20
155.6 4.5342426E-06 1.358248985E-20
155.8 4.536875726E-06 -2.048584819E-20
156 4.539511912E-06 -6.870342002E-21
156.2 4.542151163E-06 -2.271075581E-05
156.4 4.544793485E-06 -1.136198371E-05
156.6 0 1.136859721E-05
156.8 0 -1.13752184E-05
157 4.552738928E-06 2.276369464E-05
157.2 4.555393586E-06 3.41654519E-05
157.4 4.558051342E-06 1.139512835E-05
157.6 4.560712201E-06 1.14017805E-05
157.8 4.563376168E-06 2.281688084E-05
158 4.56604325E-06 6.849064874E-05
158.2 4.56871345E-06 6.853070175E-05
158.4 4.571386776E-06 2.285693388E-05
158.6 4.574063232E-06 3.250067402E-20
158.8 4.576742824E-06 2.288371412E-05
159 4.579425557E-06 -1.144856389E-05
159.2 4.582111437E-06 -3.436583578E-05
159.4 4.584800469E-06 2.292400235E-05
159.6 4.58749266E-06 3.440619495E-05
159.8 4.590188014E-06 4.590188014E-05
160 4.592886537E-06 4.592886537E-05
160.2 4.595588235E-06 1.836766033E-20
160.4 4.598293114E-06 -3.448719835E-05
160.6 4.601001178E-06 1.150250294E-05
160.8 4.603712434E-06 3.452784325E-05
161 4.606426887E-06 1.151606722E-05
161.2 4.609144543E-06 -1.152286136E-05
161.4 4.611865407E-06 -5.764831759E-05
161.6 4.614589486E-06 8.197157595E-21
161.8 4.617316785E-06 4.617316785E-05
162 4.620047309E-06 3.465035482E-05
162.2 4.622781065E-06 3.467085799E-05
162.4 4.625518058E-06 5.781897573E-05
162.6 4.628258294E-06 8.099452014E-05
162.8 9.262003557E-06 6.946502667E-05
163 1.853499407E-05 6.950622776E-05
163.2 1.854599407E-05 3.477373887E-05
163.4 1.855700713E-05 2.319625891E-05
163.6 1.856803327E-05 5.802510398E-05
163.8 1.857907253E-05 5.805960166E-05
164 1.859012493E-05 4.647531231E-05
164.2 1.860119048E-05 4.650297619E-05
164.4 2.326533651E-05 3.489800476E-05
164.6 2.327920143E-05 5.819800358E-05
164.8 2.329308289E-05 5.823270722E-05
165 2.330698091E-05 1.165349045E-05
165.2 1.865671642E-05 2.332089552E-05
165.4 1.866786141E-05 2.072548956E-21
165.6 2.334877466E-05 1.575420116E-20
165.8 1.869019139E-05 -2.336273923E-05
166 2.337672053E-05 -8.181852184E-05
166.2 3.274700599E-05 -5.847679641E-05
166.4 3.74475734E-05 2.340473337E-05
166.6 4.215377698E-05 2.341876499E-05
166.8 3.74925015E-05 -1.171640672E-05
167 4.220438175E-05 3.517031813E-05
167.2 4.222972973E-05 2.346096096E-05
167.4 3.756009615E-05 1.173753005E-05
167.6 3.288484666E-05 -1.174458809E-05
167.8 3.290463297E-05 3.372757141E-21
168 3.292444311E-05 -1.175872968E-05
168.2 3.765060241E-05 -3.529743976E-05
168.4 4.238245931E-05 -7.063743219E-05
168.6 4.712002413E-05 -7.068003619E-05
168.8 4.714846107E-05 -3.536134581E-05
169 5.661231884E-05 -4.417375925E-21
169.2 6.136706949E-05 7.08081571E-05
169.4 6.14041717E-05 8.265946191E-05
169.6 6.144131881E-05 4.726255293E-05
169.8 6.14785109E-05 2.364558111E-05
170 5.678376741E-05 1.182995154E-05
170.2 5.681818182E-05 1.183712121E-05
170.4 4.73771983E-05 1.184429958E-05
170.6 4.266535194E-05 -7.11089199E-05
170.8 4.743472981E-05 -3.557604736E-05
171 4.27171932E-05 -3.5597661E-05
171.2 4.274316109E-05 -0.0001068579027
171.4 3.801703163E-05 -8.316225669E-05
171.6 3.804017042E-05 -3.566265977E-05
171.8 3.806333739E-05 -2.378958587E-05
172 3.80865326E-05 -4.760816575E-05
172.2 4.287347561E-05 -3.572789634E-05
172.4 4.289963392E-05 -3.574969494E-05
172.6 4.292582418E-05 -3.577152015E-05
172.8 4.295204643E-05 -7.158674404E-05
173 3.820293399E-05 -5.969208435E-05
173.2 3.822629969E-05 -3.583715596E-05
173.4 4.303090575E-05 -1.195302938E-05
173.6 4.305725658E-05 2.070362804E-20
173.8 4.308363971E-05 -4.787071078E-05
174 4.311005518E-05 -4.790006131E-05
174.2 4.313650307E-05 -3.594708589E-05
174.4 4.316298343E-05 -1.198971762E-05
174.6 4.318949631E-05 -1.199708231E-05
174.8 4.321604179E-05 -1.200445605E-05
175 4.324261993E-05 -2.402367774E-05
175.2 4.326923077E-05 -8.413461538E-05
175.4 4.329587438E-05 -6.013315887E-05
175.6 3.369531731E-05 2.40680838E-05
175.8 3.371609125E-05 2.408292232E-05
176 2.409777915E-05 -1.074972843E-20
176.2 2.411265432E-05 1.205632716E-05
176.4 1.93020383E-05 -2.412754787E-05
176.6 1.44854759E-05 -2.414245983E-05
176.8 9.662956092E-06 -1.207869511E-05
177 4.834467822E-06 -7.251701733E-05
177.2 4.8374613E-06 -7.25619195E-05
177.4 4.840458488E-06 -2.420229244E-05
177.6 4.843459392E-06 1.051902951E-20
177.8 4.84646402E-06 1.211616005E-05
178 4.849472377E-06 2.424736189E-05
178.2 4.852484472E-06 1.103908055E-20
178.4 4.855500311E-06 -2.427750155E-05
178.6 4.8585199E-06 -4.8585199E-05
178.8 4.861543248E-06 -4.861543248E-05
179 4.864570361E-06 -1.21614259E-05
179.2 4.867601246E-06 -5.104662605E-21
179.4 4.87063591E-06 1.217658978E-05
179.6 4.873674361E-06 -1.416385444E-20
179.8 4.876716604E-06 -1.219179151E-05
180 4.879762648E-06 2.439881324E-05
180.2 4.8828125E-06 3.662109375E-05
180.4 4.885866166E-06 4.885866166E-05
180.6 4.888923655E-06 3.666692741E-05
180.8 4.891984972E-06 1.222996243E-05
181 4.895050125E-06 2.447525063E-05
181.2 0 1.224529781E-05
181.4 0 -1.410944915E-20
181.6 0 -1.226067169E-05
181.8 0 -1.226837312E-05
182 4.91043369E-06 -0
182.2 4.913522013E-06 1.228380503E-05
182.4 0 1.229153556E-05
182.6 4.919710327E-06 2.459855164E-05
182.8 4.922810334E-06 4.922810334E-05
183 4.92591425E-06 3.694435687E-05
183.2 4.929022082E-06 3.696766562E-05
183.4 4.932133838E-06 3.699100379E-05
183.6 4.935249526E-06 -6.154230551E-20
183.8 4.938369153E-06 -3.691521365E-20
184 4.941492726E-06 1.235373182E-05
184.2 4.944620253E-06 1.236155063E-05
184.4 4.947751742E-06 1.236937935E-05
184.6 4.950887199E-06 1.2377218E-05
184.8 4.954026633E-06 -1.970344673E-20
185 4.957170051E-06 -2.478585025E-05
185.2 4.96031746E-06 2.48015873E-05
185.4 4.963468869E-06 4.963468869E-05
185.6 0 -9.299668995E-21
185.8 4.969783715E-06 -2.484891858E-05
186 4.972947167E-06 -2.486473584E-05
186.2 4.97611465E-06 -1.244028662E-05
186.4 4.97928617E-06 -2.490344207E-20
186.6 4.982461735E-06 -1.245615434E-05
186.8 4.985641353E-06 -1.246410338E-05
187 4.988825032E-06 -5.272167824E-20
187.2 4.99201278E-06 -1.248003195E-05
187.4 4.995204604E-06 -2.497602302E-05
187.6 4.998400512E-06 -1.249600128E-05
187.8 0 -1.250400128E-05
188 0 -1.251201153E-05
188.2 0 -5.008012821E-05
188.4 0 -6.26403143E-05
188.6 0 3.140143774E-20
188.8 0 2.374050053E-20
189 0 -2.510443445E-05
189.2 0 -2.512057878E-05
189.4 0 -1.256837194E-05
189.6 0 2.515292981E-05
189.8 0 3.77537049E-05
190 0 1.259268214E-05
190.2 0 1.260080645E-05
190.4 0 2.52178825E-05
190.6 0 1.261708656E-05
190.8 5.050096962E-06 4.139013676E-20
191 5.053363519E-06 -1.26334088E-05
191.2 5.056634304E-06 -2.528317152E-05
191.4 5.059909326E-06 -2.529954663E-05
191.6 5.063188594E-06 -1.265797148E-05
191.8 5.066472114E-06 -4.459342381E-20
192 1.013951979E-05 -2.534879948E-05
192.2 1.521915584E-05 -1.268262987E-05
192.4 1.015269656E-05 2.538174139E-05
192.6 1.015929779E-05 -2.539824447E-05
192.8 2.033181522E-05 -3.812215355E-05
193 2.54313151E-05 -2.54313151E-05
193.2 3.053745928E-05 -3.81718241E-05
193.4 3.565026076E-05 -1.273223598E-05
193.6 4.076973255E-05 1.274054142E-05
193.8 4.589588773E-05 2.776425121E-20
194 5.102873939E-05 -2.551436969E-05
194.2 5.616830065E-05 -1.276552288E-05
194.4 6.13145847E-05 8.051861736E-21
194.6 6.646760471E-05 1.278223168E-05
194.8 7.162737394E-05 2.848410152E-20
195 7.679390564E-05 -1.279898427E-05
195.2 7.68442623E-05 -1.046349135E-20
195.4 8.202099738E-05 5.126312336E-05
195.6 8.720453053E-05 0.0001025935653
195.8 8.726182654E-05 -1.283262155E-05
196 9.24556213E-05 -5.136423406E-05
196.2 9.251644737E-05 5.139802632E-05
196.4 9.257735352E-05 3.85738973E-05
196.6 9.263833992E-05 1.800446323E-20
196.8 9.269940672E-05 -6.4374588E-05
197 9.276055409E-05 -5.153364116E-05
197.2 8.76650165E-05 3.867574257E-05
197.4 8.256274769E-05 5.160171731E-05
197.6 8.261731659E-05 5.163582287E-05
197.8 8.267195767E-05 5.166997354E-05
198 7.755625414E-05 6.463021178E-05
198.2 6.725993377E-05 5.17384106E-05
198.4 7.248177601E-05 5.177269715E-05
198.6 7.252984085E-05 2.590351459E-05
198.8 7.776211015E-05 -9.568120036E-21
199 7.262616202E-05 1.29689575E-05
199.2 7.26744186E-05 3.893272425E-05
199.4 7.272273936E-05 2.597240691E-05
199.6 7.277112442E-05 -6.497421823E-05
199.8 7.28195739E-05 -3.901048602E-05
200 6.766322452E-05 5.204863424E-05
200.2 6.770833333E-05 2.604166667E-05
200.4 7.296531021E-05 -1.302951968E-05
200.6 7.301401869E-05 1.303821762E-05
200.8 7.306279225E-05 3.914078156E-05
201 7.311163102E-05 1.30556484E-05
201.2 7.316053512E-05 -9.792832273E-21
201.4 7.320950469E-05 -2.614625167E-05
201.6 7.325853985E-05 -3.924564635E-05
201.8 7.330764075E-05 2.618130027E-05
202 6.811703555E-05 1.309942991E-05
202.2 6.291946309E-05 -1.310822148E-05
202.4 5.771490934E-05 -9.348538752E-21
202.6 5.250336022E-05 -1.312584005E-05
202.8 4.728480161E-05 3.940400134E-05
203 4.205921938E-05 3.943051817E-05
203.2 4.734848485E-05 1.31523569E-05
203.4 4.211590296E-05 2.632243935E-05
203.6 3.687626433E-05 5.268037761E-05
203.8 3.162955466E-05 5.271592443E-05
204 2.637575962E-05 3.956363943E-05
204.2 2.111486486E-05 2.639358108E-05
204.4 1.056457066E-05 -1.320571332E-05
204.6 5.285859269E-06 -2.642929635E-05
204.8 5.28943805E-06 -5.28943805E-05
205 1.058604336E-05 -2.64651084E-05
205.2 1.059322034E-05 -2.648305085E-05
205.4 1.590061058E-05 -3.975152646E-05
205.6 1.59114053E-05 4.079306575E-20
205.8 1.061480978E-05 -1.326851223E-05
206 1.062202583E-05 -5.268721827E-21
206.2 5.31462585E-06 1.328656463E-05
206.4 0 -1.060412792E-21
206.6 5.321866485E-06 -1.330466621E-05
206.8 1.065098841E-05 -2.021498708E-20
207 1.065825375E-05 3.996845157E-05
207.2 1.599829352E-05 1.333191126E-05
207.4 2.134562842E-05 -5.336407104E-05
207.6 2.136021873E-05 -6.675068353E-05
207.8 2.1374829E-05 -1.335926813E-05
208 2.138945927E-05 -1.336841205E-05
208.2 2.140410959E-05 -5.351027397E-05
208.4 2.141877999E-05 -4.016021247E-05
208.6 2.143347051E-05 1.339591907E-05
208.8 2.144818119E-05 -1.009168908E-20
209 2.146291209E-05 -2.758289317E-20
209.2 2.147766323E-05 2.684707904E-05
209.4 2.149243466E-05 5.373108666E-05
209.6 2.150722643E-05 4.032604955E-05
209.8 2.152203857E-05 4.035382231E-05
210 2.153687112E-05 5.384217781E-05
210.2 2.693965517E-05 1.452236083E-20
210.4 3.234989648E-05 -5.391649413E-05
210.6 3.77676105E-05 -5.395372928E-05
210.8 4.319281272E-05 4.049326192E-05
211 4.322268326E-05 8.104253112E-05
211.2 4.865916955E-05 -1.351643599E-05
211.4 5.41031856E-05 -1.35257964E-05
211.6 5.955474705E-05 6.767584893E-05
211.8 5.959604716E-05 2.708911234E-05
212 5.963740458E-05 -6.776977793E-05
212.2 6.510416667E-05 -5.425347222E-05
212.4 6.514940931E-05 2.714558721E-05
212.6 5.976182197E-05 2.716446453E-05
212.8 6.524008351E-05 -5.436673626E-05
213 7.072597493E-05 -1.360114903E-05
213.2 6.533101045E-05 5.444250871E-05
213.4 6.537656904E-05 2.72402371E-05
213.6 7.087404047E-05 4.08888695E-05
213.8 6.546787709E-05 5.455656425E-05
214 6.005415793E-05 1.364867226E-05
214.2 4.916958042E-05 -4.097465035E-05
214.4 3.826976907E-05 -2.733554934E-05
214.6 3.282563025E-05 1.367734594E-05
214.8 2.1899089E-05 -2.737386125E-05
215 1.64358345E-05 3.357950285E-20
215.2 1.096491228E-05 2.74122807E-05
215.4 0 -2.74315309E-05
215.6 0 -2.367318488E-20
215.8 0 1.373505626E-05
216 0 -9.940421667E-22
216.2 0 -1.375440141E-05
216.4 0 -3.208790915E-20
216.6 0 -5.509520451E-05
216.8 0 1.378352152E-05
217 0 5.51730226E-05
217.2 0 -2.760600707E-05
217.4 0 -2.762553041E-05
217.6 0 -1.891273353E-20
217.8 0 5.532932011E-05
218 0 2.768426648E-05
218.2 0 -1.385195035E-05
218.4 0 -6.930890703E-05
218.6 0 -4.161487926E-05
218.8 0 4.164445629E-05
219 0 8.334815078E-05
219.2 0 8.340747331E-05
219.4 5.564458689E-06 1.391114672E-05
219.6 5.568424804E-06 1.392106201E-05
219.8 0 5.572396576E-05
220 0 4.182280514E-05
220.2 0 2.790178571E-05
220.4 0 2.792172981E-05
220.6 0 1.397085122E-05
220.8 0 -1.398085183E-05
221 5.596346705E-06 -1.399086676E-05
221.2 1.120071685E-05 -2.800179211E-05
221.4 1.681312769E-05 -2.802187948E-05
221.6 2.804199569E-05 1.402099785E-05
221.8 2.80621408E-05 4.209321121E-05
222 2.246585191E-05 1.404115744E-05
222.2 2.248201439E-05 -1.405125899E-05
222.4 2.249820014E-05 1.406137509E-05
222.6 2.814301153E-05 1.407150576E-05
222.8 4.506128335E-05 -1.408165105E-05
223 5.636724387E-05 -4.22754329E-05
223.2 6.768953069E-05 5.061242528E-21
223.4 7.338330925E-05 -3.125572523E-21
223.6 7.908532176E-05 4.523216281E-20
223.8 7.348950796E-05 2.826519537E-05
224 8.485698769E-05 -1.414283128E-05
224.2 9.624094203E-05 -2.012103664E-20
224.4 0.0001076414068 -8.380541182E-21
224.6 0.000119058418 -4.252086357E-05
224.8 0.0001304920116 -4.255174292E-05
225 0.0001419422238 -1.177460235E-20
225.2 0.0001477272727 2.840909091E-05
225.4 0.0001535207424 2.84297671E-05
225.6 0.0001593226511 -1.422523671E-05
225.8 0.0001651330175 5.694241983E-05
226 0.00017095186 8.547592998E-05
226.2 0.0001710766423 1.425638686E-05
226.4 0.000171201607 4.280040175E-05
226.6 0.0001713267544 8.566337719E-05
226.8 0.0001714520849 4.286302121E-05
227 0.0001715775988 1.429813324E-05
227.2 0.0001774267399 8.585164835E-05
227.4 0.0001775568182 0.0001431909824
227.6 0.0001662234043 0.0001003072267
227.8 0.0001606093979 4.302037445E-05
228 0.0001492468773 2.870132256E-05
228.2 0.0001436121324 -1.436121324E-05
228.4 0.0001379690949 -4.311534216E-05
228.6 0.0001380706922 -4.314709131E-05
228.8 0.0001324152542 1.439296242E-05
229 0.0001267514749 -2.880715339E-05
229.2 0.0001153136531 -2.882841328E-05
229.4 0.0001096288774 4.675863028E-20
229.6 0.0001039356984 -1.443551367E-05
229.8 0.000104012574 -1.722151097E-20
230 9.252405625E-05 -1.952109823E-20
230.2 8.680555556E-05 1.074001668E-20
230.4 8.107857672E-05 3.116819232E-20
230.6 6.954747774E-05 -1.448905786E-05
230.8 6.959910913E-05 2.89996288E-05
231 5.223811293E-05 4.353176077E-05
231.2 4.646840149E-05 1.452137546E-05
231.4 4.069010417E-05 1.453218006E-05
231.6 3.490320179E-05 2.908600149E-05
231.8 2.328614009E-05 1.455383756E-05
232 2.330350485E-05 -1.456469053E-05
232.2 1.749067164E-05 4.37266791E-05
232.4 1.166915609E-05 1.458644511E-05
232.6 5.838938714E-06 -4.379204036E-05
232.8 5.843305909E-06 -2.921652954E-05
233 5.847679641E-06 -4.385759731E-05
233.2 5.852059925E-06 -0.0001024110487
233.4 5.856446777E-06 -8.784670165E-05
233.6 5.86084021E-06 -3.077209656E-20
233.8 5.86524024E-06 1.46631006E-05
234 5.869646882E-06 -4.402235162E-05
234.2 5.87406015E-06 -5.87406015E-05
234.4 5.87848006E-06 -2.93924003E-05
234.6 5.882906627E-06 1.309681487E-20
234.8 5.887339864E-06 2.943669932E-05
235 5.891779789E-06 1.472944947E-05
235.2 5.896226415E-06 -7.370283019E-05
235.4 5.900679758E-06 -8.851019637E-05
235.6 5.905139834E-06 -4.428854875E-05
235.8 5.909606657E-06 -5.909606657E-05
236 5.914080242E-06 -7.392600303E-05
236.2 5.918560606E-06 -2.959280303E-05
236.4 5.923047763E-06 -1.480761941E-05
236.6 5.92754173E-06 -0.0001037319803
236.8 1.186408504E-05 -8.898063781E-05
237 1.18731003E-05 -4.452412614E-05
237.2 1.188212928E-05 -2.970532319E-05
237.4 1.189117199E-05 -9.244604116E-21
237.6 1.190022848E-05 -4.509314194E-20
237.8 1.190929878E-05 1.488662348E-05
238 1.191838291E-05 -4.469393593E-05
238.2 1.192748092E-05 -7.454675573E-05
238.4 1.193659282E-05 2.984148205E-05
238.6 1.194571865E-05 4.479644495E-05
238.8 1.195485845E-05 -2.988714614E-05
239 1.196401225E-05 -1.495501531E-05
239.2 1.197318008E-05 2.012107011E-21
239.4 1.198236196E-05 -1.497795245E-05
239.6 5.995778972E-06 -1.498944743E-05
239.8 1.200076805E-05 -1.500096006E-05
240 1.801498847E-05 -6.004996157E-05
240.2 1.201923077E-05 -1.502403846E-05
240.4 1.804272517E-05 -4.510681293E-05
240.6 2.407550077E-05 -9.028312789E-05
240.8 2.409406322E-05 -3.011757903E-05
241 2.411265432E-05 -3.01408179E-05
241.2 3.016409266E-05 -4.5246139E-05
241.4 3.622488408E-05 -3.01874034E-05
241.6 3.021075019E-05 -1.806370031E-20
241.8 3.628095975E-05 6.769016799E-21
242 4.23605732E-05 -1.512877614E-05
242.2 4.239341085E-05 1.514050388E-05
242.4 4.242629946E-05 3.030449961E-05
242.6 4.852484472E-05 -1.516401398E-05
242.8 5.463286713E-05 -3.035159285E-05
243 6.07503888E-05 -1.51875972E-05
243.2 6.687743191E-05 1.519941634E-05
243.4 7.301401869E-05 2.998521412E-20
243.6 7.916017147E-05 -3.04462198E-05
243.8 8.531591264E-05 -3.04699688E-05
244 9.148126464E-05 3.156836853E-20
244.2 9.765625E-05 4.577636719E-05
244.4 9.77326036E-05 4.581215794E-05
244.6 0.000103922144 1.528266823E-05
244.8 0.0001040035239 4.58839076E-05
245 0.0001040850313 6.122648903E-05
245.2 0.0001041666667 3.06372549E-05
245.4 0.0001103806907 1.533065149E-05
245.6 0.0001166044776 -1.534269442E-05
245.8 0.0001166961478 -3.070951258E-05
246 0.0001229346971 -1.748843421E-20
246.2 0.0001230314961 3.075787402E-05
246.4 0.0001231284476 3.07821119E-05
246.6 0.0001293868297 2.877426455E-20
246.8 0.0001233228098 1.541535122E-05
247 0.0001234202212 3.085505529E-05
247.2 0.0001173418972 -3.087944664E-05
247.4 0.0001112539557 -4.635581487E-05
247.6 0.0001051563737 3.136856499E-20
247.8 0.0001052396989 3.095285261E-05
248 0.000111518636 2.207891584E-20
248.2 0.000105406746 -1.550099206E-05
248.4 9.928514694E-05 1.551330421E-05
248.6 9.315381558E-05 -1.552563593E-05
248.8 8.079753381E-05 -6.215194909E-05
249 7.464171975E-05 -3.110071656E-05
249.2 6.847609562E-05 -3.112549801E-05
249.4 6.853070175E-05 -3.115031898E-05
249.6 6.235035914E-05 -1.290584013E-21
249.8 6.864017572E-05 -1.560003994E-05
250 6.869504396E-05 -4.683752998E-05
250.2 6.875E-05 -1.5625E-05
250.4 6.255004003E-05 -1.563751001E-05
250.6 5.634014423E-05 -3.130008013E-05
250.8 5.012028869E-05 -3.132518043E-05
251 4.389044944E-05 -4.702548154E-05
251.2 4.392570281E-05 -1.5687751E-05
251.4 4.396101286E-05 -1.570036174E-05
251.6 3.771118262E-05 -4.713897828E-05
251.8 3.774154589E-05 1.572564412E-05
252 3.77719581E-05 6.29532635E-05
252.2 3.780241935E-05 1.575100806E-05
252.4 3.152744149E-05 1.576372074E-05
252.6 2.524232633E-05 -3.55985327E-22
252.8 2.526273242E-05 -1.240450406E-20
253 1.264158576E-05 3.16039644E-05
253.2 6.325910931E-06 1.310966493E-20
253.4 6.331037277E-06 -1.582759319E-05
253.6 0 -1.832992369E-21
253.8 0 -1.585328734E-05
254 0 -1.117493448E-20
254.2 0 1.587906504E-05
254.4 0 1.589198535E-05
254.6 0 1.590492671E-05
254.8 0 1.591788916E-05
255 0 3.186174551E-05
255.2 0 -1.594387755E-05
255.4 0 -4.787071078E-05
255.6 0 5.955164942E-21
255.8 0 1.598301964E-05
256 0 -1.599610975E-05
256.2 0 -1.600922131E-05
256.4 0 3.204470878E-05
256.6 0 3.207101806E-05
256.8 0 -3.209737058E-05
257 0 -6.424753289E-05
257.2 0 1.607510288E-05
257.4 0 -1.473283977E-20
257.6 0 -1.610160758E-05
257.8 0 1.611489274E-05
258 0 -3.225639967E-05
258.2 0 -6.45661157E-05
258.4 0 -6.461952026E-05
258.6 0 -3.233650662E-05
258.8 0 -1.618164872E-05
259 0 -5.454736567E-21
259.2 0 4.621435955E-20
259.4 0 1.622196844E-05
259.6 0 4.945542943E-21
259.8 0 -3.249792013E-05
260 0 -3.252497918E-05
260.2 6.510416667E-06 -1.627604167E-05
260.4 6.515846539E-06 -4.886884904E-05
260.6 6.521285476E-06 1.84247246E-20
260.8 1.95802005E-05 6.5267335E-05
261 6.532190635E-06 3.266095318E-05
261.2 6.537656904E-06 1.634414226E-05
261.4 1.308626466E-05 -1.635783082E-05
261.6 1.96458508E-05 1.637154233E-05
261.8 1.310822148E-05 2.117684012E-20
262 1.967884131E-05 -4.919710327E-05
262.2 1.969537815E-05 1.641281513E-05
262.4 1.314129521E-05 3.285323802E-05
262.6 6.576178451E-06 -3.288089226E-05
262.8 1.316343724E-05 3.455549733E-20
263 1.317453626E-05 1.646817032E-05
263.2 1.318565401E-05 3.296413502E-05
263.4 6.59839527E-06 3.299197635E-05
263.6 0 -3.301986475E-05
263.8 6.609560068E-06 -1.652390017E-05
264 6.615156647E-06 -1.653789162E-05
264.2 6.620762712E-06 1.981534557E-21
264.4 1.325275657E-05 1.656594572E-05
264.6 1.326400679E-05 3.316001698E-05
264.8 1.327527613E-05 3.318819031E-05
265 6.643282313E-06 -3.321641156E-05
265.2 1.994680851E-05 -3.324468085E-05
265.4 1.330919932E-05 1.663649915E-05
265.6 1.998081841E-05 1.665068201E-05
265.8 1.333191126E-05 -3.332977816E-05
266 2.001494449E-05 -3.335824082E-05
266.2 2.670940171E-05 1.669337607E-05
266.4 2.673224979E-05 3.341531223E-05
266.6 2.006635274E-05 1.672196062E-05
266.8 2.008354756E-05 -1.673628963E-05
267 2.010077187E-05 -3.350128645E-05
267.2 2.011802575E-05 -1.676502146E-05
267.4 2.684707904E-05 1.67794244E-05
267.6 2.687016337E-05 1.679385211E-05
267.8 2.016996558E-05 -1.680830465E-05
268 2.01873385E-05 -3.364556417E-05
268.2 2.020474138E-05 -1.683728448E-05
268.4 2.022217429E-05 2.556290779E-20
268.6 1.349309154E-05 1.686636442E-05
268.8 1.350475367E-05 1.688094209E-05
269 1.351643599E-05 1.689554498E-05
269.2 1.352813853E-05 1.691017316E-05
269.4 6.769930676E-06 1.692482669E-05
269.6 0 1.693950564E-05
269.8 6.781684028E-06 -3.390842014E-05
270 6.787576021E-06 -5.090682016E-05
270.2 6.793478261E-06 -3.39673913E-05
270.4 6.799390775E-06 1.699847694E-05
270.6 6.805313589E-06 6.805313589E-05
270.8 6.811246731E-06 5.108435048E-05
271 0 -6.137502242E-20
271.2 0 -5.117358079E-05
271.4 0 -3.414554196E-05
271.6 6.835083115E-06 -1.708770779E-05
271.8 6.841068301E-06 -1.710267075E-05
272 6.847063979E-06 -3.863074808E-21
272.2 6.853070175E-06 5.139802632E-05
272.4 6.859086918E-06 6.859086918E-05
272.6 6.865114236E-06 1.716278559E-05
272.8 6.871152155E-06 3.435576077E-05
273 6.877200704E-06 -3.564132185E-20
273.2 6.883259912E-06 -5.162444934E-05
273.4 1.377865961E-05 -3.444664903E-05
273.6 1.379082083E-05 -5.531057861E-21
273.8 6.901501767E-06 6.901501767E-05
274 1.381520778E-05 8.634504863E-05
274.2 6.913716814E-06 8.642146018E-05
274.4 1.383968113E-05 1.729960142E-05
274.6 1.385195035E-05 -1.731493794E-05
274.8 1.386424135E-05 1.733030169E-05
275 2.081483126E-05 1.734569272E-05
275.2 2.083333333E-05 -1.736111111E-05
275.4 2.085186833E-05 3.96255762E-20
275.6 2.087043633E-05 1.739203028E-05
275.8 1.392602496E-05 -7.200780317E-21
276 6.969223907E-06 1.485809656E-20
276.2 0 -5.231584821E-05
276.4 0 -6.981680071E-05
276.6 0 -3.493962433E-05
276.8 0 -3.497090421E-05
277 0 -3.500224014E-05
277.2 0 -1.751681614E-05
277.4 0 1.873114172E-20
277.6 0 -1.75482929E-05
277.8 7.025629496E-06 1.756407374E-05
278 7.031953195E-06 1.757988299E-05
278.2 0 -3.519144144E-05
278.4 7.044634806E-06 2.965474912E-20
278.6 7.05099278E-06 3.52549639E-05
278.8 7.05736224E-06 9.713223187E-20
279 7.063743219E-06 -1.765935805E-05
279.2 7.070135747E-06 -5.30260181E-05
279.4 1.415307971E-05 -8.845674819E-05
279.6 1.416591115E-05 -1.770738894E-05
279.8 1.417876588E-05 4.579009524E-20
280 1.419164396E-05 1.773955495E-05
280.2 1.420454545E-05 3.551136364E-05
280.4 1.421747043E-05 3.519571518E-20
280.6 1.423041894E-05 5.446003973E-21
280.8 1.424339107E-05 3.560847767E-05
281 1.425638686E-05 4.919670391E-21
281.2 1.426940639E-05 -1.783675799E-05
281.4 1.428244973E-05 6.666045477E-20
281.6 1.429551693E-05 2.415651241E-20
281.8 1.430860806E-05 1.788576007E-05
282 1.432172319E-05 4.150950217E-20
282.2 1.433486239E-05 1.343548136E-20
282.4 7.174012856E-06 3.587006428E-05
282.6 7.180606618E-06 3.590303309E-05
282.8 0 5.390409384E-05
283 0 7.193830571E-05
283.2 0 5.400345622E-05
283.4 0 1.80177583E-05
283.6 0 1.80343952E-05
283.8 0 3.610212569E-05
284 0 1.806776133E-05
284.2 0 3.616898148E-05
284.4 0 7.240500463E-05
284.6 0 3.623608534E-05
284.8 0 -1.356504378E-21
285 0 3.630343866E-05
285.2 0 3.63372093E-05
285.4 0 3.637104283E-05
285.6 0 5.460740913E-05
285.8 0 3.643889925E-05
286 0 3.64729225E-05
286.2 7.301401869E-06 3.650700935E-05
286.4 0 3.654115996E-05
286.6 0 1.828768727E-05
286.8 0 1.118880185E-20
287 0 3.664399625E-05
287.2 0 5.501760563E-05
287.4 0 1.835643797E-05
287.6 0 3.674741298E-05
287.8 0 9.195503766E-05
288 0 0.0001288583883
288.2 0 5.527712264E-05
288.4 0 1.452154416E-20
288.6 0 3.69210775E-05
288.8 0 5.543401135E-05
289 0 5.548650568E-05
289.2 0 3.702606635E-05
289.4 0 1.853059772E-05
289.6 0 4.244430673E-20
289.8 0 -3.713165399E-05
290 0 -1.858349191E-05
290.2 0 3.720238095E-05
290.4 0 -1.861892278E-05
290.6 7.454675573E-06 -3.727337786E-05
290.8 0 -1.865448902E-05
291 0 -3.734464627E-05
291.2 0 -5.607057416E-05
291.4 0 -3.741618774E-05
291.6 0 -2.624919734E-21
291.8 0 -1.874400192E-05
292 0 -3.752401537E-05
292.2 0 -8.540540277E-21
292.4 7.519249278E-06 -5.639436959E-05
292.6 7.526493256E-06 -0.0001128973988
292.8 7.533751205E-06 -3.766875603E-05
293 7.541023166E-06 -5.655767375E-05
293.2 7.548309179E-06 -7.548309179E-05
293.4 7.555609284E-06 -1.888902321E-05
293.6 7.562923524E-06 -1.890730881E-05
293.8 7.570251938E-06 -1.892562984E-05
294 7.577594568E-06 3.297244685E-20
294.2 7.584951456E-06 1.79813992E-20
294.4 7.592322643E-06 -1.898080661E-05
294.6 7.599708171E-06 -3.799854086E-05
294.8 7.607108082E-06 -1.90177702E-05
295 7.614522417E-06 -3.807261209E-05
295.2 7.62195122E-06 -5.716463415E-05
295.4 1.525878906E-05 -3.814697266E-05
295.6 2.291055718E-05 -3.818426197E-05
295.8 1.528864971E-05 2.016962204E-20
296 2.295543585E-05 -1.912952987E-05
296.2 3.06372549E-05 -1.914828431E-05
296.4 3.833415113E-05 -1.916707556E-05
296.6 4.604616896E-05 -3.837180747E-05
296.8 5.3773353E-05 -1.920476893E-05
297 6.151574803E-05 -3.844734252E-05
297.2 6.927339901E-05 -5.772783251E-05
297.4 6.934171598E-05 -7.704635108E-05
297.6 6.941016782E-05 -9.640301086E-05
297.8 7.71986166E-05 -3.85993083E-05
298 7.727497527E-05 1.931874382E-05
298.2 7.735148515E-05 5.801361386E-05
298.4 7.742814668E-05 9.678518335E-05
298.6 7.750496032E-05 9.68812004E-05
298.8 7.758192651E-05 0.0001163728898
299 7.765904573E-05 9.707380716E-05
299.2 7.773631841E-05 9.717039801E-05
299.4 7.781374502E-05 0.0001167206175
299.6 7.789132602E-05 0.0001363098205
299.8 7.796906188E-05 0.0001364458583
300 7.804695305E-05 0.0001170704296
300.2 7.8125E-05 0.0001171875
300.4 7.82032032E-05 0.0001173048048
300.6 7.828156313E-05 9.785195391E-05
300.8 7.836008024E-05 5.877006018E-05
301 7.843875502E-05 3.921937751E-05
301.2 7.851758794E-05 9.814698492E-05
301.4 7.859657948E-05 0.0001178948692
301.6 7.867573011E-05 -7.667206844E-21
301.8 8.663054435E-05 -1.968876008E-05
302 8.671796165E-05 -2.3023225E-20
302.2 8.680555556E-05 3.945707071E-05
302.4 8.689332659E-05 5.924544995E-05
302.6 8.69812753E-05 -4.60722641E-21
302.8 8.706940223E-05 1.978850051E-05
303 8.715770791E-05 3.961713996E-05
303.2 8.724619289E-05 3.965736041E-05
303.4 8.733485772E-05 -1.98488313E-05
303.6 8.742370295E-05 -9.934511699E-05
303.8 9.546843177E-05 -5.966776986E-05
304 0.0001035295617 -3.981906218E-05
304.2 0.0001116071429 -9.964923469E-05
304.4 0.0001197012257 -5.985061287E-05
304.6 0.0001278118609 -1.997060327E-05
304.8 0.0001359390993 5.997313204E-05
305 0.0001440829918 6.003457992E-05
305.2 0.0001522435897 -2.003205128E-05
305.4 0.0001604209446 6.015785421E-05
305.6 0.0001605858171 0.0001204393628
305.8 0.0001687885802 4.01877572E-05
306 0.0001770082389 6.034371782E-05
306.2 0.0001852448454 0.0001208118557
306.4 0.000193498452 2.015608875E-05
306.6 0.0001936983471 -2.017691116E-05
306.8 0.0002100568769 -0.0001009888831
307 0.0002102743271 -0.0001617494824
307.2 0.000210492228 -0.0001416774611
307.4 0.0002107105809 -6.078189834E-05
307.6 0.0002028167186 2.399731755E-20
307.8 0.000186785343 -2.030275468E-05
308 0.0001707206035 -3.260764828E-20
308.2 0.0001546223958 -4.069010417E-05
308.4 0.000146637122 -6.109880083E-05
308.6 0.0001467901879 -4.077505219E-05
308.8 0.0001469435737 -4.081765935E-05
309 0.0001470972803 2.043017782E-05
309.2 0.0001472513089 4.090314136E-05
309.4 0.000139216457 -6.141902516E-05
309.6 0.0001229669465 -2.049449108E-05
309.8 0.0001066832983 2.664982558E-20
310 9.036540484E-05 -6.161277603E-05
310.2 7.401315789E-05 -2.055921053E-05
310.4 5.762644889E-05 6.174437506E-21
310.6 4.944620253E-05 -6.180775316E-05
310.8 4.124868004E-05 -6.187302006E-05
311 3.303382664E-05 -4.12922833E-05
311.2 2.48015873E-05 2.307610316E-20
311.4 1.655190678E-05 2.068988347E-05
311.6 8.284729586E-06 -2.071182397E-05
311.8 0 -4.405173983E-21
312 0 -6.226753454E-05
312.2 0 -8.311170213E-05
312.4 0 -6.240015974E-05
312.6 0 -4.164445629E-05
312.8 0 -2.084445037E-05
313 0 -6.260016026E-05
313.2 8.355614973E-06 -0.0001253342246
313.4 1.672912206E-05 -0.0001254684154
313.6 2.512057878E-05 -0.0001046690782
313.8 3.353004292E-05 -6.286883047E-05
314 4.19575725E-05 -2.097878625E-05
314.2 5.040322581E-05 -4.200268817E-05
314.4 5.886706136E-05 -6.307185145E-05
314.6 6.734913793E-05 -8.418642241E-05
314.8 7.584951456E-05 -6.32079288E-05
315 8.436825054E-05 -4.218412527E-05
315.2 9.290540541E-05 -4.222972973E-05
315.4 0.000101461039 -8.45508658E-05
315.6 0.0001184994583 -6.348185265E-05
315.8 0.00012710141 6.555730992E-20
316 0.0001357220413 3.785968384E-20
316.2 0.000144361413 2.122961957E-05
316.4 0.0001445184984 -1.490942594E-20
316.6 0.0001616966231 -3.93956143E-20
316.8 0.0001703925845 2.129907306E-05
317 0.0001705786026 -2.132232533E-05
317.2 0.0001878415301 2.134562842E-05
317.4 0.0002051422319 1.237868946E-20
317.6 0.0002053669222 -2.139238773E-05
317.8 0.0002055921053 2.14158443E-05
318 0.0002229692645 2.143935236E-05
318.2 0.0002403846154 -4.292582418E-05
318.4 0.0002492436744 -6.445957096E-05
318.6 0.0002409140969 2.151018722E-05
318.8 0.0002411797133 4.306780595E-05
319 0.0002414459161 4.308365487E-20
319.2 0.0002417127072 2.630866082E-21
319.4 0.0002419800885 2.160536504E-05
319.6 0.0002335963455 4.32585825E-05
319.8 0.0002251940133 8.661308204E-05
320 0.0002254439512 4.335460599E-05
320.2 0.0002256944444 -6.510416667E-05
320.4 0.000225945495 -0.0001086276418
320.6 0.0002261971047 -4.072105229E-20
320.8 0.0002264492754 6.532190635E-05
321 0.0002267020089 -1.959008963E-20
321.2 0.0002269553073 -6.546787709E-05
321.4 0.0002272091723 -6.554110738E-05
321.6 0.0002274636058 2.187150056E-05
321.8 0.0002189602018 8.758408072E-05
322 0.0002104377104 4.384118967E-05
322.2 0.0002018960674 4.389044944E-05
322.4 0.0001933352081 6.590973003E-05
322.6 0.0001847550676 2.19946509E-05
322.8 0.0001761555806 3.921449386E-20
323 0.0001763544018 -2.204430023E-05
323.2 0.0001765536723 2.206920904E-05
323.4 0.0001590780543 4.418834842E-05
323.6 0.0001504105323 -4.764019456E-20
323.8 0.000141723356 2.807867723E-20
324 0.0001330164586 2.216940976E-05
324.2 0.0001242897727 -1.624575848E-20
324.4 0.0001066552901 -2.22198521E-05
324.6 9.787870159E-05 2.224515945E-05
324.8 8.908209806E-05 -4.454104903E-05
325 8.918378995E-05 -0.0001337756849
325.2 8.035714286E-05 -6.696428571E-05
325.4 7.151029748E-05 2.234696796E-05
325.6 6.264318442E-05 -4.474513173E-05
325.8 5.375573394E-05 -8.959288991E-05
326 4.4847876E-05 6.727181401E-05
326.2 3.591954023E-05 6.734913793E-05
326.4 2.697065593E-05 -2.247554661E-05
326.6 1.800115207E-05 2.250144009E-05
326.8 9.010957324E-06 2.252739331E-05
327 0 -2.255340647E-05
327.2 0 4.515895954E-05
327.4 9.04224537E-06 0.0001356336806
327.6 0 4.52636153E-05
327.8 0 9.063225058E-05
328 0 9.073751452E-05
328.2 0 -4.542151163E-05
328.4 0 -1.975936838E-20
328.6 0 9.105477855E-05
328.8 0 4.558051342E-05
329 0 -6.377918692E-20
329.2 0 6.853070175E-05
329.4 0 6.861094848E-05
329.6 0 9.158851114E-05
329.8 0 4.584800469E-05
330 0 2.295094007E-05
330.2 0 4.595588235E-05
330.4 0 -8.419401945E-21
330.6 0 -2.303213443E-05
330.8 0 4.611865407E-05
331 0 0.0001154329196
331.2 0 6.934171598E-05
331.4 0 -4.628258294E-05
331.6 0 -4.633748517E-05
331.8 0 4.639251781E-05
332 0 9.289536266E-05
332.2 0 0.0001162574405
332.4 0 9.311680572E-05
332.6 0 4.661396181E-05
332.8 0 2.333482676E-05
333 0 2.336273923E-05
333.2 9.356287425E-06 -1.913787419E-20
333.4 9.367505995E-06 2.545425629E-21
333.6 0 -2.344687875E-05
333.8 0 -4.695012019E-05
334 0 -4.700661853E-05
334.2 0 -4.706325301E-05
334.4 0 9.702562563E-21
334.6 0 -2.749679766E-20
334.8 0 2.469579392E-20
335 0 4.729116223E-05
335.2 0 1.985290379E-20
335.4 0 -2.37029733E-05
335.6 0 2.730886587E-21
335.8 0 2.376064477E-05
336 0 -2.378958587E-05
336.2 0 -9.527439024E-05
336.4 0 -7.154304029E-05
336.6 0 -2.387683374E-05
336.8 0 4.78121175E-05
337 0 2.393535539E-05
337.2 0 4.792944785E-05
337.4 0 7.198249386E-05
337.6 0 2.402367774E-05
337.8 0 -3.581867568E-20
338 0 -3.563465885E-21
338.2 0 0.0001205632716
338.4 0 0.000144854759
338.6 0 2.417233911E-05
338.8 0 -7.260687732E-05
339 0 -9.69292804E-05
339.2 0 -4.852484472E-05
339.4 0 -4.8585199E-05
339.6 0 -9.729140722E-05
339.8 0 -4.87063591E-05
340 0 2.438358302E-05
340.2 0 2.44140625E-05
340.4 0 -9.777847309E-05
340.6 0 -9.790100251E-05
340.8 0 -2.450595985E-05
341 0 -2.453674623E-05
341.2 0 -2.456761006E-05
341.4 0 -4.919710327E-05
341.6 0 -4.92591425E-05
341.8 0 -2.466066919E-05
342 0 -4.938369153E-05
342.2 0 -4.944620253E-05
342.4 0 -7.426330798E-05
342.6 0 -4.957170051E-05
342.8 0 2.481734435E-05
343 0 -3.339824573E-20
343.2 0 -4.97611465E-05
343.4 9.964923469E-06 -4.982461735E-05
343.6 9.977650064E-06 -4.988825032E-05
343.8 9.990409207E-06 -4.995204604E-05
344 2.000640205E-05 -5.885470886E-20
344.2 3.004807692E-05 -3.382303009E-20
344.4 3.008664955E-05 -2.507220796E-05
344.6 3.012532134E-05 -5.020886889E-05
344.8 4.021879022E-05 -5.027348777E-05
345 5.03382732E-05 -2.51691366E-05
345.2 6.048387097E-05 -7.850826792E-21
345.4 7.065568475E-05 2.523417313E-05
345.6 8.08538163E-05 2.526681759E-05
345.8 9.107836788E-05 -2.529954663E-05
346 0.0001013294423 -2.533236057E-05
346.2 0.0001116071429 -5.073051948E-05
346.4 0.0001015929779 -5.079648895E-05
346.6 0.0001017252604 5.086263021E-05
346.8 0.0001018578879 7.639341591E-05
347 9.179177546E-05 7.649314621E-05
347.2 8.169934641E-05 0.000102124183
347.4 8.180628272E-05 7.669339005E-05
347.6 8.191349934E-05 5.119593709E-05
347.8 7.17683727E-05 5.126312336E-05
348 6.159658344E-05 5.13304862E-05
348.2 5.139802632E-05 5.139802632E-05
348.4 4.117259552E-05 7.71986166E-05
348.6 4.122691293E-05 0.0001288341029
348.8 3.096103038E-05 0.0001032034346
349 3.100198413E-05 -2.583498677E-05
349.2 3.104304636E-05 -5.17384106E-05
349.4 4.144562334E-05 -2.590351459E-05
349.6 5.187583001E-05 -2.593791501E-05
349.8 6.23337766E-05 4.550023624E-20
350 7.28195739E-05 5.201398136E-05
350.2 8.333333333E-05 7.8125E-05
350.4 8.344459279E-05 0.000104305741
350.6 9.400066845E-05 0.0001044451872
350.8 0.0001045850067 5.229250335E-05
351 0.0001256702413 2.618130027E-05
351.2 0.0001363255034 2.621644295E-05
351.4 0.0001365087366 5.250336022E-05
351.6 0.000136692463 2.628701211E-05
351.8 0.0001368766846 2.632243935E-05
352 0.0001370614035 7.907388664E-05
352.2 0.0001372466216 0.0001055743243
352.4 0.000137432341 7.928788904E-05
352.6 0.0001376185637 5.29302168E-05
352.8 0.0001378052917 5.300203528E-05
353 0.0001273777174 2.653702446E-05
353.2 0.0001275510204 2.657312925E-05
353.4 0.0001064373297 5.321866485E-05
353.6 9.592428377E-05 2.664563438E-05
353.8 8.538251366E-05 8.004610656E-05
354 7.48119015E-05 0.0001335926813
354.2 6.421232877E-05 5.351027397E-05
354.4 4.286694102E-05 2.679183813E-05
354.6 3.219436813E-05 0.0001073145604
354.8 2.149243466E-05 0.0001074621733
355 1.076101928E-05 0.000134512741
355.2 0 0.0001885775862
355.4 1.079074586E-05 0.0001348843232
355.6 2.161134163E-05 0.0001080567082
355.8 3.246191136E-05 5.41031856E-05
356 4.334257975E-05 5.442556939E-20
356.2 4.340277778E-05 -1.303521249E-20
356.4 5.432892907E-05 -2.716446453E-05
356.6 6.528551532E-05 -2.720229805E-05
356.8 8.716875872E-05 8.17207113E-05
357 8.729050279E-05 2.727828212E-05
357.2 9.833916084E-05 2.731643357E-05
357.4 0.0001094187675 0.0001367734594
357.6 0.000120529453 2.73930575E-05
357.8 0.0001316713483 5.200928757E-20
358 0.0001538326301 5.494022504E-05
358.2 0.0001650528169 8.252640845E-05
358.4 0.0001763046544 0.0001377380113
358.6 0.0001875882768 8.27595339E-05
358.8 0.0002099540311 8.287659123E-05
359 0.0002213172805 4.298458925E-21
359.2 0.0002437943262 -2.770390071E-05
359.4 0.0002552379261 0.0001109730114
359.6 0.0002556009957 0.0001389135846
359.8 0.0002559650997 2.782229345E-05
360 0.0002786198288 5.572396576E-05
360.2 0.0002901785714 0.0001395089286
360.4 0.0003017703863 -3.936291821E-20
360.6 0.0002910100287 5.596346705E-05
360.8 0.0002802187948 8.406563845E-05
361 0.0002693965517 2.80621408E-05
361.2 0.0002585431655 -7.124373019E-20
361.4 0.0002589157061 -4.304336489E-20
361.6 0.000248015873 2.818362193E-05
361.8 0.0002483742775 5.644869942E-05
362 0.0002374276411 5.653039074E-05
362.2 0.0002377717391 -1.174082326E-20
362.4 0.000238116836 -8.504172714E-05
362.6 0.000249818314 -5.677688953E-05
362.8 0.0002501819505 0.0001137190684
363 0.0002391581633 -3.070466099E-20
363.2 0.0002509124088 -0.0001140510949
363.4 0.0002512792398 -8.644472252E-20
363.6 0.0002516471449 -4.219188313E-20
363.8 0.0002749266862 -2.863819648E-05
364 0.0002753303965 -2.868024963E-05
364.2 0.0002872242647 -5.744485294E-05
364.4 0.0002876472754 5.024314507E-20
364.6 0.0002880715339 2.880715339E-05
364.8 0.0003000369276 -5.769940916E-05
365 0.0003235946746 -0.0001733542899
365.2 0.0003240740741 -0.0001736111111
365.4 0.0003361461424 -2.897811573E-05
365.6 0.0003366456166 1.130327771E-19
365.8 0.0003255208333 -5.812872024E-05
366 0.0003376490313 -0.0001455383756
366.2 0.0003614738806 -8.745335821E-05
366.4 0.0003736920777 4.161212937E-20
366.6 0.0003625561377 -0.0001169535928
366.8 0.0003513868066 -5.856446777E-05
367 0.0003636448949 -6.011178078E-20
367.2 0.0003759398496 -6.700576224E-20
367.4 0.0003647402108 -4.272134607E-20
367.6 0.0003535067873 -0.0001178355958
367.8 0.000342239426 -8.851019637E-05
368 0.0003309379728 2.765067569E-20
368.2 0.0003196022727 -2.959280303E-05
368.4 0.00030823217 -5.92754173E-05
368.6 0.0002968275076 -0.000118731003
368.8 0.0002972792998 -0.0001783675799
369 0.0002977324695 -0.0001488662348
369.2 0.000286259542 -8.945610687E-05
369.4 0.0002866972477 -2.986429664E-05
369.6 0.000287136294 -5.982006126E-05
369.8 0.0002995590491 -1.296257134E-19
370 0.0003000192012 3.000192012E-05
370.2 0.0002884615385 -0.0001201923077
370.4 0.0002889060092 -0.0001504718798
370.6 0.0002893518519 -9.04224537E-05
370.8 0.0002897990726 -9.05622102E-05
371 0.000290247678 -3.023413313E-05
371.2 0.0002906976744 -5.239289988E-20
371.4 0.0002911490683 -0.0001213121118
371.6 0.0002916018663 -0.0001215007776
371.8 0.0002920560748 -0.0001521125389
372 0.000304699688 -0.0001828198128
372.2 0.0003173828125 -6.103515625E-05
372.4 0.0003178794992 -0.0001222613459
372.6 0.0003183777429 -9.183973354E-05
372.8 0.000318877551 6.132260597E-05
373 0.0003193789308 3.070951258E-05
373.2 0.0003198818898 -1.991948562E-20
373.4 0.0003203864353 -3.080638801E-05
373.6 0.000320892575 -0.0001234202212
373.8 0.0003214003165 -0.0001236155063
374 0.0003219096672 9.689017268E-21
374.2 0.0003224206349 -7.057659822E-20
374.4 0.0003229332273 -3.105127186E-05
374.6 0.0003234474522 -0.0001244028662
374.8 0.0003239633174 -0.0001557515949
375 0.0003244808307 -3.120007987E-05
375.2 0.000325 -9.375E-05
375.4 0.0003255208333 -9.390024038E-05
375.6 0.0003260433387 1.468184251E-20
375.8 0.0003265675241 -5.591278617E-20
376 0.0003270933977 3.145128824E-05
376.2 0.0003276209677 3.150201613E-05
376.4 0.0003281502423 -6.310581583E-05
376.6 0.0003286812298 -9.48118932E-05
376.8 0.0003292139384 -6.331037277E-05
377 0.0003297483766 -3.170657468E-05
377.2 0.0003302845528 -3.175813008E-05
377.4 0.0003308224756 -9.542956026E-05
377.6 0.0003313621533 -9.558523654E-05
377.8 0.0003319035948 -6.382761438E-05
378 0.0003324468085 -3.115407229E-20
378.2 0.0003201844262 -6.403688525E-05
378.4 0.0003207101806 -9.621305419E-05
378.6 0.0003212376645 -3.212376645E-05
378.8 0.0003217668863 -6.435337727E-05
379 0.0003222978548 -6.445957096E-05
379.2 0.0003228305785 -9.684917355E-05
379.4 0.0003104304636 -6.467301325E-05
379.6 0.0002979892206 3.853136834E-20
379.8 0.0002855066445 -2.544401766E-20
380 0.0002729825291 -7.287216398E-20
380.2 0.0002604166667 -6.473356768E-20
380.4 0.0002478088481 -3.260642738E-05
380.6 0.0002351588629 -6.532190635E-05
380.8 0.0002224664992 3.559173325E-20
381 0.0002097315436 -3.277055369E-05
381.2 0.0001969537815 -0.000131302521
381.4 0.0001972853535 6.576178451E-05
381.6 0.0001712689713 0.0001646817032
381.8 0.0001583614865 3.328878228E-20
382 0.0001454103215 -3.304780034E-05
382.2 0.0001324152542 -7.302618923E-21
382.4 0.0001193760611 -3.316001698E-05
382.6 0.0001195790816 -6.643282313E-05
382.8 0.0001064735945 -6.654599659E-05
383 9.332337884E-05 3.332977816E-05
383.2 8.012820513E-05 6.677350427E-05
383.4 6.688784247E-05 -3.344392123E-05
383.6 8.040308748E-05 -3.350128645E-05
383.8 6.711769759E-05 -0.0001006765464
384 5.378657487E-05 -0.0001008498279
384.2 4.040948276E-05 6.734913793E-05
384.4 2.698618307E-05 3.373272884E-05
384.6 1.351643599E-05 -6.758217993E-05
384.8 1.353986135E-05 -6.769930676E-05
385 1.356336806E-05 -6.781684028E-05
385.2 0 -6.793478261E-05
385.4 1.361062718E-05 -3.402656794E-05
385.6 1.363438045E-05 6.817190227E-05
385.8 1.365821678E-05 0.0001024366259
386 2.73642732E-05 3.420534151E-05
386.2 4.111842105E-05 6.853070175E-05
386.4 4.119068541E-05 0.0001029767135
386.6 2.750880282E-05 -3.438600352E-05
386.8 1.377865961E-05 -0.0001033399471
387 0 -7.634583407E-21
387.2 0 0.0001382743363
387.4 0 0.0001038896277
387.6 0 -3.469138544E-05
387.8 1.390124555E-05 -3.475311388E-05
388 1.392602496E-05 -3.481506239E-05
388.2 1.395089286E-05 -3.487723214E-05
388.4 1.397584973E-05 6.401222194E-20
388.6 1.400089606E-05 -3.500224014E-05
388.8 1.402603232E-05 3.506508079E-05
389 1.405125899E-05 3.512814748E-05
389.2 1.407657658E-05 -3.519144144E-05
389.4 1.410198556E-05 -7.05099278E-05
389.6 2.825497288E-05 -0.0001412748644
389.8 2.830615942E-05 -3.538269928E-05
390 2.835753176E-05 7.08938294E-05
390.2 2.840909091E-05 3.551136364E-05
390.4 2.846083789E-05 3.557604736E-05
390.6 4.276916058E-05 3.564096715E-05
390.8 5.71297989E-05 -3.570612431E-05
391 5.723443223E-05 -0.0001073145604
391.2 7.167431193E-05 -7.167431193E-05
391.4 8.616727941E-05 -7.180606618E-05
391.6 8.632596685E-05 -3.596915285E-05
391.8 8.648523985E-05 7.207103321E-05
392 8.664510166E-05 3.610212569E-05
392.2 7.233796296E-05 2.451812255E-20
392.4 7.247217069E-05 1.892536547E-21
392.6 5.808550186E-05 -3.630343866E-05
392.8 5.819366853E-05 -7.274208566E-05
393 7.287779851E-05 -3.643889925E-05
393.2 5.841121495E-05 7.301401869E-05
393.4 5.852059925E-05 0.0001097261236
393.6 4.39727955E-05 3.664399625E-05
393.8 2.937030075E-05 -7.342575188E-05
394 2.942561205E-05 -0.0001471280603
394.2 1.474056604E-05 -7.370283019E-05
394.4 1.4768431E-05 3.69210775E-05
394.6 1.479640152E-05 -3.699100379E-05
394.8 1.482447818E-05 -7.412239089E-05
395 1.48526616E-05 -7.426330798E-05
395.2 1.488095238E-05 -0.0001116071429
395.4 1.490935115E-05 0.0001118201336
395.6 0 3.734464627E-05
395.8 2.993295019E-05 -4.099822715E-20
396 2.999040307E-05 3.748800384E-05
396.2 4.507211538E-05 -3.756009615E-05
396.4 4.515895954E-05 -4.858312969E-20
396.6 6.032818533E-05 -3.770511583E-05
396.8 7.555609284E-05 3.777804642E-05
397 6.05620155E-05 3.785125969E-05
397.2 6.067961165E-05 -3.792475728E-05
397.4 4.559824903E-05 -3.799854086E-05
397.6 6.091617934E-05 1.41848145E-20
397.8 4.577636719E-05 -3.814697266E-05
398 4.586594912E-05 -3.822162427E-05
398.2 3.06372549E-05 -1.36402677E-20
398.4 4.604616896E-05 -7.329688075E-20
398.6 6.151574803E-05 7.689468504E-05
398.8 7.704635108E-05 7.704635108E-05
399 7.71986166E-05 -7.71986166E-05
399.2 7.735148515E-05 -7.735148515E-05
399.4 7.750496032E-05 3.875248016E-05
399.6 7.765904573E-05 3.882952286E-05
399.8 7.781374502E-05 -3.890687251E-05
400 7.796906188E-05 1.132736161E-20
400.2 6.25E-05 3.90625E-05
400.4 6.26252505E-05 -5.100905851E-20
400.6 4.706325301E-05 -1.216413102E-19
400.8 4.715794769E-05 3.929828974E-05
401 3.150201613E-05 7.875504032E-05
401.2 1.578282828E-05 3.945707071E-05
401.4 0 -3.953694332E-05
401.6 0 3.961713996E-05
401.8 0 3.96976626E-05
402 1.59114053E-05 3.977851324E-05
402.2 0 -9.491992249E-20
402.4 0 -7.988241309E-05
402.6 0 -8.004610656E-05
402.8 0 -8.021047228E-05
403 0 4.01877572E-05
403.2 0 -1.433612221E-20
403.4 0 -8.620770338E-20
403.6 0 4.04373706E-05
403.8 0 -3.127948156E-20
404 0 -8.121101871E-05
404.2 0 1.479077252E-20
404.4 0 6.476372807E-21
404.6 0 4.086035565E-05
404.8 0 8.189203354E-05
405 0 -7.289895217E-20
405.2 0 -4.111842105E-05
405.4 0 -8.241033755E-05
405.6 0 -8.25845666E-05
405.8 0 -4.137976695E-05
406 0 4.146762208E-05
406.2 0 2.596889516E-20
406.4 0 -2.82926945E-20
406.6 1.669337607E-05 -4.173344017E-05
406.8 1.672912206E-05 -4.182280514E-05
407 1.676502146E-05 2.935869204E-20
407.2 1.680107527E-05 -4.200268817E-05
407.4 1.683728448E-05 2.024688498E-20
407.6 0 8.436825054E-05
407.8 0 -5.97243674E-20
408 0 -8.473427332E-05
408.2 0 -4.245923913E-05
408.4 0 -4.255174292E-05
408.6 0 -4.264465066E-05
408.8 0 6.403795089E-21
409 0 1.038859569E-19
409.2 0 4.094064655E-20
409.4 0 -1.151606851E-19
409.6 0 -6.505490068E-20
409.8 0 1.744943631E-19
410 0 -6.269832034E-20
410.2 0 -2.506808506E-20
410.4 0 2.967111328E-20
410.6 0 -3.846237393E-20
410.8 0 -3.758678919E-20
411 0 -6.308906489E-20
411.2 0 -3.610581602E-20
411.4 0 4.39893018E-05
411.6 0 4.408860045E-05
411.8 0 -3.765955171E-20
412 0 -1.240900827E-19
412.2 0 -7.194962223E-20
412.4 0 -4.056307011E-20
412.6 0 4.059203102E-20
412.8 0 7.786383984E-20
413 0 -3.924339041E-20
413.2 0 -1.032140854E-19
413.4 0 -5.437839322E-20
413.6 0 7.31661754E-20
413.8 0 -1.562666551E-20
414 0 -4.531612529E-05
414.2 0 -7.565954649E-20
414.4 0 4.552738928E-05
414.6 0 4.563376168E-05
414.8 0 0.000137221897
415 0 9.169600939E-05
415.2 0 4.595588235E-05
415.4 0 -6.656079001E-20
415.6 0 -4.617316785E-05
415.8 0 4.628258294E-05
416 0 9.952515749E-20
416.2 0 -7.007617607E-20
416.4 0 -3.64120395E-20
416.6 0 -4.672547847E-05
416.8 0 9.367505995E-05
417 0 4.695012019E-05
417.2 0 -0.000141189759
417.4 0 -9.435386473E-05
417.6 0 9.458232446E-05
417.8 0 4.74059466E-05
418 0 -4.752128954E-05
418.2 0 4.763719512E-05
418.4 0 -2.870645473E-20
418.6 0 4.787071078E-05
418.8 0 4.798832924E-05
419 0 -4.810652709E-05
419.2 0 4.822530864E-05
419.4 0 4.834467822E-05
419.6 0 9.69292804E-05
419.8 0 4.8585199E-05
420 0 -4.87063591E-05
420.2 0 -4.8828125E-05
420.4 0 -4.895050125E-05
420.6 0 8.972411336E-20
420.8 0 -2.42533345E-20
421 0 -4.932133838E-05
421.2 0 -4.138494405E-20
421.4 0 4.957170051E-05
421.6 0 1.195565205E-19
421.8 0 -4.982461735E-05
422 0 -4.995204604E-05
422.2 0 5.008012821E-05
422.4 0 0.0001506266067
422.6 0 0.0002013530928
422.8 0 0.0001514050388
423 0 0.0002023963731
423.2 0 0.0001521915584
423.4 0 0.0001017252604
423.6 0 0.0001529862924
423.8 0 0.0001022578534
424 0 0.0001025262467
424.2 0 0.0002055921053
424.4 0 0.0001546009235
424.6 0 5.166997354E-05
424.8 0 0.0001036140584
425 0 0.0001038896277
425.2 0 0.0001041666667
425.4 0 0.0001566677807
425.6 0 0.0001570878016
425.8 0 0.0002100134409
426 0 0.0001052897574
426.2 0 7.304911538E-23
426.4 0 0.0001058604336
426.6 0 0.0001592221467
426.8 0 0.0001064373297
427 0 -1.466566159E-19
427.2 2.140410959E-05 -9.502370523E-20
427.4 2.146291209E-05 0.0001609718407
427.6 2.152203857E-05 0.0001614152893
427.8 2.158149171E-05 -9.987812481E-20
428 2.164127424E-05 0.0001082063712
428.2 2.170138889E-05 -1.051514689E-19
428.4 2.176183844E-05 -0.0001088091922
428.6 2.18226257E-05 0.0001091131285
428.8 2.18837535E-05 0.0001094187675
429 4.389044944E-05 -0.0001097261236
429.2 6.602112676E-05 -1.078965809E-19
429.4 8.827683616E-05 0.0001103460452
429.6 8.852691218E-05 -5.532932011E-05
429.8 0.0001331676136 -5.548650568E-05
430 0.0001558048433 -5.564458689E-05
430.2 0.0001785714286 -0.0001116071429
430.4 0.0002014684814 -0.0001119269341
430.6 0.0002244971264 -0.0001122485632
430.8 0.0002476585014 -0.0002251440922
431 0.0002709537572 -0.0001693460983
431.2 0.000294384058 5.661231884E-05
431.4 0.0002952398256 -5.677688953E-05
431.6 0.000318877551 -0.0001708272595
431.8 0.0003426535088 5.710891813E-05
432 0.000366568915 5.727639296E-05
432.2 0.000390625 -1.356559209E-20
432.4 0.0003917772861 -5.761430678E-05
432.6 0.0003929363905 -0.0001155695266
432.8 0.0003941023739 -0.0001159124629
433 0.0003952752976 -0.000232514881
433.2 0.0003964552239 -0.0001166044776
433.4 0.0003976422156 -0.0001754303892
433.6 0.0003988363363 -0.0001173048048
433.8 0.0004000376506 -5.882906627E-05
434 0.0004012462236 -0.0002360271903
434.2 0.0004024621212 -0.0001775568182
434.4 0.0004036854103 -0.0001780965046
434.6 0.0004049161585 -0.0001786394817
434.8 0.0004061544343 -0.0001791857798
435 0.0004313650307 -0.0002396472393
435.2 0.0004326923077 -0.0001201923077
435.4 0.0004340277778 -6.02816358E-05
435.6 0.000435371517 -6.046826625E-05
435.8 0.0004124611801 -4.316714788E-20
436 0.0004137461059 -0.0001216900312
436.2 0.0004150390625 -0.0001831054687
436.4 0.0004163401254 -0.0001836794671
436.6 0.000393081761 -0.0002456761006
436.8 0.0003943217666 -0.0001232255521
437 0.0003955696203 -0.0001236155063
437.2 0.0003968253968 -0.0001860119048
437.4 0.000398089172 2.229631349E-19
437.6 0.0003744009585 6.816116898E-21
437.8 0.0003505608974 -5.422312603E-20
438 0.0003265675241 6.280144695E-05
438.2 0.0003024193548 -6.300403226E-05
438.4 0.0002781148867 -6.32079288E-05
438.6 0.0002536525974 1.830462299E-20
438.8 0.0002290309446 1.127122693E-19
439 0.000204248366 5.770241321E-20
439.2 0.0001793032787 -8.996034425E-20
439.4 0.0001541940789 -1.193892111E-19
439.6 0.0001289191419 -1.048596146E-19
439.8 0.0001034768212 -2.857277855E-20
440 0.000103820598 6.488787375E-05
440.2 7.8125E-05 2.584519274E-22
440.4 5.225752508E-05 -6.532190635E-05
440.6 2.621644295E-05 -7.643576815E-20
440.8 0 -1.824858125E-19
441 0 -9.332009034E-20
441.2 0 2.506915587E-19
441.4 0 2.133411131E-19
441.6 0 4.639677661E-20
441.8 0 -3.055121624E-19
442 0 -1.584869588E-19
442.2 0 4.86942193E-20
442.4 0 6.245247645E-20
442.6 0 -8.569961062E-20
442.8 0 -6.805313589E-05
443 0 -9.799813532E-20
443.2 0 6.853070175E-05
443.4 0 -8.206142293E-20
443.6 0 -3.367618292E-20
443.8 0 -6.925975177E-05
444 0 -6.950622776E-05
444.2 0 6.975446429E-05
444.4 0 0.0001400089606
444.6 0 7.025629496E-05
444.8 0 6.452643222E-20
445 0 1.265858111E-19
445.2 0 -2.564512448E-19
445.4 0 3.695539318E-21
445.6 0 9.275129844E-20
445.8 0 -8.984003166E-21
446 0 6.480429874E-21
446.2 0 -2.421181317E-20
446.4 0 -4.599150459E-20
446.6 0 -7.776514654E-20
446.8 0 -7.315074906E-05
447 0 -7.342575188E-05
447.2 0 7.370283019E-05
447.4 0 7.398200758E-05
447.6 0 -7.426330798E-05
447.8 0 -7.454675573E-05
448 0 7.483237548E-05
448.2 0 7.512019231E-05
448.4 0 -3.691936293E-20
448.6 0 7.570251938E-05
448.8 0 7.599708171E-05
449 0 4.304357323E-20
449.2 0 -1.223318256E-19
449.4 0 -7.689468504E-05
449.6 0 -7.71986166E-05
449.8 0 7.750496032E-05
450 0 -8.997769784E-20
450.2 0 -7.8125E-05
450.4 0 7.843875502E-05
450.6 0 -3.260064841E-20
450.8 0 -7.907388664E-05
451 0 7.93953252E-05
451.2 0 7.971938776E-05
451.4 0 -1.531990515E-19
451.6 0 -8.03755144E-05
451.8 0 -8.070764463E-05
452 0 -3.512664536E-20
452.2 0 0.000244140625
452.4 0 0.0002451621339
452.6 0 -4.891084342E-21
452.8 0 0.0001648206751
453 0 0.0001655190678
453.2 0 8.311170213E-05
453.4 0 8.346688034E-05
453.6 0 -1.095772521E-19
453.8 0 -1.31559221E-19
454 0 8.45508658E-05
454.2 0 8.491847826E-05
454.4 0 -8.528930131E-05
454.6 0 -0.0001713267544
454.8 0 -8.60407489E-05
455 0 -0.0001728429204
455.2 0 -0.0002604166667
455.4 0 1.263959054E-19
455.6 0 8.758408072E-05
455.8 0 7.096721266E-20
456 0 1.411269574E-19
456.2 0 1.390755445E-19
456.4 0 1.798064292E-19
456.6 0 8.959288991E-05
456.8 0 9.000576037E-05
457 0 -1.395318009E-19
457.2 0 2.255812352E-19
457.4 0 4.412511679E-19
457.6 0 2.530757045E-19
457.8 0 2.607651058E-19
458 0 -4.888285038E-21
458.2 0 3.611006394E-20
458.4 0 -9.345095694E-05
458.6 0 -9.390024038E-05
458.8 0 -3.207606333E-20
459 0 5.262627548E-20
459.2 0 -9.527439024E-05
459.4 0 -0.0001914828431
459.6 0 -9.621305419E-05
459.8 0 -1.598509775E-19
460 0 -1.743709793E-19
460.2 0 -9.765625E-05
460.4 0 -9.814698492E-05
460.6 0 -1.027175657E-19
460.8 0 -1.592459794E-19
461 0 -9.964923469E-05
461.2 0 -2.341218204E-19
461.4 0 -2.497927118E-19
461.6 0 -0.0001011981865
461.8 0 7.826361119E-20
462 0 -2.177284194E-19
462.2 0 0.0001027960526
462.4 0 5.767601392E-20
462.6 0 0.0001038896277
462.8 0 0.0001044451872
463 0 7.523697251E-20
463.2 0 0.0001055743243
463.4 0 0.0001061480978
463.6 0 0.0002134562842
463.8 0 4.958813142E-20
464 0 -0.0002158149171
464.2 0 -0.0001085069444
464.4 0 -2.019245419E-19
464.6 0 0.0001097261236
464.8 0 5.228586202E-20
465 0 9.353506737E-21
465.2 0 0.0001116071429
465.4 0 2.047834587E-20
465.6 0 -0.0001128973988
465.8 4.542151163E-05 -0.0002271075581
466 9.137426901E-05 -0.0002284356725
466.2 0.0001378676471 -0.0001148897059
466.4 0.000138683432 -0.0001155695266
466.6 0.0001860119048 -0.0001162574405
466.8 0.0001871257485 1.446256259E-21
467 0.000188253012 -1.026437135E-19
467.2 0.0001893939394 -3.201689251E-19
467.4 0.0001905487805 -2.360647506E-19
467.6 0.0001917177914 -2.137021651E-19
467.8 0.0001929012346 -1.529685356E-19
468 0.0001940993789 -3.420614759E-20
468.2 0.0001953125 -1.24634316E-19
468.4 0.0001965408805 -2.475754171E-19
468.6 0.0001977848101 -1.081707458E-19
468.8 0.000199044586 0.0001244028662
469 0.0001502403846 0.000250400641
469.2 0.0001008064516 0.0001260080645
469.4 0.000101461039 -0.0001268262987
469.6 0.0001531862745 -0.0001276552288
469.8 0.0001541940789 1.963366332E-20
470 0.0001552152318 -0.0001293460265
470.2 0.0002083333333 -0.0001302083333
470.4 0.0002097315436 1.972425523E-19
470.6 0.0002111486486 3.760572878E-19
470.8 0.000212585034 2.793794017E-20
471 0.0001605308219 7.606531876E-20
471.2 0.0001077586207 1.98195424E-19
471.4 5.425347222E-05 1.326568395E-19
471.6 5.463286713E-05 2.485954903E-20
471.8 0 1.69965934E-20
472 0 -6.157957961E-20
472.2 0 -8.776033711E-20
472.4 0 4.075421032E-21
472.6 0 -8.632565202E-20
472.8 0 -1.749089116E-19
473 0 -1.389979983E-19
473.2 0 -1.403244618E-19
473.4 0 7.885686591E-20
473.6 0 5.162123067E-21
473.8 0 1.149474747E-21
474 0 3.570799733E-19
474.2 0 2.824927393E-19
474.4 0 4.910632411E-20
474.6 0 1.038110194E-19
474.8 0 -1.471143045E-20
475 0 1.815557E-19
475.2 0 3.389634589E-19
475.4 0 2.943190981E-19
475.6 0 2.689290283E-19
475.8 0 -9.043119564E-20
476 0 3.194386822E-20
476.2 0 9.120413807E-20
476.4 0 5.825572237E-19
476.6 0 6.155230369E-19
476.8 0 1.159994927E-19
477 0 2.29301288E-19
477.2 0 -1.059853308E-19
477.4 0 2.732820035E-19
477.6 0 3.210754417E-19
477.8 0 6.601685912E-20
478 0 1.944707425E-19
478.2 0 6.26486542E-20
478.4 0 -8.224748879E-20
478.6 0 -1.489243466E-19
478.8 0 4.888805148E-19
479 0 -2.574252955E-19
479.2 0 2.625881358E-20
479.4 0 -1.009923997E-19
479.6 0 -2.928449539E-20
479.8 0 6.107051644E-19
480 0 -9.246935386E-20
480.2 0 -5.576015577E-19
480.4 0 -3.431102413E-20
480.6 0 6.376649742E-20
480.8 0 -5.823691864E-20
481 0 -1.709161863E-19
481.2 0 -3.215500664E-19
481.4 0 -1.176722347E-19
481.6 0 7.105520683E-20
481.8 0 -2.600081069E-19
482 0 -2.689386064E-19
482.2 0 5.703113465E-19
482.4 0 1.167311418E-19
482.6 0 -1.989544625E-19
482.8 0 -9.083332432E-20
483 0 3.634828095E-19
483.2 0 6.657448928E-20
483.4 0 -4.019411207E-19
483.6 0 -2.637428306E-20
483.8 0 2.89539055E-19
484 0 4.51267622E-19
484.2 0 -7.739122228E-19
484.4 0 -7.537612959E-21
484.6 0 -3.432721682E-19
484.8 0 -2.72398748E-19
485 0 -6.414068692E-19
485.2 0 -4.164564563E-19
485.4 0 -6.117973426E-19
485.6 0 -6.182254504E-19
485.8 0 -5.857496673E-19
486 0 -2.538871987E-19
486.2 0 -3.485477885E-19
486.4 0 2.89772367E-19
486.6 0 -2.424766719E-19
486.8 0 -2.1380897E-19
487 0 -9.0964206E-20
487.2 0 -5.864672883E-19
487.4 0 -2.738382057E-19
487.6 0 -1.444403444E-19
487.8 0 1.296890804E-19
488 0 9.112463949E-19
488.2 0 -6.027845656E-19
488.4 0 -8.676249809E-19
488.6 0 -1.389354641E-19
488.8 0 -3.483936565E-19
489 0 5.297474941E-19
489.2 0 3.192674938E-19
489.4 0 8.953054748E-19
489.6 0 4.013185454E-20
489.8 0 5.856185207E-19
490 0 1.040297062E-18
490.2 0 -2.705525485E-19
490.4 0 -3.573936212E-20
490.6 0 -1.2478278E-18
490.8 0 -1.308804283E-18
491 0 4.874380781E-19
491.2 0 -1.089328495E-19
491.4 0 6.863692184E-20
491.6 0 -3.556662898E-19
491.8 0 -2.930750356E-19
492 0 2.603865318E-19
492.2 0 1.051412566E-18
492.4 0 -7.15797873E-19
492.6 0 8.187805093E-19
492.8 0 -9.2550241E-19
493 0 -1.164811325E-18
493.2 0 4.556459201E-19
493.4 0 1.4959898E-18
493.6 0 2.851380821E-19
493.8 0 -9.901912931E-19
494 0 -9.655860548E-20
494.2 0 8.013956213E-19
494.4 0 1.870716049E-19
494.6 0 1.323858732E-18
494.8 0 6.414969358E-20
495 0 -5.762599292E-19
495.2 0 -6.495244483E-19
495.4 0 -1.234112956E-18
495.6 0 6.234455806E-19
495.8 0 -8.474253814E-19
496 0 -3.117194948E-18
496.2 0 -7.189490208E-19
496.4 0 1.033161834E-18
496.6 0 -3.481386461E-18
496.8 0 -2.944907352E-19
497 0 -1.831954108E-18
497.2 0 -3.063214112E-18
497.4 0 -1.759370446E-18
497.6 0 -2.624676081E-18
497.8 0 -1.133262608E-18
498 0 -3.075614877E-18
498.2 0 -2.992558943E-18
498.4 0 -5.830261897E-18
498.6 0 -6.503962876E-18
498.8 0 -8.194100849E-18
499 0 -1.125330037E-17
499.2 0 -1.015682543E-17
499.4 0 7.026452645E-19
499.6 0 -1.372899166E-17
499.8 0 -1.766121506E-17
500 0 -5.198138291E-17
