0 0.007315823671 5.466563375E-05
0.2 0.00640625 0.00159375
0.4 0.005971138455 0.00043767507
0.6 0.005638886109 0.0003440252202
0.8 0.00534704145 0.0002190128154
1 0.005083133013 0.0001878004808
1.2 0.004840931864 0.0001643912826
1.4 0.004598536488 0.0001644571973
1.6 0.004359080425 0.0001410198556
1.8 0.004141377408 0.0001097261236
2 0.003970543958 0.0001489738057
2.2 0.003799573293 0.000109814257
2.4 0.003650436922 0.0001412464845
2.6 0.00349176045 0.0002198050643
2.8 0.003339239043 0.0001963334339
3 0.003180309735 8.642146018E-05
3.2 0.003036971831 9.431589537E-05
3.4 0.002899808776 0.0001729820853
3.6 0.002765681635 8.652587596E-05
3.8 0.002625151088 7.869157937E-06
4 0.002500251915 2.361698912E-05
4.2 0.002406754032 3.150201613E-05
4.4 0.002322635135 7.87868092E-06
4.6 0.002235295601 3.152744149E-05
4.8 0.002147885547 7.096538151E-05
5 0.002066715468 4.732936187E-05
5.2 0.001982323232 8.680555556E-05
5.4 0.001919967664 0.0001105244543
5.6 0.00187019814 5.528457339E-05
5.8 0.001814067557 7.11089199E-05
6 0.001738921489 7.904188588E-06
6.2 0.001689018219 -4.519711271E-20
6.4 0.001623253341 0.0001503012353
6.6 0.001554269652 6.331037277E-05
6.8 0.001504230847 -8.708704905E-05
7 0.001441479116 -1.584042985E-05
7.2 0.001385015213 4.754056795E-05
7.4 0.001328505479 3.170657468E-05
7.6 0.001271949858 -3.171944783E-05
7.8 0.001215348294 -8.726391145E-05
8 0.001168224299 -0.0001507898212
8.2 0.001114710366 -0.0001508511179
8.4 0.001073861326 -5.5599329E-05
8.6 0.001026622254 -0.0001032979048
8.8 0.001001602564 -0.000158984534
9 0.0009638385586 -0.0001192869503
9.2 0.0009355906314 -9.546843177E-05
9.4 0.0008818510595 -4.775366748E-05
9.6 0.0008312525479 -1.592437831E-05
9.8 0.0007965436378 -4.779261827E-05
10 0.000752243982 -7.968686251E-05
10.2 0.0007142857143 -0.0001036352041
10.4 0.0006762964475 -0.0001355782973
10.6 0.0006318933824 -0.0001595690359
10.8 0.0005874540253 -0.0001915610952
11 0.0005653362633 -0.0001836544358
11.2 0.000543200409 -0.0001597648262
11.4 0.0005178498363 -0.0001598301964
11.6 0.0004892805976 -0.0001519008391
11.8 0.0004606879607 -0.0001599610975
12 0.000444874027 -0.0001360226342
12.2 0.0004322489754 -8.805071721E-05
12.4 0.0004164104141 -7.207103321E-05
12.6 0.0004037633306 -7.210059475E-05
12.8 0.0003782827247 8.014464506E-06
13 0.0003463669951 4.008877258E-05
13.2 0.0003272587269 -8.021047228E-06
13.4 0.0003113444947 -1.604868529E-05
13.6 0.0002954171804 -4.816584464E-05
13.8 0.0002826891447 -0.000104402241
14 0.0002699506376 -6.427396133E-05
14.2 0.0002539866255 -2.411265432E-05
14.4 0.0002476585014 -6.432688349E-05
14.6 0.000234889827 -8.044172158E-05
14.8 0.0002188916358 -8.85223527E-05
15 0.0002157615416 -6.440643034E-05
15.2 0.0002029639175 -2.416237113E-05
15.4 0.0001933787129 6.445957096E-05
15.6 0.0001805612877 4.836463062E-05
15.8 0.0001677332783 -1.612819983E-05
16 0.0001581216439 2.420229244E-05
16.2 0.0001452737603 4.842458678E-05
16.4 0.0001227263332 1.614820174E-05
16.6 0.0001130841605 -1.615488007E-05
16.8 0.0001163632602 8.080781961E-06
17 0.0001131777732 -2.425237997E-05
17.2 0.0001002846791 -8.896221532E-05
17.4 9.061723281E-05 -8.090824358E-05
17.6 9.065478657E-05 -4.047088686E-05
17.8 8.421434494E-05 -4.048766584E-05
18 7.776856076E-05 -2.430267524E-05
18.2 7.131742739E-05 8.104253112E-06
18.4 7.134703196E-05 -1.621523454E-05
18.6 6.164348007E-05 -1.622196844E-05
18.8 5.842334857E-05 1.622870794E-05
19 5.844763092E-05 4.058863259E-05
19.2 5.522349272E-05 6.496881497E-05
19.4 5.199667221E-05 5.687136023E-05
19.6 4.876716604E-05 -8.127861007E-06
19.8 4.553497086E-05 -2.439373439E-05
20 4.555393586E-05 -6.507705123E-05
20.2 4.8828125E-05 -0.0001139322917
20.4 4.884847853E-05 -7.32727178E-05
20.6 5.212677231E-05 -4.072404087E-05
20.8 5.214851898E-05 -5.703744264E-05
21 5.543092654E-05 -8.966767529E-05
21.2 5.871607516E-05 -8.155010438E-05
21.4 5.2213868E-05 -6.5267335E-05
21.6 5.223568742E-05 -8.16182616E-06
21.8 5.225752508E-05 -3.266095318E-05
22 5.227938101E-05 -0.0001061924927
22.2 5.230125523E-05 -7.354864017E-05
22.4 5.886354123E-05 -1.635098368E-05
22.6 4.907349246E-05 -3.271566164E-05
22.8 6.218579807E-05 -3.272936741E-05
23 5.893755239E-05 -3.107135071E-20
23.2 6.878930818E-05 -8.189203354E-06
23.4 7.537227349E-05 -1.638527685E-05
23.6 8.196076374E-05 -3.27843055E-05
23.8 7.871536524E-05 -3.279806885E-05
24 7.874842503E-05 -4.921776564E-05
24.2 8.206407563E-05 -7.385766807E-05
24.4 9.195039933E-05 -1.28926152E-20
24.6 9.855971405E-05 4.927985702E-05
24.8 0.0001051745898 -8.21676483E-06
25 0.0001085069444 -4.110111532E-05
25.2 0.0001217105263 -1.644736842E-05
25.4 0.0001217617944 -1.645429655E-05
25.6 0.000128397598 -8.230615255E-06
25.8 0.0001284517285 -4.940451096E-05
26 0.0001383909743 -5.766290595E-05
26.2 0.0001450421941 -8.241033755E-06
26.4 0.0001418056142 -1.648902491E-05
26.6 0.0001451646959 -1.649598818E-05
26.8 0.0001386248416 -1.045346166E-20
27 0.0001287774725 8.254966188E-06
27.2 0.0001255285412 -4.12922833E-05
27.4 0.0001222768613 -7.435755076E-05
27.6 0.0001190224291 -5.785812526E-05
27.8 0.000112457663 -7.442051228E-05
28 0.0001025783566 -6.617958492E-05
28.2 0.000102621822 -4.965572034E-05
28.4 0.0001059771089 -4.967676982E-05
28.6 0.0001060220526 -3.313189143E-05
28.8 9.612324989E-05 -3.314594824E-05
29 8.953204584E-05 -7.46100382E-05
29.2 8.625265393E-05 -9.122876858E-05
29.4 7.633283772E-05 -1.659409516E-05
29.6 6.972481938E-05 8.300573736E-06
29.8 6.311118197E-05 -1.660820578E-05
30 6.313802637E-05 -8.307635049E-06
30.2 5.319148936E-05 8.311170213E-06
30.4 4.656236696E-05 8.314708387E-06
30.6 4.325489779E-05 -5.822774702E-05
30.8 4.660204516E-05 -8.321793779E-05
31 4.329177323E-05 -2.497602302E-05
31.2 3.997867804E-05 -1.665778252E-05
31.4 4.33287116E-05 -4.999466724E-05
31.6 4.334720444E-05 -5.001600512E-05
31.8 5.003736123E-05 8.912500717E-21
32 5.673323366E-05 1.668624519E-05
32.2 6.009615385E-05 1.03412374E-20
32.4 6.346194955E-05 -1.437674155E-20
32.6 6.683062447E-05 -8.353828058E-06
32.8 7.354514335E-05 1.671480531E-05
33 7.692101884E-05 -5.378631724E-21
33.2 7.695396146E-05 -4.182280514E-05
33.4 8.033419023E-05 -8.368144816E-06
33.6 8.371731676E-05 -1.245151407E-20
33.8 9.045347341E-05 -1.909392088E-20
34 9.71954097E-05 -8.378914629E-06
34.2 0.000103943133 8.38251073E-06
34.4 0.000100633319 5.031665951E-05
34.6 0.0001006765464 3.35588488E-05
34.8 0.0001007198109 -8.393317576E-06
35 0.0001108394239 8.396926053E-06
35.2 0.0001176075269 5.040322581E-05
35.4 0.0001176581325 -1.680830465E-05
35.6 0.0001177087817 -6.7262161E-05
35.8 0.0001177594746 -5.046834625E-05
36 0.0001110781991 -3.366006032E-05
36.2 0.0001077586207 1.683728448E-05
36.4 0.0001044361794 -3.368909013E-05
36.6 0.0001044812338 -5.055543572E-05
36.8 0.0001045263271 2.528862754E-05
37 0.0001045714594 -5.903227547E-05
37.2 0.0001079913607 -5.062095032E-05
37.4 0.0001080380294 8.440471046E-06
37.6 0.0001080847384 -5.910884133E-05
37.8 0.0001081314879 -5.913440744E-05
38 0.0001081782778 -2.535428386E-05
38.2 0.0001082251082 -5.918560606E-05
38.4 0.0001048884799 -3.38349935E-05
38.6 9.81639948E-05 8.462413345E-06
38.8 8.804724751E-05 -8.466081491E-06
39 7.792172593E-05 2.540925846E-05
39.2 6.778741866E-05 8.473427332E-05
39.4 5.764431424E-05 7.629394531E-05
39.6 4.749240122E-05 3.392314373E-05
39.8 3.733166811E-05 3.39378801E-05
40 2.716210343E-05 1.697631465E-05
40.2 2.377717391E-05 -9.276119549E-21
40.4 2.03892997E-05 2.188211431E-21
40.6 2.039817232E-05 -2.54977154E-05
40.8 2.040705268E-05 -4.251469308E-05
41 2.041594077E-05 -3.070176599E-20
41.2 2.04248366E-05 8.510348584E-06
41.4 2.383936356E-05 -8.514058413E-06
41.6 2.725686873E-05 -8.517771478E-06
41.8 2.726876091E-05 -2.556446335E-05
42 2.728066347E-05 -2.5575622E-05
42.2 2.729257642E-05 -8.528930131E-06
42.4 2.389143731E-05 8.532656182E-06
42.6 2.048732517E-05 3.414554196E-05
42.8 1.708023612E-05 4.270059029E-05
43 1.367016623E-05 3.417541557E-05
43.2 1.02571116E-05 8.547592998E-06
43.4 6.841068301E-06 3.420534151E-05
43.6 3.422032413E-06 5.13304862E-05
43.8 0 -3.311824178E-22
44 0 8.562582201E-06
44.2 0 -2.569901316E-05
44.4 0 -3.428038613E-05
44.6 0 -1.71477173E-05
44.8 0 -2.57328722E-05
45 3.432557118E-06 -8.581392794E-06
45.2 3.434065934E-06 -2.575549451E-05
45.4 3.435576077E-06 -4.294470097E-05
45.6 3.437087549E-06 -5.155631324E-05
45.8 6.877200704E-06 -7.736850792E-05
46 1.376045795E-05 -5.160171731E-05
46.2 1.376651982E-05 1.720814978E-05
46.4 1.377258704E-05 8.607866902E-06
46.6 1.377865961E-05 -6.889329806E-05
46.8 1.723092192E-05 -7.753914865E-05
47 1.723852604E-05 -3.447705207E-05
47.2 1.379690949E-05 -5.17384106E-05
47.4 1.035225265E-05 -4.313438604E-05
47.6 6.90455148E-06 8.63068935E-06
47.8 3.453801945E-06 2.238529583E-20
48 0 -4.319161875E-05
48.2 0 8.642146018E-06
48.4 0 2.593791501E-05
48.6 0 4.324900354E-05
48.8 0 6.057543199E-05
49 0 3.462987589E-05
49.2 0 3.464523282E-05
49.4 0 3.466060337E-05
49.6 0 1.733799379E-05
49.8 0 2.601853908E-05
50 0 7.80902932E-05
50.2 0 3.472222222E-05
50.4 0 2.605324589E-05
50.6 3.475311388E-06 -5.829374702E-21
50.8 3.476858033E-06 -8.692145082E-06
51 0 1.739203028E-05
51.2 0 -1.739977728E-05
51.4 0 -4.351882799E-05
51.6 0 -2.612293803E-05
51.8 0 1.742305977E-05
52 3.48616689E-06 2.614625167E-05
52.2 6.975446429E-06 3.487723214E-05
52.4 6.978561858E-06 3.489280929E-05
52.6 6.981680071E-06 -1.745420018E-05
52.8 6.984801073E-06 -2.619300402E-05
53 6.987924866E-06 2.620471825E-05
53.2 6.991051454E-06 -8.738814318E-06
53.4 6.994180842E-06 -4.371363026E-05
53.6 6.997313032E-06 -4.373320645E-05
53.8 7.000448029E-06 -5.250336022E-05
54 7.003585836E-06 -7.003585836E-05
54.2 7.006726457E-06 -7.882567265E-05
54.4 7.009869897E-06 -5.257402423E-05
54.6 1.051952424E-05 -1.753254039E-05
54.8 1.754041311E-05 -1.754041311E-05
55 2.456761006E-05 2.021919527E-20
55.2 2.808988764E-05 8.778089888E-06
55.4 3.512814748E-05 -3.512814748E-05
55.6 4.56871345E-05 -3.514394962E-05
55.8 4.922367237E-05 -3.515976598E-05
56 5.276339487E-05 -3.517559658E-05
56.2 5.982545045E-05 3.265326806E-21
56.4 5.633168094E-05 -4.813654003E-23
56.6 5.635707845E-05 -2.641738052E-05
56.8 5.990640505E-05 -1.76195309E-05
57 5.640794224E-05 -2.644122292E-05
57.2 5.643340858E-05 -2.645316027E-05
57.4 6.351626016E-05 2.64651084E-05
57.6 6.354496159E-05 5.295413466E-05
57.8 5.297807414E-05 3.531871609E-05
58 5.65355043E-05 3.533469019E-05
58.2 6.009615385E-05 2.651300905E-05
58.4 6.366002716E-05 -2.652501132E-05
58.6 6.36888587E-05 -1.769134964E-05
58.8 6.371771636E-05 3.539873131E-05
59 5.666364461E-05 3.541477788E-05
59.2 5.31462585E-05 -4.428854875E-05
59.4 5.671506352E-05 -9.747901543E-05
59.6 5.674080799E-05 -1.023559206E-20
59.8 5.321866485E-05 4.434888738E-05
60 6.034189005E-05 1.774761472E-05
60.2 6.036931818E-05 -8.877840909E-06
60.4 6.039677126E-05 -6.217314688E-05
60.6 6.042424932E-05 -3.554367607E-05
60.8 6.400773782E-05 8.889963587E-06
61 6.403688525E-05 2.668203552E-05
61.2 7.474373576E-05 2.669419134E-05
61.4 8.54603464E-05 1.696736082E-20
61.6 9.262425901E-05 -1.78123575E-05
61.8 9.979470803E-05 -1.782048358E-05
62 0.0001069717024 -1.782861707E-05
62.2 0.0001105878995 8.918378995E-06
62.4 0.0001177763819 2.676735952E-05
62.6 0.0001249714351 -1.785306216E-05
62.8 0.0001321730681 -8.930612711E-06
63 0.0001322335316 8.934698079E-06
63.2 0.0001287185355 1.859153579E-20
63.4 0.0001323546245 -1.318823647E-20
63.6 0.0001324152542 1.789395328E-05
63.8 0.0001288955087 3.580430797E-05
64 0.000128954608 8.95518111E-06
64.2 0.0001290137615 8.959288991E-06
64.4 0.000125487609 -3.141709042E-22
64.6 0.000125545225 3.587006428E-05
64.8 0.0001184255857 3.588654111E-05
65 0.0001220703125 2.692727482E-05
65.2 0.0001257183908 4.489942529E-05
65.4 0.0001329634315 1.796803128E-05
65.6 0.0001366198803 4.494075012E-05
65.8 0.0001402796961 4.496144107E-05
66 0.0001367457393 4.498215108E-05
66.2 0.0001368087558 5.400345622E-05
66.4 0.0001296680498 5.402835408E-05
66.6 0.0001225207565 3.603551661E-05
66.8 0.0001189720812 4.506518228E-05
67 0.0001082063712 9.017197599E-05
67.2 0.000101039261 9.923498845E-05
67.4 9.747573937E-05 8.122978281E-05
67.6 9.752080444E-05 5.417822469E-05
67.8 0.0001011794635 2.7101642E-05
68 0.0001120719574 2.711418325E-05
68.2 0.0001193576389 1.808449074E-05
68.4 0.0001266500695 -9.046433534E-06
68.6 0.0001339492586 4.52531279E-05
68.8 0.0001412552156 3.621928605E-05
69 0.0001521915584 9.059021336E-06
69.2 0.000159512761 2.718967517E-05
69.4 0.0001523328691 -1.813486537E-05
69.6 0.0001451463075 -2.721493265E-05
69.8 0.0001306923792 1.757404643E-21
70 0.0001234890748 -1.816015807E-05
70.2 0.0001235465116 9.084302326E-06
70.4 0.00011996859 6.361970684E-05
70.6 0.0001163873371 3.637104283E-05
70.8 0.0001164415463 -2.729098742E-05
71 0.000123776794 -9.101234856E-06
71.2 0.0001238344988 3.642191142E-05
71.4 0.0001202483675 3.643889925E-05
71.6 0.00012395007 9.113975735E-06
71.8 0.0001240079365 1.823646125E-05
72 0.0001167678655 7.297991593E-05
72.2 0.0001058703271 9.126752336E-05
72.4 9.861500701E-05 7.304815334E-05
72.6 9.50070159E-05 5.481173994E-05
72.8 8.773982218E-05 6.397695367E-05
73 8.778089888E-05 7.315074906E-05
73.2 9.514051522E-05 6.403688525E-05
73.4 9.518509841E-05 2.745723993E-05
73.6 9.156704173E-05 4.578352086E-05
73.8 9.160999062E-05 7.32879925E-05
74 9.165297982E-05 0.0001008182778
74.2 8.436032864E-05 7.335680751E-05
74.4 8.80695162E-05 1.834781588E-05
74.6 9.178218985E-05 9.178218985E-06
74.8 9.182534086E-05 -9.182534086E-06
75 9.186853246E-05 1.837370649E-05
75.2 9.191176471E-05 2.757352941E-05
75.4 8.827683616E-05 -9.195503766E-06
75.6 8.831841733E-05 -2.759950542E-05
75.8 8.83600377E-05 1.418827391E-20
76 9.208510137E-05 2.762553041E-05
76.2 8.844339623E-05 1.842570755E-05
76.4 8.479825389E-05 -3.39933866E-20
76.6 7.746104816E-05 9.221553352E-06
76.8 7.380727444E-05 -1.845181861E-05
77 7.015004726E-05 -3.69210775E-05
77.2 7.018321513E-05 -3.693853428E-05
77.4 6.652081362E-05 -1.847800378E-05
77.6 6.285494558E-05 4.555671295E-21
77.8 6.288470644E-05 -3.359748939E-21
78 5.921364282E-05 -1.850426338E-05
78.2 5.553909953E-05 -4.628258294E-05
78.4 5.556543385E-05 -2.778271693E-05
78.6 4.817955408E-05 -9.265298861E-06
78.8 4.4494542E-05 -2.780908875E-05
79 3.709639126E-05 -1.854819563E-05
79.2 2.96912114E-05 -9.278503563E-06
79.4 2.22789924E-05 -2.784874049E-05
79.6 1.48597242E-05 -3.703740326E-21
79.8 7.433396765E-06 -9.291745956E-06
80 7.436934793E-06 -4.648084246E-05
80.2 3.720238095E-06 -6.510416667E-05
80.4 7.444020962E-06 -3.722010481E-05
80.6 1.117135367E-05 -1.861892278E-05
80.8 1.117668097E-05 -9.313900811E-06
81 1.118201336E-05 1.863668893E-05
81.2 1.118735084E-05 -2.025545067E-21
81.4 1.119269341E-05 -1.865448902E-05
81.6 1.119804109E-05 -1.866340182E-05
81.8 7.468929254E-06 -9.336161568E-06
82 7.472501196E-06 -9.340626495E-06
82.2 7.476076555E-06 -2.803528708E-05
82.4 3.739827669E-06 -1.869913834E-05
82.6 0 -9.354046935E-06
82.8 0 -1.871705798E-05
83 3.745206136E-06 2.057415586E-21
83.2 7.494004796E-06 -2.810251799E-05
83.4 1.124640115E-05 -4.68600048E-05
83.6 1.500240038E-05 -5.625900144E-05
83.8 1.876200768E-05 -5.628602305E-05
84 1.877102355E-05 -4.692755887E-05
84.2 1.878004808E-05 -5.634014423E-05
84.4 2.63047138E-05 -4.697270322E-05
84.6 2.631737247E-05 -5.639436959E-05
84.8 3.009147809E-05 -5.642152143E-05
85 3.010597303E-05 -6.585681599E-05
85.2 3.765060241E-05 -4.706325301E-05
85.4 3.766875603E-05 -9.417189007E-06
85.6 4.145561987E-05 -3.768692716E-05
85.8 4.5246139E-05 -4.713139479E-05
86 4.904031869E-05 -1.886166103E-05
86.2 5.283816425E-05 -9.435386473E-06
86.4 5.663968101E-05 9.439946834E-06
86.6 6.044487427E-05 3.777804642E-05
86.8 6.047411708E-05 1.889816159E-05
87 6.428484995E-05 -9.453654405E-06
87.2 6.431598063E-05 9.458232446E-06
87.4 6.434714147E-05 9.462814922E-06
87.6 6.437833253E-05 -9.467401842E-06
87.8 6.819835112E-05 -1.894398642E-05
88 7.202207666E-05 2.84297671E-05
88.2 6.826456311E-05 3.792475728E-05
88.4 6.829771734E-05 -6.687799189E-21
88.6 7.212706511E-05 -9.490403304E-06
88.8 7.596013612E-05 1.899003403E-05
89 7.599708171E-05 8.894193174E-21
89.2 7.603406326E-05 -2.851277372E-05
89.4 7.607108082E-05 -9.508885102E-06
89.6 7.610813444E-05 7.73979954E-22
89.8 7.995248538E-05 2.855445906E-05
90 7.999146758E-05 -2.718928037E-21
90.2 8.384146341E-05 -3.81097561E-05
90.4 8.388238165E-05 -1.906417765E-05
90.6 8.010864258E-05 3.814697266E-05
90.8 7.633121641E-05 4.770701026E-05
91 6.873167155E-05 -9.546065494E-06
91.2 6.876528117E-05 -1.910146699E-05
91.4 6.497676125E-05 -1.911081213E-05
91.6 6.118453255E-05 -4.780041605E-05
91.8 5.738858962E-05 -9.564764936E-06
92 5.3588927E-05 3.8277805E-05
92.2 5.361519608E-05 2.872242647E-05
92.4 5.364149093E-05 9.578837666E-06
92.6 4.983439647E-05 -9.583537782E-06
92.8 6.136475209E-05 9.588242514E-06
93 6.139489194E-05 3.837180747E-05
93.2 6.526412776E-05 3.839066339E-05
93.4 7.297812193E-05 4.801192232E-05
93.6 6.532833251E-05 -9.607107723E-06
93.8 6.536048228E-05 -1.922367126E-05
94 6.154603644E-05 9.616568193E-06
94.2 5.772783251E-05 7.403269989E-21
94.4 5.775628388E-05 9.626047314E-06
94.6 5.393244576E-05 -2.889238166E-05
94.8 5.395905279E-05 -9.635545141E-06
95 5.012956565E-05 1.928060217E-05
95.2 4.62962963E-05 4.696831241E-21
95.4 4.245923913E-05 -2.894948123E-05
95.6 4.248022739E-05 -2.89637914E-05
95.8 4.25012364E-05 9.659371909E-06
96 3.865660564E-05 1.932830282E-05
96.2 3.867574257E-05 4.834467822E-05
96.4 4.256438831E-05 5.80423477E-05
96.6 4.258548067E-05 9.678518335E-06
96.8 5.03532474E-05 9.683316807E-06
97 5.037822421E-05 9.68812004E-06
97.2 5.428039702E-05 -1.938585608E-05
97.4 5.430734856E-05 4.848870407E-05
97.6 5.433432688E-05 8.732302534E-05
97.8 5.824428429E-05 2.912214215E-05
98 5.050348086E-05 9.712207857E-06
98.2 3.498134328E-05 1.94340796E-05
98.4 2.722125436E-05 1.944375311E-05
98.6 2.334412351E-05 2.918015438E-05
98.8 2.335575486E-05 9.731564524E-05
99 1.947283151E-05 6.815491027E-05
99.2 1.558603491E-05 3.896508728E-05
99.4 1.559381238E-05 8.771519461E-05
99.6 1.17011982E-05 2.925299551E-05
99.8 7.804695305E-06 1.951173826E-05
100 7.808595702E-06 9.760744628E-06
100.2 3.90625E-06 9.765625E-06
100.4 0 9.770510255E-06
100.6 0 -2.93262012E-05
100.8 0 -9.780295443E-06
101 0 -9.785195391E-06
101.2 0 2.073520991E-20
101.4 0 2.510168951E-21
101.6 0 1.11493228E-20
101.8 3.921937751E-06 -9.804844378E-06
102 7.847815168E-06 1.961953792E-05
102.2 7.851758794E-06 2.944409548E-05
102.4 7.855706385E-06 -9.819632981E-06
102.6 7.859657948E-06 -9.824572435E-06
102.8 7.863613488E-06 -6.880661802E-05
103 7.867573011E-06 -6.884126385E-05
103.2 7.871536524E-06 -4.919710327E-05
103.4 1.181325605E-05 -4.92219002E-05
103.6 1.969868886E-05 -2.954803328E-05
103.8 2.759207871E-05 -1.970862765E-05
104 2.760600707E-05 -3.943715295E-05
104.2 2.761994949E-05 -6.904987374E-05
104.4 2.763390601E-05 -3.947700859E-05
104.6 2.764787664E-05 -1.670941783E-20
104.8 2.766186141E-05 9.879236216E-06
105 2.767586032E-05 9.88423583E-06
105.2 2.768987342E-05 -8.9188287E-21
105.4 2.770390071E-05 -1.978850051E-05
105.6 2.375823619E-05 -2.969779524E-05
105.8 1.980856998E-05 -9.90428499E-06
106 1.981861999E-05 -9.909309995E-06
106.2 1.98286802E-05 -4.957170051E-05
106.4 1.983875063E-05 -4.959687659E-05
106.6 1.98488313E-05 -5.95464939E-05
106.8 1.985892222E-05 -4.964730554E-05
107 1.98690234E-05 -1.98690234E-05
107.2 1.590330789E-05 -2.981870229E-05
107.4 1.193355397E-05 -4.972314155E-05
107.6 3.979877738E-06 -3.979877738E-05
107.8 0 -1.990953109E-05
108 0 -3.983936767E-05
108.2 0 -4.982461735E-05
108.4 0 -9.970010209E-06
108.6 0 -9.975102145E-06
108.8 0 -1.996039857E-05
109 0 2.995590491E-05
109.2 0 -9.990409207E-06
109.4 0 -3.998208802E-05
109.6 0 -1.000064004E-05
109.8 4.002305328E-06 -5.00288166E-05
110 8.00871348E-06 -6.00653511E-05
110.2 8.012820513E-06 -1.001602564E-05
110.4 4.00846588E-06 4.00846588E-05
110.6 4.010523614E-06 1.002630903E-05
110.8 8.025166923E-06 -3.009437596E-05
111 4.014645427E-06 -2.007322713E-05
111.2 0 -2.008354756E-05
111.4 0 1.00469393E-05
111.6 0 2.010422028E-05
111.8 0 -2.011457261E-05
112 0 -2.01249356E-05
112.2 0 -2.013530928E-05
112.4 0 -4.029138731E-05
112.6 0 -4.03121775E-05
112.8 0 -3.024974187E-05
113 0 7.17321852E-21
113.2 0 2.01873385E-05
113.4 0 2.019777663E-05
113.6 0 4.041645111E-05
113.8 0 3.032802795E-05
114 0 -1.829566697E-20
114.2 0 2.023963731E-05
114.4 0 4.05002592E-05
114.6 0 4.052126556E-05
114.8 0 5.067786715E-05
115 0 4.056334372E-05
115.2 0 2.029220779E-05
115.4 0 1.898666445E-20
115.6 0 -3.04699688E-05
115.8 0 -2.032388137E-05
116 0 3.050169183E-05
116.2 0 6.103515625E-05
116.4 0 3.053348098E-05
116.6 0 2.036626694E-05
116.8 0 4.075378195E-05
117 0 1.019376305E-05
117.2 0 2.039817232E-05
117.4 0 1.020441484E-05
117.6 0 -1.020974909E-05
117.8 0 -3.064526674E-05
118 0 -4.088173731E-05
118.2 0 -1.022578534E-05
118.4 0 -1.023114196E-05
118.6 0 2.047300839E-05
118.8 0 2.04837441E-05
119 0 -2.049449108E-05
119.2 0 -2.050524934E-05
119.4 0 1.025800945E-05
119.6 0 2.052679979E-05
119.8 0 2.053759201E-05
120 0 1.027419779E-05
120.2 0 3.083881579E-05
120.4 0 4.114007372E-05
120.6 0 1.02904373E-05
120.8 0 -1.029586189E-05
121 0 -1.197118694E-20
121.2 0 4.122691293E-05
121.4 0 1.031217001E-05
121.6 0 -5.158808769E-05
121.8 0 -3.096921247E-05
122 0 -1.032852988E-05
122.2 0 -1.033399471E-05
122.4 0 2.067893065E-05
122.6 0 2.068988347E-05
122.8 0 -1.035042395E-05
123 0 -2.071182397E-05
123.2 0 -1.32310825E-20
123.4 0 3.110071656E-05
123.6 0 2.074482209E-05
123.8 0 1.548722711E-20
124 0 1.038343966E-05
124.2 0 1.656170742E-20
124.4 0 -1.039449175E-05
124.6 0 -1.040002662E-05
124.8 0 -2.081113479E-05
125 0 -1.041111407E-05
125.2 0 -4.45283972E-20
125.4 0 -4.318164844E-20
125.6 0 -2.085557928E-05
125.8 0 -2.086672009E-05
126 0 1.04389364E-05
126.2 0 2.088903743E-05
126.4 0 3.135032103E-05
126.6 0 -1.045570128E-05
126.8 0 -4.184520621E-05
127 0 -1.046690782E-05
127.2 0 2.407538036E-21
127.4 0 2.095627682E-05
127.6 0 3.145128824E-05
127.8 0 1.048939313E-05
128 0 -1.049502955E-05
128.2 0 3.972194722E-20
128.4 0 3.151896181E-05
128.6 0 2.102395048E-05
128.8 0 1.051763597E-05
129 0 1.05233028E-05
129.2 0 1.052897574E-05
129.4 0 1.05346548E-05
129.6 0 1.054033999E-05
129.8 0 3.163809395E-05
130 0 2.110345759E-05
130.2 4.222972973E-06 -3.984393592E-21
130.4 4.225256896E-06 -8.704699454E-22
130.6 8.45508658E-06 1.056885823E-05
130.8 1.691932864E-05 -2.062969935E-20
131 2.116061755E-05 2.116061755E-05
131.2 2.117208672E-05 -2.321092844E-20
131.4 2.5420282E-05 -1.059178416E-05
131.6 2.543407488E-05 -2.183493422E-20
131.8 2.968919653E-05 -1.060328447E-05
132 2.970532319E-05 3.408828587E-20
132.2 3.39673913E-05 -3.184442935E-05
132.4 3.398586188E-05 -1.062058184E-05
132.6 3.400435256E-05 -2.125272035E-05
132.8 4.252857921E-05 -3.18964344E-05
133 5.10620915E-05 1.063793573E-05
133.2 4.683242507E-05 -2.128746594E-05
133.4 5.111777535E-05 -1.064953653E-05
133.6 5.540780142E-05 3.196603928E-05
133.8 5.970251092E-05 2.132232533E-05
134 6.400191152E-05 3.200095576E-05
134.2 6.403688525E-05 2.134562842E-05
134.4 6.407189721E-05 -5.063232301E-21
134.6 6.838074398E-05 4.273796499E-05
134.8 5.558976464E-05 2.138067871E-05
135 4.706325301E-05 -1.069619387E-05
135.2 5.136986301E-05 -1.070205479E-05
135.4 4.28316886E-05 3.182422514E-20
135.6 2.999862863E-05 3.214138782E-05
135.8 2.572722283E-05 -2.143935236E-05
136 2.145112576E-05 -1.072556288E-05
136.2 1.717032967E-05 1.073145604E-05
136.4 1.71797691E-05 -2.147471138E-05
136.6 1.718921892E-05 -1.074326183E-05
136.8 1.719867914E-05 -3.224752339E-05
137 1.720814978E-05 -3.226528084E-05
137.2 1.721763085E-05 -5.373713372E-21
137.4 1.722712238E-05 9.121495928E-21
137.6 1.723662438E-05 1.077289024E-05
137.8 1.724613687E-05 1.466902787E-20
138 1.725565986E-05 1.153795023E-20
138.2 1.726519337E-05 -1.079074586E-05
138.4 2.159342178E-05 -3.239013267E-05
138.6 1.728429204E-05 -2.160536504E-05
138.8 1.729385722E-05 -2.161732153E-05
139 1.297757475E-05 -1.081464563E-05
139.2 8.656509695E-06 -1.082063712E-05
139.4 8.661308204E-06 -1.398430992E-20
139.6 8.666112035E-06 1.083264004E-05
139.8 4.335460599E-06 1.08386515E-05
140 4.337867851E-06 -1.084466963E-05
140.2 4.340277778E-06 -1.085069444E-05
140.4 4.342690384E-06 3.257017788E-05
140.6 0 2.172552836E-05
140.8 0 2.173761825E-05
141 0 4.349944321E-05
141.2 0 5.44045961E-05
141.4 0 3.266095318E-05
141.6 0 -1.974013673E-20
141.8 0 -4.157828837E-21
142 0 -2.331647973E-21
142.2 0 3.273393855E-05
142.4 0 4.366964785E-05
142.6 0 -1.140636773E-20
142.8 0 3.2788892E-05
143 0 4.374300112E-05
143.2 4.3767507E-06 1.094187675E-05
143.4 8.758408072E-06 3.284403027E-05
143.6 1.314498037E-05 1.095415031E-05
143.8 1.753647587E-05 2.192059484E-05
144 2.631948344E-05 -2.868917028E-20
144.2 3.072331461E-05 -3.291783708E-05
144.4 3.513209668E-05 2.195756043E-05
144.6 3.954583802E-05 3.295486502E-05
144.8 4.396454699E-05 4.396454699E-05
145 4.838823198E-05 5.498662725E-05
145.2 4.841549296E-05 -3.301056338E-05
145.4 5.284667418E-05 -6.605834273E-05
145.6 6.16892273E-05 3.304780034E-05
145.8 6.613290068E-05 2.204430023E-05
146 7.058159232E-05 -1.10283738E-05
146.2 7.503531073E-05 2.206920904E-05
146.4 7.507772753E-05 1.104084228E-05
146.6 7.953902715E-05 1.8377502E-20
146.8 8.400537634E-05 1.105333899E-05
147 8.847678369E-05 1.105959796E-05
147.2 9.295325779E-05 -3.319759207E-05
147.4 9.300595238E-05 -3.321641156E-05
147.6 9.305870675E-05 5.337009741E-21
147.8 9.3111521E-05 1.108470488E-05
148 9.316439523E-05 2.218199886E-05
148.2 9.765625E-05 -3.329190341E-05
148.4 0.0001021532121 -2.220722001E-05
148.6 0.0001066552901 2.22198521E-05
148.8 0.0001111624929 -2.223249858E-05
149 0.0001156748292 -2.224515945E-05
149.2 0.0001201923077 -1.112891738E-05
149.4 0.0001247149373 1.110456992E-20
149.6 0.0001292427268 -3.342484313E-05
149.8 0.0001382348744 -7.803581621E-05
150 0.000147237293 -2.230868075E-05
150.2 0.00015625 -3.348214286E-05
150.4 0.000160806175 -4.466838193E-05
150.6 0.0001653675629 -1.117348398E-05
150.8 0.0001744061248 -1.117987979E-05
151 0.0001834550401 2.46629107E-20
151.2 0.0001925143266 2.238538682E-05
151.4 0.0002015840023 3.359733372E-05
151.6 0.0002106640849 2.241107286E-05
151.8 0.0002197545924 2.2423938E-05
152 0.0002288555428 6.731045376E-05
152.2 0.000237966954 6.734913793E-05
152.4 0.0002470888442 4.492524439E-05
152.6 0.0002562212313 3.371331991E-05
152.8 0.0002698618307 4.497697179E-05
153 0.0002835181452 9.000576037E-05
153.2 0.0002971902017 1.125720461E-05
153.4 0.000306372549 -1.126369666E-05
153.6 0.0003155654934 4.508078477E-05
153.8 0.0003247690531 3.38301097E-05
154 0.0003430098209 3.384965338E-05
154.2 0.0003477239884 9.031791908E-05
154.4 0.000352443609 6.777761712E-05
154.6 0.0003662109375 2.260561343E-05
154.8 0.0003799942096 2.261870295E-05
155 0.00038474073 1.131590382E-05
155.2 0.0003849637681 6.793478261E-05
155.4 0.00039425029 5.664515661E-05
155.6 0.0003944791062 -1.226859619E-20
155.8 0.0003992450639 -1.134218931E-05
156 0.0004040165601 -1.134877978E-05
156.2 0.0004087936047 5.677688953E-05
156.4 0.0004090314136 5.680991856E-05
156.6 0.0004092694994 2.273719441E-05
156.8 0.0004140579499 2.275043681E-05
157 0.0004142992424 2.276369464E-05
157.2 0.0004236516035 7.971938776E-05
157.4 0.0004284568261 7.976589848E-05
157.6 0.0004287069469 5.700890251E-05
157.8 0.0004289573598 4.563376168E-05
158 0.0004292080655 -5.182762712E-21
158.2 0.0004294590643 -1.142178363E-05
158.4 0.0004342817437 -4.571386776E-05
158.6 0.0004391100703 -6.861094848E-05
158.8 0.0004439440539 -3.432557118E-05
159 0.0004533631301 -3.434569168E-05
159.2 0.0004582111437 -6.873167155E-05
159.4 0.0004676496479 -5.731000587E-05
159.6 0.000472511744 -2.29374633E-05
159.8 0.0004773795535 -3.442641011E-05
160 0.0004730673133 -2.296443269E-05
160.2 0.00046875 -4.595588235E-05
160.4 0.0004736241907 -6.89743967E-05
160.6 0.0004739031213 -1.150250294E-05
160.8 0.0004741823807 4.033902549E-20
161 0.0004652491156 7.056457625E-21
161.2 0.0004563053097 1.152286136E-05
161.4 0.0004611865407 -1.152966352E-05
161.6 0.0004568443591 1.153647372E-05
161.8 0.0004478797281 6.925975177E-05
162 0.0004342844471 3.465035482E-05
162.2 0.000425295858 -3.467085799E-05
162.4 0.0004162966252 -3.469138544E-05
162.6 0.0004072867299 -4.628258294E-05
162.8 0.0004028971547 -5.788752223E-05
163 0.000393868624 -5.792185647E-05
163.2 0.0003801928783 -6.954747774E-05
163.4 0.0003665008907 -3.479438836E-05
163.6 0.0003527926322 1.16050208E-05
163.8 0.0003344233056 -4.644768133E-05
164 0.0003253271862 -5.809414039E-05
164.2 0.0003069196429 1.332421586E-20
164.4 0.00029314324 -2.565993753E-21
164.6 0.0002793504172 1.163960072E-05
164.8 0.0002701997615 1.882619027E-20
165 0.00025637679 -1.165349045E-05
165.2 0.0002425373134 -1.166044776E-05
165.4 0.0002286813023 2.333482676E-05
165.6 0.0002148087268 5.837193664E-05
165.8 0.0002055921053 4.672547847E-05
166 0.0002010397965 1.168836026E-05
166.2 0.0001964820359 -1.680711992E-20
166.4 0.0001919188137 1.293617161E-20
166.6 0.0001826663669 -1.170938249E-05
166.8 0.0001734028194 -1.028455287E-21
167 0.000168817527 -3.517031813E-05
167.2 0.0001642267267 -1.173048048E-05
167.4 0.0001596304087 3.521259014E-05
167.6 0.0001550285628 1.174458809E-05
167.8 0.0001504211793 -2.350330927E-05
168 0.0001505117399 -4.703491872E-05
168.2 0.000141189759 -4.706325301E-05
168.4 0.0001365657022 -3.557907059E-21
168.6 0.00013664807 1.625727235E-21
168.8 0.0001461602293 1.178711527E-05
169 0.0001415307971 7.076539855E-05
169.2 0.0001416163142 3.540407855E-05
169.4 0.0001464253325 -3.542548368E-05
169.6 0.0001559664247 -1.181563823E-05
169.8 0.0001513317191 5.911395278E-05
170 0.0001466913992 3.548985463E-05
170.2 0.00015625 -1.183712121E-05
170.4 0.0001610824742 2.506392974E-20
170.6 0.0001706614078 1.185148665E-05
170.8 0.0001707650273 1.185868245E-05
171 0.0001708687728 4.7463548E-05
171.2 0.0001757218845 7.123860182E-05
171.4 0.0001758287713 4.752128954E-05
171.6 0.0001759357882 1.210513277E-20
171.8 0.0001712850183 -1.189479294E-05
172 0.0001666285801 2.461676179E-20
172.2 0.0001667301829 1.190929878E-05
172.4 0.0001572986577 -3.420576548E-21
172.6 0.0001478556166 2.38476801E-05
172.8 0.0001384010385 5.965562004E-05
173 0.0001241595355 7.163050122E-05
173.2 0.0001099006116 9.556574924E-05
173.4 9.562423501E-05 8.367120563E-05
173.6 9.089865279E-05 3.588104715E-05
173.8 8.138020833E-05 -2.495850118E-20
174 7.66400981E-05 2.395003066E-05
174.2 6.710122699E-05 4.792944785E-05
174.4 5.755064457E-05 1.198971762E-05
174.6 5.278716216E-05 1.8000593E-20
174.8 4.801782422E-05 -1.200445605E-05
175 5.765682657E-05 -6.005919434E-05
175.2 6.25E-05 3.605769231E-05
175.4 6.253848522E-05 6.013315887E-05
175.6 5.776340111E-05 5.671617273E-21
175.8 5.29824291E-05 2.408292232E-05
176 4.81955583E-05 3.614666872E-05
176.2 4.340277778E-05 6.02816358E-05
176.4 3.377856702E-05 4.825509574E-05
176.6 2.897095179E-05 2.414245983E-05
176.8 3.382034632E-05 3.623608534E-05
177 3.384127475E-05 6.043084777E-05
177.2 2.41873065E-05 3.628095975E-05
177.4 1.452137546E-05 1.210114622E-05
177.6 9.686918785E-06 4.843459392E-05
177.8 4.84646402E-06 8.481312035E-05
178 4.849472377E-06 9.698944755E-05
178.2 9.704968944E-06 7.278726708E-05
178.4 1.456650093E-05 2.427750155E-05
178.6 1.94340796E-05 1.214629975E-05
178.8 1.944617299E-05 2.430771624E-05
179 2.432285181E-05 2.432285181E-05
179.2 2.433800623E-05 2.654257116E-20
179.4 2.922381546E-05 -2.435317955E-05
179.6 3.411572052E-05 -6.092092951E-05
179.8 3.413701623E-05 -7.315074906E-05
180 3.903810119E-05 -9.759525297E-05
180.2 4.39453125E-05 -0.0001098632813
180.4 5.374452783E-05 -6.107332708E-05
180.6 5.37781602E-05 -3.666692741E-05
180.8 5.381183469E-05 -6.114981215E-05
181 5.87406015E-05 -0.0001101386278
181.2 5.877742947E-05 -0.0001102076803
181.4 5.881430364E-05 -8.577085947E-05
181.6 5.885122411E-05 -9.808537351E-05
181.8 5.888819095E-05 -6.134186558E-05
182 5.401477058E-05 -3.682825267E-05
182.2 4.422169811E-05 -3.685141509E-05
182.4 4.424952801E-05 1.229153556E-05
182.6 4.427739295E-05 -1.229927582E-05
182.8 4.430529301E-05 -1.230702583E-05
183 4.433322825E-05 1.231478562E-05
183.2 4.929022082E-05 -2.388492534E-21
183.4 4.438920455E-05 1.23303346E-05
183.6 4.441724574E-05 4.935249526E-05
183.8 4.444532238E-05 7.542145209E-21
184 4.447343454E-05 -2.470746363E-05
184.2 4.450158228E-05 -3.70846519E-05
184.4 4.452976567E-05 -1.236937935E-05
184.6 4.455798479E-05 8.664052598E-05
184.8 4.45862397E-05 4.954026633E-05
185 4.461453046E-05 2.464846592E-20
185.2 4.464285714E-05 -1.240079365E-05
185.4 4.467121982E-05 -1.240867217E-05
185.6 3.973299428E-05 -2.483312142E-05
185.8 3.478848601E-05 -2.484891858E-05
186 2.9837683E-05 -1.243236792E-05
186.2 2.98566879E-05 -2.488057325E-05
186.4 2.987571702E-05 2.489643085E-05
186.6 2.989477041E-05 6.228077168E-05
186.8 2.991384812E-05 4.985641353E-05
187 2.993295019E-05 3.741618774E-05
187.2 2.995207668E-05 -2.49600639E-05
187.4 2.997122762E-05 -1.248801151E-05
187.6 2.999040307E-05 2.499200256E-05
187.8 3.000960307E-05 -3.751200384E-05
188 3.002882767E-05 -3.753603459E-05
188.2 3.004807692E-05 -1.252003205E-05
188.4 3.006735087E-05 -7.516837716E-05
188.6 3.008664955E-05 -5.014441592E-05
188.8 3.010597303E-05 -9.541408408E-21
189 3.012532134E-05 -3.765665167E-05
189.2 2.512057878E-05 -6.280144695E-05
189.4 2.513674389E-05 -1.256837194E-05
189.6 2.515292981E-05 1.257646491E-05
189.8 3.020296392E-05 -3.77537049E-05
190 3.525950999E-05 -1.259268214E-05
190.2 4.032258065E-05 -2.52016129E-05
190.4 4.034861201E-05 -5.043576501E-05
190.6 4.542151163E-05 -2.523417313E-05
190.8 4.040077569E-05 1.26252424E-05
191 4.042690815E-05 1.26334088E-05
191.2 4.045307443E-05 -6.32079288E-05
191.4 4.047927461E-05 -7.58986399E-05
191.6 4.556869734E-05 -7.59478289E-05
191.8 5.066472114E-05 -0.0001013294423
192 5.069759896E-05 -3.802319922E-05
192.2 4.565746753E-05 1.268262987E-05
192.4 4.56871345E-05 -5.076348278E-05
192.6 4.571684005E-05 -0.0001269912224
192.8 4.066363045E-05 -8.895169161E-05
193 4.069010417E-05 -6.357828776E-05
193.2 4.071661238E-05 -7.634364821E-05
193.4 4.583604954E-05 -2.546447197E-05
193.6 5.096216569E-05 -1.274054142E-05
193.8 4.589588773E-05 -3.824657311E-05
194 4.082299151E-05 -5.102873939E-05
194.2 4.595588235E-05 -3.829656863E-05
194.4 4.598593852E-05 -1.277387181E-05
194.6 4.601603403E-05 -2.005801092E-20
194.8 4.604616896E-05 2.301200378E-21
195 4.607634338E-05 -2.559796855E-05
195.2 5.12295082E-05 -1.280737705E-05
195.4 4.613681102E-05 -1.398911314E-20
195.6 4.61671044E-05 -2.564839133E-05
195.8 4.619743758E-05 -3.849786465E-05
196 5.136423406E-05 -7.704635108E-05
196.2 5.139802632E-05 -5.139802632E-05
196.4 5.657504937E-05 1.285796577E-05
196.6 5.14657444E-05 1.28664361E-05
196.8 5.14996704E-05 -2.57498352E-05
197 5.153364116E-05 -2.576682058E-05
197.2 5.156765677E-05 1.289191419E-05
197.4 4.644154557E-05 -3.870128798E-05
197.6 5.163582287E-05 -6.454477859E-05
197.8 5.166997354E-05 -6.458746693E-05
198 5.170416942E-05 -6.463021178E-05
198.2 5.17384106E-05 -6.467301325E-05
198.4 5.177269715E-05 -9.060222001E-05
198.6 5.180702918E-05 -5.180702918E-05
198.8 5.184140677E-05 -5.184140677E-05
199 5.706341301E-05 -1.29689575E-05
199.2 5.71013289E-05 2.59551495E-05
199.4 5.713929521E-05 2.597240691E-05
199.6 5.717731204E-05 1.299484365E-05
199.8 5.721537949E-05 -1.300349534E-05
200 4.684377082E-05 1.960777026E-20
200.2 4.166666667E-05 -1.138192608E-20
200.4 3.64826551E-05 1.302951968E-05
200.6 3.12917223E-05 -2.095813855E-20
200.8 2.609385438E-05 -3.914078156E-05
201 2.088903743E-05 -5.222259358E-05
201.2 2.090301003E-05 -3.919314381E-05
201.4 1.5687751E-05 -3.921937751E-05
201.6 1.046550569E-05 -3.924564635E-05
201.8 1.047252011E-05 -6.545325067E-05
202 1.57193159E-05 -7.859657948E-05
202.2 1.048657718E-05 -3.932466443E-05
202.4 1.049361988E-05 -1.311702485E-05
202.6 1.050067204E-05 -1.22414305E-20
202.8 1.050773369E-05 -2.626933423E-05
203 1.051480485E-05 -2.628701211E-05
203.2 1.052188552E-05 6.576178451E-05
203.4 0 5.264487871E-05
203.6 5.268037761E-06 -2.634018881E-05
203.8 1.054318489E-05 1.317898111E-05
204 1.055030385E-05 3.956363943E-05
204.2 1.583614865E-05 -3.959037162E-05
204.4 2.112914131E-05 -5.282285328E-05
204.6 2.642929635E-05 2.642929635E-05
204.8 2.644719025E-05 1.322359513E-05
205 2.64651084E-05 -2.64651084E-05
205.2 2.648305085E-05 -1.324152542E-05
205.4 2.650101764E-05 -1.325050882E-05
205.6 3.182281059E-05 -2.651900883E-05
205.8 2.122961957E-05 5.307404891E-05
206 1.593303875E-05 2.655506458E-05
206.2 1.594387755E-05 -2.657312925E-05
206.4 1.063648741E-05 5.318243703E-05
206.6 0 3.991399864E-05
206.8 5.325494206E-06 -1.331373551E-05
207 5.329126876E-06 9.367263799E-21
207.2 0 -2.666382253E-05
207.4 1.067281421E-05 -5.336407104E-05
207.6 1.602016405E-05 9.942125691E-21
207.8 1.603112175E-05 -1.335926813E-05
208 1.604209446E-05 -2.673682409E-05
208.2 1.070205479E-05 4.013270548E-05
208.4 0 4.016021247E-05
208.6 5.358367627E-06 1.327080556E-20
208.8 1.07240906E-05 5.362045299E-05
209 0 8.048592033E-05
209.2 0 1.342353952E-05
209.4 5.373108666E-06 2.686554333E-05
209.6 1.075361321E-05 5.376806607E-05
209.8 1.076101928E-05 5.380509642E-05
210 1.076843556E-05 9.422381116E-05
210.2 1.077586207E-05 2.693965517E-05
210.4 1.078329883E-05 1.737770549E-20
210.6 1.079074586E-05 3.189464031E-20
210.8 5.399101589E-06 -4.049326192E-05
211 5.402835408E-06 -2.701417704E-05
211.2 1.081314879E-05 -2.703287197E-05
211.4 1.082063712E-05 -1.35257964E-05
211.6 0 -2.76167966E-21
211.8 0 -1.907420905E-20
212 0 -1.355395559E-05
212.2 0 2.712673611E-05
212.4 0 4.071838082E-05
212.6 0 -2.716446453E-05
212.8 0 -6.908730165E-21
213 5.44045961E-06 8.160689415E-05
213.2 5.444250871E-06 5.444250871E-05
213.4 0 -1.362011855E-05
213.6 5.451849267E-06 3.015562994E-20
213.8 1.091131285E-05 -2.727828212E-05
214 1.637840671E-05 -2.729734451E-05
214.2 1.638986014E-05 -2.731643357E-05
214.4 2.186843947E-05 -5.467109867E-05
214.6 2.735469188E-05 -2.735469188E-05
214.8 2.737386125E-05 -1.368693062E-05
215 2.73930575E-05 1.485413528E-20
215.2 2.74122807E-05 -2.1150823E-20
215.4 2.74315309E-05 -4.121375805E-20
215.6 2.745080815E-05 -4.771561141E-20
215.8 2.747011252E-05 2.747011252E-05
216 2.748944405E-05 2.748944405E-05
216.2 2.750880282E-05 -2.750880282E-05
216.4 2.752818887E-05 -2.752818887E-05
216.6 2.754760226E-05 -2.754760226E-05
216.8 2.756704305E-05 -5.51340861E-05
217 3.310381356E-05 -1.379325565E-05
217.2 3.312720848E-05 -2.760600707E-05
217.4 3.315063649E-05 -4.143829562E-05
217.6 2.764508139E-05 2.267347697E-20
217.8 2.213172805E-05 -1.383233003E-05
218 1.661055989E-05 -4.152639972E-05
218.2 1.662234043E-05 -1.385195035E-05
218.4 1.108942512E-05 4.158534422E-05
218.6 5.548650568E-06 -1.269764936E-20
218.8 5.552594172E-06 -1.388148543E-05
219 5.556543385E-06 5.556543385E-05
219.2 5.560498221E-06 5.560498221E-05
219.4 0 1.391114672E-05
219.6 0 2.784212402E-05
219.8 0 1.393099144E-05
220 0 -3.328830634E-20
220.2 0 1.395089286E-05
220.4 0 4.188259471E-05
220.6 0 4.191255365E-05
220.8 0 2.796170365E-05
221 0 4.197260029E-05
221.2 0 4.200268817E-05
221.4 0 5.604375897E-05
221.6 0 5.608399139E-05
221.8 0 4.209321121E-05
222 0 2.808231488E-05
222.2 0 7.025629496E-05
222.4 0 7.030687545E-05
222.6 0 2.814301153E-05
222.8 0 1.408165105E-05
223 0 2.818362193E-05
223.2 0 4.230595668E-05
223.4 0 1.411217486E-05
223.6 0 2.824475777E-05
223.8 0 4.239779305E-05
224 0 4.242849385E-05
224.2 0 2.830615942E-05
224.4 0 2.068364829E-20
224.6 0 7.086810595E-05
224.8 0 5.673565723E-05
225 0 -1.419422238E-05
225.2 0 1.420454545E-05
225.4 0 4.264465066E-05
225.6 0 2.902349538E-20
225.8 0 -4.270681487E-05
226 0 2.965869857E-22
226.2 0 2.036468853E-20
226.4 0 -1.426680058E-05
226.6 0 -1.427722953E-05
226.8 0 2.528572822E-20
227 0 2.859626647E-05
227.2 0 2.861721612E-05
227.4 5.727639296E-06 1.431909824E-05
227.6 5.731841526E-06 7.651663931E-21
227.8 0 -2.860333593E-21
228 0 1.435066128E-05
228.2 0 -4.308363971E-05
228.4 0 -2.874356144E-05
228.6 0 2.876472754E-05
228.8 5.757184967E-06 -2.878592483E-05
229 0 -4.321073009E-05
229.2 0 -4.324261993E-05
229.4 0 -2.884970458E-05
229.6 0 2.887102735E-05
229.8 0 -5.173647918E-21
230 0 -1.445688379E-05
230.2 0 2.893518519E-05
230.4 0 -1.447831727E-05
230.6 0 -4.346717359E-05
230.8 0 -1.44998144E-05
231 0 3.191790645E-21
231.2 0 1.533225126E-20
231.4 0 1.634756638E-20
231.6 0 2.908600149E-05
231.8 0 2.910767511E-05
232 0 3.766573522E-20
232.2 0 -1.45755597E-05
232.4 0 -1.458644511E-05
232.6 0 -1.459734679E-05
232.8 0 -1.460826477E-05
233 0 -2.92383982E-05
233.2 0 -2.926029963E-05
233.4 0 2.928223388E-05
233.6 0 4.395630158E-05
233.8 0 -4.39893018E-05
234 0 -5.869646882E-05
234.2 0 -1.560705969E-20
234.4 0 2.93924003E-05
234.6 0 2.941453313E-05
234.8 0 2.943669932E-05
235 0 -1.472944947E-05
235.2 0 -4.422169811E-05
235.4 0 2.950339879E-05
235.6 0 2.952569917E-05
235.8 0 -1.477401664E-05
236 0 -2.957040121E-05
236.2 0 -1.479640152E-05
236.4 0 2.961523882E-05
236.6 0 5.92754173E-05
236.8 0 7.415053151E-05
237 0 1.484137538E-05
237.2 0 -2.970532319E-05
237.4 0 2.972792998E-05
237.6 0 4.462585682E-05
237.8 0 2.875118968E-20
238 0 -1.489797864E-05
238.2 0 1.490935115E-05
238.4 0 -1.492074102E-05
238.6 0 -2.986429664E-05
238.8 0 1.494357307E-05
239 0 -1.495501531E-05
239.2 0 -2.993295019E-05
239.4 0 -1.497795245E-05
239.6 0 2.997889486E-05
239.8 0 1.500096006E-05
240 0 -4.503747118E-05
240.2 6.009615385E-06 -1.502403846E-05
240.4 6.014241724E-06 -7.016529337E-21
240.6 6.018875193E-06 -3.022066243E-20
240.8 6.023515806E-06 6.023515806E-05
241 6.02816358E-06 0.0001657744985
241.2 6.032818533E-06 0.000135738417
241.4 6.03748068E-06 4.52811051E-05
241.6 1.208430008E-05 3.021075019E-05
241.8 1.814047988E-05 3.023413313E-05
242 1.815453137E-05 3.025755229E-05
242.2 1.21124031E-05 6.05620155E-05
242.4 6.060899922E-06 0.0001666747479
242.6 6.06560559E-06 0.0001061480978
242.8 1.214063714E-05 3.035159285E-05
243 1.215007776E-05 7.5937986E-05
243.2 1.215953307E-05 9.119649805E-05
243.4 6.084501558E-06 0.0001216900312
243.6 1.217848792E-05 6.089243959E-05
243.8 2.437597504E-05 -1.52349844E-05
244 3.049375488E-05 6.098750976E-05
244.2 3.662109375E-05 0.0001373291016
244.4 4.275801407E-05 1.527071931E-05
244.6 5.501760563E-05 -6.113067293E-05
244.8 6.729639781E-05 -9.176781519E-05
245 7.959443574E-05 -0.0001224529781
245.2 9.191176471E-05 -4.595588235E-05
245.4 0.0001042484301 -1.06459684E-20
245.6 9.81932443E-05 1.534269442E-05
245.8 9.212853774E-05 1.535475629E-05
246 8.605428796E-05 1.536683714E-05
246.2 7.997047244E-05 -3.075787402E-05
246.4 7.387706856E-05 -6.15642238E-05
246.6 6.777405363E-05 -4.620958202E-05
246.8 6.166140489E-05 -4.624605367E-05
247 6.171011058E-05 5.628561006E-20
247.2 5.558300395E-05 1.543972332E-05
247.4 4.944620253E-05 -1.545193829E-05
247.6 4.329968329E-05 -1.54641726E-05
247.8 3.714342314E-05 1.547642631E-05
248 3.097739889E-05 3.097739889E-05
248.2 2.48015873E-05 1.550099206E-05
248.4 1.861596505E-05 -1.551330421E-05
248.6 1.242050874E-05 -1.194549288E-20
248.8 6.215194909E-06 1.091846332E-20
249 0 -4.665107484E-05
249.2 0 -1.5562749E-05
249.4 0 1.557515949E-05
249.6 0 4.676276935E-05
249.8 0 6.240015974E-05
250 0 4.683752998E-05
250.2 0 6.25E-05
250.4 0 6.255004003E-05
250.6 0 3.130008013E-05
250.8 6.265036087E-06 3.132518043E-05
251 1.254012841E-05 3.135032103E-05
251.2 1.88253012E-05 -4.29564789E-22
251.4 2.512057878E-05 3.140072347E-05
251.6 3.142598552E-05 1.571299276E-05
251.8 3.774154589E-05 -1.572564412E-05
252 4.406728445E-05 -4.721494762E-05
252.2 4.410282258E-05 1.306784075E-20
252.4 3.783292978E-05 9.458232446E-05
252.6 3.155290792E-05 7.888226979E-05
252.8 2.526273242E-05 4.736762328E-05
253 1.896237864E-05 4.74059466E-05
253.2 1.265182186E-05 3.162955466E-05
253.4 6.331037277E-06 1.582759319E-05
253.6 0 3.168085969E-05
253.8 0 4.755986201E-05
254 0 7.933082859E-05
254.2 0 7.93953252E-05
254.4 0 4.767595606E-05
254.6 0 4.771478013E-05
254.8 0 4.775366748E-05
255 0 7.965436378E-05
255.2 0 7.971938776E-05
255.4 0 4.787071078E-05
255.6 0 3.193990188E-05
255.8 0 3.196603928E-05
256 0 4.798832924E-05
256.2 0 3.201844262E-05
256.4 0 -1.602235439E-05
256.6 0 -1.603550903E-05
256.8 0 -3.81607962E-20
257 0 -4.818564967E-05
257.2 0 -8.03755144E-05
257.4 0 -4.826503295E-05
257.6 0 1.610160758E-05
257.8 0 3.222978548E-05
258 0 -1.612819983E-05
258.2 0 -6.45661157E-05
258.4 0 -3.230976013E-05
258.6 0 1.616825331E-05
258.8 0 3.236329743E-05
259 0 -1.541169026E-21
259.2 0 -1.620850622E-05
259.4 0 3.244393688E-05
259.6 0 6.494181214E-05
259.8 0 4.87468802E-05
260 0 8.131244796E-05
260.2 0 6.510416667E-05
260.4 0 -3.257923269E-05
260.6 0 -3.260642738E-05
260.8 0 3.26336675E-05
261 0 2.920908736E-20
261.2 0 -4.903242678E-05
261.4 0 3.271566164E-05
261.6 0 6.548616932E-05
261.8 0 -1.638527685E-05
262 0 -4.919710327E-05
262.2 0 1.641281513E-05
262.4 0 8.213309504E-05
262.6 0 1.958931934E-20
262.8 0 -4.936288964E-05
263 0 -3.251317395E-20
263.2 0 -1.648206751E-05
263.4 0 -4.948796453E-05
263.6 0 -6.60397295E-05
263.8 0 -1.652390017E-05
264 0 1.653789162E-05
264.2 0 -3.310381356E-05
264.4 0 -1.656594572E-05
264.6 0 1.658000849E-05
264.8 6.637638063E-06 -3.318819031E-05
265 6.643282313E-06 -3.321641156E-05
265.2 6.64893617E-06 -1.662234043E-05
265.4 1.330919932E-05 -3.32729983E-05
265.6 1.332054561E-05 3.319707592E-20
265.8 6.665955631E-06 1.666488908E-05
266 6.671648164E-06 3.526548559E-22
266.2 1.335470085E-05 -1.669337607E-05
266.4 1.336612489E-05 -3.341531223E-05
266.6 1.337756849E-05 -1.672196062E-05
266.8 2.008354756E-05 -2.068854813E-20
267 2.010077187E-05 -1.675064322E-05
267.2 2.011802575E-05 1.676502146E-05
267.4 2.013530928E-05 5.03382732E-05
267.6 2.015262253E-05 3.358770421E-05
267.8 2.016996558E-05 6.723321859E-05
268 2.01873385E-05 8.411391042E-05
268.2 1.346982759E-05 6.734913793E-05
268.4 1.348144953E-05 3.370362381E-05
268.6 1.349309154E-05 5.059909326E-05
268.8 1.350475367E-05 6.752376837E-05
269 1.351643599E-05 1.689554498E-05
269.2 1.352813853E-05 5.073051948E-05
269.4 1.353986135E-05 6.769930676E-05
269.6 1.355160451E-05 1.693950564E-05
269.8 1.356336806E-05 -3.390842014E-05
270 1.357515204E-05 -5.090682016E-05
270.2 1.358695652E-05 -3.071599366E-20
270.4 1.359878155E-05 1.699847694E-05
270.6 1.361062718E-05 6.805313589E-05
270.8 6.811246731E-06 6.811246731E-05
271 0 1.704297557E-05
271.2 0 6.823144105E-05
271.4 0 6.829108392E-05
271.6 6.835083115E-06 3.417541557E-05
271.8 6.841068301E-06 6.841068301E-05
272 0 8.558829974E-05
272.2 0 1.713267544E-05
272.4 0 -1.71477173E-05
272.6 0 1.716278559E-05
272.8 0 6.871152155E-05
273 6.877200704E-06 6.877200704E-05
273.2 6.883259912E-06 1.720814978E-05
273.4 1.377865961E-05 3.444664903E-05
273.6 1.379082083E-05 -7.550326733E-21
273.8 2.07045053E-05 -8.626877208E-05
274 2.072281167E-05 -0.0001208830681
274.2 2.074115044E-05 6.597512933E-21
274.4 2.07595217E-05 0.0001037976085
274.6 1.385195035E-05 1.731493794E-05
274.8 1.386424135E-05 -5.199090506E-05
275 1.387655417E-05 -5.203707815E-05
275.2 2.777777778E-05 -3.472222222E-05
275.4 3.475311388E-05 -8.68827847E-05
275.6 4.174087266E-05 -6.95681211E-05
275.8 4.874108734E-05 -1.740753119E-05
276 5.575379126E-05 -5.22691793E-05
276.2 6.277901786E-05 -6.975446429E-05
276.4 6.981680071E-05 -6.981680071E-05
276.6 7.686717352E-05 -8.734906082E-05
276.8 6.994180842E-05 -8.742726052E-05
277 6.300403226E-05 -7.000448029E-05
277.2 5.605381166E-05 -5.255044843E-05
277.4 5.610412926E-05 -5.259762118E-05
277.6 5.615453729E-05 -7.019317161E-05
277.8 5.620503597E-05 -5.269222122E-05
278 5.625562556E-05 -7.031953195E-05
278.2 5.630630631E-05 -8.79786036E-05
278.4 5.635707845E-05 -3.522317403E-05
278.6 5.640794224E-05 -5.288244585E-05
278.8 5.645889792E-05 -7.05736224E-05
279 5.650994575E-05 1.270269228E-20
279.2 4.949095023E-05 4.099536168E-20
279.4 4.245923913E-05 -3.538269928E-05
279.6 3.541477788E-05 -3.541477788E-05
279.8 2.835753176E-05 -5.317037205E-05
280 2.128746594E-05 -7.09582198E-05
280.2 1.420454545E-05 -5.326704545E-05
280.4 7.108735214E-06 8.299827694E-21
280.6 0 1.778802368E-05
280.8 0 1.780423883E-05
281 0 3.564096715E-05
281.2 0 7.134703196E-05
281.4 0 5.355918647E-05
281.6 0 5.360818847E-05
281.8 0 7.154304029E-05
282 7.160861595E-06 -1.757574335E-20
282.2 1.433486239E-05 -1.791857798E-05
282.4 2.152203857E-05 -2.911076565E-20
282.6 2.872242647E-05 -3.332588813E-21
282.8 3.593606256E-05 1.796803128E-05
283 4.316298343E-05 3.596915285E-05
283.2 5.040322581E-05 1.800115207E-05
283.4 5.765682657E-05 -1.80177583E-05
283.6 6.492382271E-05 1.032432358E-20
283.8 7.220425139E-05 3.610212569E-05
284 7.949814986E-05 5.4203284E-05
284.2 8.680555556E-05 7.233796296E-05
284.4 8.688600556E-05 3.620250232E-05
284.6 9.421382189E-05 4.199622981E-21
284.8 0.0001015552461 -1.813486537E-05
285 0.000108910316 -1.815171933E-05
285.2 0.0001162790698 -1.816860465E-05
285.4 0.0001236615456 -3.637104283E-05
285.6 0.0001310577819 -3.640493942E-05
285.8 0.0001311800373 1.821944963E-05
286 0.0001240079365 3.64729225E-05
286.2 0.0001168224299 -7.804370652E-21
286.4 0.0001096234799 -4.186357506E-20
286.6 0.0001024110487 1.828768727E-05
286.8 9.518509841E-05 1.830482662E-05
287 8.794559099E-05 -1.832199812E-05
287.2 8.069248826E-05 7.737110264E-21
287.4 7.342575188E-05 3.671287594E-05
287.6 6.614534337E-05 1.837370649E-05
287.8 5.885122411E-05 -2.006715151E-20
288 5.154335533E-05 1.840834119E-05
288.2 4.422169811E-05 -1.304565643E-20
288.4 4.426345609E-05 1.84431067E-05
288.6 3.69210775E-05 3.69210775E-05
288.8 2.956480605E-05 1.847800378E-05
289 2.219460227E-05 -1.920191218E-20
289.2 1.481042654E-05 -1.851303318E-05
289.4 7.412239089E-06 1.853059772E-05
289.6 0 3.247497894E-20
289.8 0 -3.713165399E-05
290 0 1.858349191E-05
290.2 0 1.860119048E-05
290.4 0 -1.861892278E-05
290.6 0 1.863668893E-05
290.8 0 3.382375073E-20
291 0 -1.867232314E-05
291.2 0 -1.869019139E-05
291.4 0 -3.741618774E-05
291.6 0 -1.872603068E-05
291.8 0 -1.874400192E-05
292 0 -3.752401537E-05
292.2 0 -3.756009615E-05
292.4 0 -1.87981232E-05
292.6 0 -1.881623314E-05
292.8 0 -1.883437801E-05
293 0 2.074740932E-20
293.2 0 2.688955424E-20
293.4 0 -2.788077793E-21
293.6 0 3.503020389E-20
293.8 0 4.948303562E-20
294 0 7.889364844E-21
294.2 0 1.896237864E-05
294.4 0 1.898080661E-05
294.6 0 1.899927043E-05
294.8 0 3.803554041E-05
295 0 1.903630604E-05
295.2 0 -4.86882191E-21
295.4 0 1.907348633E-05
295.6 0 3.818426197E-05
295.8 0 -1.911081213E-05
296 0 -3.825905975E-05
296.2 0 -1.914828431E-05
296.4 0 -1.916707556E-05
296.6 0 -1.918590373E-05
296.8 0 -1.920476893E-05
297 0 1.922367126E-05
297.2 0 2.64525449E-20
297.4 0 -3.852317554E-05
297.6 0 -3.856120434E-05
297.8 0 -3.85993083E-05
298 0 -3.863748764E-05
298.2 0 -3.867574257E-05
298.4 0 -5.807111001E-05
298.6 0 -5.812872024E-05
298.8 0 -3.879096326E-05
299 0 -3.882952286E-05
299.2 0 7.258934353E-20
299.4 0 1.753445544E-20
299.6 0 -3.894566301E-05
299.8 0 -1.949226547E-05
300 0 4.654138065E-21
300.2 0 1.370551347E-20
300.4 0 -5.115164848E-21
300.6 0 1.123453294E-20
300.8 0 1.834704602E-20
301 0 -1.960968876E-05
301.2 0 -5.888819095E-05
301.4 0 -1.964914487E-05
301.6 0 1.966893253E-05
301.8 0 3.937752016E-05
302 0 5.912588295E-05
302.2 0 5.918560606E-05
302.4 0 3.949696663E-05
302.6 0 3.953694332E-05
302.8 0 5.936550152E-05
303 0 3.961713996E-05
303.2 0 3.965736041E-05
303.4 0 3.96976626E-05
303.6 0 3.97380468E-05
303.8 0 1.988925662E-05
304 0 3.981906218E-05
304.2 0 5.978954082E-05
304.4 0 3.990040858E-05
304.6 0 3.994120654E-05
304.8 0 3.998208802E-05
305 0 4.002305328E-05
305.2 0 4.006410256E-05
305.4 0 4.010523614E-05
305.6 0 2.007322713E-05
305.8 0 2.00938786E-05
306 0 -3.836642226E-20
306.2 0 -2.013530928E-05
306.4 0 6.046826625E-05
306.6 0 8.070764463E-05
306.8 0 4.039555326E-05
307 0 2.02186853E-05
307.2 0 4.047927461E-05
307.4 0 2.026063278E-05
307.6 0 -2.028167186E-05
307.8 0 6.090826403E-05
308 0 1.082009358E-20
308.2 0 -2.034505208E-05
308.4 0 4.073253389E-05
308.6 0 1.226915387E-20
308.8 0 -6.122648903E-05
309 0 -4.086035565E-05
309.2 0 2.045157068E-05
309.4 0 -6.141902516E-05
309.6 0 -0.0001024724554
309.8 0 -6.154805672E-05
310 0 -4.107518402E-05
310.2 0 -2.055921053E-05
310.4 0 -2.663585857E-20
310.6 0 2.060258439E-05
310.8 0 -2.472244298E-20
311 0 -2.064614165E-05
311.2 8.267195767E-06 -6.200396825E-05
311.4 1.655190678E-05 -4.137976695E-05
311.6 2.485418876E-05 2.071182397E-05
311.8 3.317409766E-05 2.073381104E-05
312 3.320935175E-05 9.052853533E-21
312.2 3.324468085E-05 -6.23337766E-05
312.4 4.16001065E-05 1.840958937E-20
312.6 4.164445629E-05 4.164445629E-05
312.8 4.168890075E-05 4.168890075E-05
313 4.173344017E-05 4.173344017E-05
313.2 4.177807487E-05 2.674838809E-20
313.4 4.182280514E-05 -4.303545155E-20
313.6 4.18676313E-05 2.093381565E-05
313.8 4.191255365E-05 2.095627682E-05
314 4.19575725E-05 -4.19575725E-05
314.2 4.200268817E-05 -1.058140053E-20
314.4 4.204790097E-05 2.102395048E-05
314.6 4.209321121E-05 -2.10466056E-05
314.8 4.21386192E-05 -1.433826347E-20
315 4.218412527E-05 2.109206263E-05
315.2 3.378378378E-05 2.249292943E-20
315.4 2.536525974E-05 2.113771645E-05
315.6 1.692849404E-05 6.348185265E-05
315.8 8.473427332E-06 1.485865065E-20
316 8.482627579E-06 -2.120656895E-05
316.2 8.491847826E-06 2.122961957E-05
316.4 0 2.125272035E-05
316.6 0 2.127587146E-05
316.8 0 -5.66835094E-20
317 0 2.132232533E-05
317.2 0 6.403688525E-05
317.4 0 -2.136898249E-05
317.6 0 4.278477547E-05
317.8 0 0.0001070792215
318 0 -2.143935236E-05
318.2 0 5.365253253E-20
318.4 0 2.148652365E-05
318.6 0 -5.992000586E-20
318.8 0 6.460170893E-05
319 0 2.155767108E-05
319.2 0 -8.231439194E-21
319.4 0 6.481609513E-05
319.6 0 6.488787375E-05
319.8 0 2.165327051E-05
320 0 2.1677303E-05
320.2 0 -2.72617674E-21
320.4 0 -6.517658509E-05
320.6 0 -2.17497216E-05
320.8 0 2.177396878E-05
321 0 2.179827009E-05
321.2 0 2.18226257E-05
321.4 0 -4.369407159E-05
321.6 0 1.166958519E-20
321.8 0 2.189602018E-05
322 0 1.285432559E-20
322.2 0 4.513907078E-21
322.4 0 -8.787964004E-05
322.6 0 -6.59839527E-05
322.8 0 -2.201944758E-05
323 0 -2.204430023E-05
323.2 0 -2.206920904E-05
323.4 0 -8.731626205E-20
323.6 0 4.423839185E-05
323.8 0 2.214427438E-05
324 0 1.593776195E-20
324.2 0 2.219460227E-05
324.4 0 -3.591986655E-20
324.6 0 -2.224515945E-05
324.8 0 -2.655771325E-20
325 0 -6.925185466E-20
325.2 0 2.232142857E-05
325.4 0 6.704090389E-05
325.6 0 6.711769759E-05
325.8 0 2.239822248E-05
326 0 2.2423938E-05
326.2 0 2.456381254E-20
326.4 0 2.247554661E-05
326.6 0 4.500288018E-05
326.8 0 5.25726004E-20
327 0 -3.766589889E-20
327.2 0 2.257947977E-05
327.4 0 4.521122685E-05
327.6 0 4.52636153E-05
327.8 0 -4.080101394E-20
328 0 -2.225127064E-20
328.2 0 4.542151163E-05
328.4 0 2.273719441E-05
328.6 9.105477855E-06 6.829108392E-05
328.8 0 9.116102684E-05
329 0 2.281688084E-05
329.2 0 1.322626045E-20
329.4 0 2.287031616E-05
329.6 0 9.158851114E-05
329.8 0 9.169600939E-05
330 0 2.295094007E-05
330.2 0 4.595588235E-05
330.4 0 2.300500589E-05
330.6 0 -6.90964033E-05
330.8 0 -6.759599178E-20
331 0 2.308658392E-05
331.2 0 2.311390533E-05
331.4 0 2.314129147E-05
331.6 0 -2.316874259E-05
331.8 0 4.639251781E-05
332 0 2.322384067E-05
332.2 0 -2.32514881E-05
332.4 0 -7.059458374E-21
332.6 0 4.661396181E-05
332.8 0 2.333482676E-05
333 0 -3.314897158E-21
333.2 0 4.678143713E-05
333.4 0 -2.341876499E-05
333.6 0 -7.034063625E-05
333.8 0 2.34750601E-05
334 9.401323706E-06 7.05099278E-05
334.2 1.88253012E-05 -9.636321494E-21
334.4 2.827201448E-05 -4.616978345E-20
334.6 3.774154589E-05 7.076539855E-05
334.8 4.723397823E-05 4.723397823E-05
335 5.674939467E-05 -2.364558111E-05
335.2 6.628787879E-05 2.367424242E-05
335.4 7.584951456E-05 9.48118932E-05
335.6 8.543438639E-05 4.7463548E-05
335.8 9.504257908E-05 -2.376064477E-05
336 0.0001141900122 -2.378958587E-05
336.2 0.0001333841463 -2.381859756E-05
336.4 0.0001526251526 -4.76953602E-05
336.6 0.0001719132029 2.387683374E-05
336.8 0.00019124847 9.562423501E-05
337 0.0002010569853 4.787071078E-05
337.2 0.0002108895706 4.792944785E-05
337.4 0.0002111486486 7.198249386E-05
337.6 0.0002210178352 -8.763008673E-20
337.8 0.0002212900246 -2.337492787E-20
338 0.0002311960543 2.408292232E-05
338.2 0.0002411265432 -2.411265432E-05
338.4 0.0002510815822 -4.828491965E-05
338.6 0.0002610612624 -7.251701733E-05
338.8 0.0002710656753 -2.420229244E-05
339 0.0002714019851 -4.84646402E-05
339.2 0.0002717391304 -7.278726708E-05
339.4 0.0002623600746 -2.42925995E-05
339.6 0.0002432285181 -2.432285181E-05
339.8 0.0002240492519 -3.284194405E-20
340 0.0002048220974 -4.364238568E-20
340.2 0.000185546875 -2.44140625E-05
340.4 0.0001760012516 -2.444461827E-05
340.6 0.0001664317043 -4.895050125E-05
340.8 0.000156838143 -4.90119197E-05
341 0.0001570351759 -2.453674623E-05
341.2 0.0001375786164 -2.456761006E-05
341.4 0.0001180730479 2.12758211E-20
341.6 9.851828499E-05 4.92591425E-05
341.8 7.891414141E-05 4.932133838E-05
342 5.926042984E-05 2.469184576E-05
342.2 3.955696203E-05 2.472310127E-05
342.4 1.98035488E-05 3.451706848E-20
342.6 9.914340102E-06 -5.065993063E-20
342.8 0 3.89998754E-21
343 0 4.969783715E-05
343.2 0 7.464171975E-05
343.4 0 2.491230867E-05
343.6 0 -2.494412516E-05
343.8 0 -2.497602302E-05
344 0 -2.683390878E-20
344.2 0 -3.06176231E-22
344.4 0 2.507220796E-05
344.6 0 5.020886889E-05
344.8 0 5.027348777E-05
345 0 2.51691366E-05
345.2 0 -2.52016129E-05
345.4 1.009366925E-05 -5.046834625E-05
345.6 2.021345408E-05 -2.526681759E-05
345.8 3.035945596E-05 2.529954663E-05
346 3.039883268E-05 5.066472114E-05
346.2 3.043831169E-05 -1.46329178E-20
346.4 3.047789337E-05 -2.539824447E-05
346.6 4.069010417E-05 -2.439054104E-20
346.8 5.092894394E-05 1.082969081E-19
347 6.119451697E-05 7.252982963E-20
347.2 6.12745098E-05 -1.443435195E-22
347.4 7.158049738E-05 -5.501516724E-20
347.6 8.191349934E-05 -1.102508011E-20
347.8 9.227362205E-05 -1.01533695E-19
348 0.0001026609724 -9.536255923E-20
348.2 0.0001233552632 -3.153752424E-20
348.4 0.0001441040843 -5.14657444E-05
348.6 0.0001649076517 -7.730046174E-05
348.8 0.0001754458388 -7.740257596E-05
349 0.0001860119048 -0.0001033399471
349.2 0.0002069536424 -2.58692053E-05
349.4 0.0002072281167 2.590351459E-05
349.6 0.0002075033201 -2.593791501E-05
349.8 0.0001973902926 -5.194481383E-05
350 0.0002080559254 -2.600699068E-05
350.2 0.00021875 -2.604166667E-05
350.4 0.0002294726302 -2.607643525E-05
350.6 0.0002297794118 2.217098824E-20
350.8 0.0002300870147 -4.323298283E-20
351 0.0002303954424 -5.236260054E-05
351.2 0.0002411912752 -2.621644295E-05
351.4 0.000241515457 5.562329145E-20
351.6 0.0002418405114 -5.257402423E-05
351.8 0.000242166442 2.632243935E-05
352 0.0002424932524 -2.635796221E-05
352.2 0.0002428209459 -7.918074324E-05
352.4 0.0002431495264 -2.642929635E-05
352.6 0.0002434789973 -2.64651084E-05
352.8 0.0002438093623 -2.323262408E-21
353 0.000244140625 2.653702446E-05
353.2 0.0002444727891 -2.657312925E-05
353.4 0.0002554495913 -2.660933243E-05
353.6 0.0002664563438 7.993690314E-05
353.8 0.0002668203552 2.668203552E-05
354 0.000277872777 -2.671853625E-05
354.2 0.0002889554795 -8.026541096E-05
354.4 0.0003107853224 -0.0001071673525
354.6 0.0003219436813 -5.365728022E-05
354.8 0.0003331327373 -5.373108666E-05
355 0.0003228305785 -2.690254821E-05
355.2 0.0003232758621 -8.496338979E-20
355.4 0.0003237223757 -2.697686464E-05
355.6 0.0003241701245 -2.701417704E-05
355.8 0.0003246191136 -3.77159722E-20
356 0.0003250693481 1.559085667E-20
356.2 0.0003255208333 -2.712673611E-05
356.4 0.0003259735744 -5.432892907E-05
356.6 0.0003264275766 -2.720229805E-05
356.8 0.0003268828452 -3.876122158E-20
357 0.0003273393855 2.823012515E-20
357.2 0.0003277972028 -2.932985583E-20
357.4 0.0003282563025 -6.699832863E-20
357.6 0.00032871669 2.73930575E-05
357.8 0.0003291783708 2.74315309E-05
358 0.0003296413502 2.568413967E-21
358.2 0.0003301056338 1.043575365E-19
358.4 0.0003305712271 2.754760226E-05
358.6 0.0003310381356 -9.06875087E-20
358.8 0.0003315063649 -5.525106082E-05
359 0.0003319759207 -2.766466006E-05
359.2 0.0003324468085 -1.845202811E-20
359.4 0.0003329190341 -5.548650568E-05
359.6 0.0003333926031 -8.334815078E-05
359.8 0.0003338675214 2.782229345E-05
360 0.0003343437946 0.0001114479315
360.2 0.0003348214286 8.370535714E-05
360.4 0.0003353004292 3.790125182E-20
360.6 0.0003469734957 -5.596346705E-05
360.8 0.0003586800574 -2.802187948E-05
361 0.0003704202586 -2.80621408E-05
361.2 0.0003709532374 -2.810251799E-05
361.4 0.0003714877522 -6.81776864E-20
361.6 0.0003720238095 -6.447244349E-20
361.8 0.0003725614162 -1.383565344E-20
362 0.0003731005789 2.826519537E-05
362.2 0.0003736413043 5.661231884E-05
362.4 0.0003741835994 2.834724238E-05
362.6 0.0003860828488 2.838844477E-05
362.8 0.0003866448326 1.990425454E-20
363 0.0003872084548 3.540271719E-20
363.2 0.0003877737226 5.702554745E-05
363.4 0.0003769188596 -5.710891813E-05
363.6 0.000388909224 -8.578879941E-05
363.8 0.0003894794721 -5.103523133E-21
364 0.000390051395 2.868024963E-05
364.2 0.0003791360294 -2.872242647E-05
364.4 0.0003912002946 -2.876472754E-05
364.6 0.0003917772861 5.761430678E-05
364.8 0.0003808161004 2.884970458E-05
365 0.0003813794379 2.889238166E-05
365.2 0.0003819444444 2.893518519E-05
365.4 0.0003941023739 2.897811573E-05
365.6 0.0003946879643 2.902117385E-05
365.8 0.0003836495536 2.906436012E-05
366 0.0003609351714 2.910767511E-05
366.2 0.0003498134328 2.91511194E-05
366.4 0.0003386584454 2.919469357E-05
366.6 0.0003391654192 -2.92383982E-05
366.8 0.0003513868066 -5.856446777E-05
367 0.0003401839339 -5.86524024E-05
367.2 0.0003289473684 -5.87406015E-05
367.4 0.0003176769578 -5.882906627E-05
367.6 0.000306372549 2.945889894E-05
367.8 0.0002832326284 2.950339879E-05
368 0.0002718419062 1.373254076E-20
368.2 0.0002604166667 2.959280303E-05
368.4 0.0002489567527 -2.963770865E-05
368.6 0.0002493351064 -2.968275076E-05
368.8 0.0002378234399 2.972792998E-05
369 0.0002381859756 2.977324695E-05
369.2 0.0002385496183 4.521382506E-21
369.4 0.0002389143731 2.986429664E-05
369.6 0.0002273162328 5.982006126E-05
369.8 0.0002276648773 2.132401666E-20
370 0.0002280145929 -5.614283924E-21
370.2 0.0002283653846 -3.712120313E-20
370.4 0.0002287172573 -3.009437596E-05
370.6 0.000229070216 -3.01408179E-05
370.8 0.0002294242658 -6.03748068E-05
371 0.0002297794118 -6.046826625E-05
371.2 0.0002301356589 -3.028100775E-05
371.4 0.0002304930124 -9.098408385E-05
371.6 0.0002430015552 -0.0001215007776
371.8 0.0002433800623 -3.042250779E-05
372 0.0002437597504 -5.008455034E-21
372.2 0.000244140625 -6.075797127E-20
372.4 0.0002445226917 -2.743323435E-20
372.6 0.0002449059561 -3.061324451E-05
372.8 0.0002575549451 3.066130298E-05
373 0.0002579599057 6.141902516E-05
373.2 0.0002583661417 -6.151574803E-05
373.4 0.0002587736593 -9.241916404E-05
373.6 0.0002715244866 -3.085505529E-05
373.8 0.0002719541139 3.090387658E-05
374 0.000272385103 3.095285261E-05
374.2 0.0002728174603 -5.441160734E-20
374.4 0.0002732511924 9.315381558E-05
374.6 0.0002612460191 0.0001244028662
374.8 0.0002492025518 3.115031898E-05
375 0.000237120607 9.360023962E-05
375.2 0.000225 9.375E-05
375.4 0.0002253605769 9.390024038E-05
375.6 0.000213182183 9.405096308E-05
375.8 0.0002009646302 -1.34868967E-19
376 0.0001887077295 -3.145128824E-05
376.2 0.0001764112903 6.300403226E-05
376.4 0.0001640751212 0.0001262116317
376.6 0.0001516990291 9.48118932E-05
376.8 0.0001392828201 6.331037277E-05
377 0.0001268262987 3.170657468E-05
377.2 0.0001143292683 9.527439024E-05
377.4 8.906758958E-05 9.542956026E-05
377.6 7.646818923E-05 3.186174551E-05
377.8 7.659313725E-05 6.382761438E-05
378 6.393207856E-05 9.589811784E-05
378.2 5.12295082E-05 3.201844262E-05
378.4 2.565681445E-05 -3.207101806E-05
378.6 1.284950658E-05 3.212376645E-05
378.8 1.287067545E-05 9.65300659E-05
379 1.289191419E-05 6.445957096E-05
379.2 1.291322314E-05 0.0001291322314
379.4 0 0.0001293460265
379.6 0 6.478026534E-05
379.8 0 6.488787375E-05
380 0 3.249792013E-05
380.2 0 6.510416667E-05
380.4 0 6.521285476E-05
380.6 0 6.532190635E-05
380.8 0 9.814698492E-05
381 0 2.494029653E-20
381.2 0 3.282563025E-05
381.4 0 6.576178451E-05
381.6 0 -3.293634064E-05
381.8 0 9.897592905E-05
382 0 9.914340102E-05
382.2 1.324152542E-05 -3.310381356E-05
382.4 1.326400679E-05 -4.56001281E-20
382.6 1.328656463E-05 3.321641156E-05
382.8 1.330919932E-05 9.981899489E-05
383 1.333191126E-05 0.0001333191126
383.2 1.335470085E-05 0.0001001602564
383.4 1.337756849E-05 6.688784247E-05
383.6 1.340051458E-05 6.70025729E-05
383.8 1.342353952E-05 0.0001342353952
384 1.344664372E-05 0.0001008498279
384.2 1.346982759E-05 -1.433197829E-19
384.4 1.349309154E-05 3.373272884E-05
384.6 1.351643599E-05 6.758217993E-05
384.8 1.353986135E-05 2.331303745E-20
385 1.356336806E-05 -6.781684028E-05
385.2 1.358695652E-05 3.39673913E-05
385.4 0 0.0001020797038
385.6 0 3.408595113E-05
385.8 0 6.829108392E-05
386 0 0.000136821366
386.2 0 6.853070175E-05
386.4 0 0.0001029767135
386.6 0 6.877200704E-05
386.8 0 -0.0001033399471
387 0 -3.450750883E-05
387.2 0 6.913716814E-05
387.4 0 -5.913989582E-21
387.6 0 -6.938277087E-05
387.8 0 -6.950622776E-05
388 0 -0.0001044451872
388.2 0 -3.95818441E-20
388.4 0 7.521324247E-20
388.6 0 -0.0001050067204
388.8 0 -7.013016158E-05
389 0 -3.512814748E-05
389.2 0 1.385607222E-20
389.4 0 -3.393324925E-21
389.6 0 -3.531871609E-05
389.8 0 -7.076539855E-05
390 0 -0.0001063407441
390.2 0 -7.102272727E-05
390.4 0 -7.115209472E-05
390.6 0 -0.0001425638686
390.8 0 -3.570612431E-05
391 0 3.577152015E-05
391.2 0 -3.583715596E-05
391.4 0 -7.180606618E-05
391.6 0 -0.0001079074586
391.8 0 -0.0001081065498
392 0 -7.220425139E-05
392.2 0 -7.233796296E-05
392.4 0 -7.247217069E-05
392.6 0 -7.260687732E-05
392.8 0 -0.0001091131285
393 0 -0.0001093166978
393.2 0 -0.000109521028
393.4 0 -0.0001463014981
393.6 0 -0.0001099319887
393.8 0 -3.671287594E-05
394 0 -3.678201507E-05
394.2 0 -7.370283019E-05
394.4 0 -7.384215501E-05
394.6 0 -7.398200758E-05
394.8 0 -3.706119545E-05
395 0 -8.635995498E-20
395.2 0 -8.844413997E-20
395.4 0 -3.381285368E-20
395.6 0 -1.422864746E-19
395.8 0 -7.483237548E-05
396 0 -0.0001124640115
396.2 0 -3.756009615E-05
396.4 0 -3.763246628E-05
396.6 0 -7.541023166E-05
396.8 0 -7.555609284E-05
397 0 -7.570251938E-05
397.2 0 -7.584951456E-05
397.4 0 -3.799854086E-05
397.6 0 -3.807261209E-05
397.8 1.525878906E-05 -0.000114440918
398 1.528864971E-05 -0.0001146648728
398.2 1.531862745E-05 -3.829656863E-05
398.4 1.534872299E-05 -3.837180747E-05
398.6 1.537893701E-05 -7.689468504E-05
398.8 1.540927022E-05 -7.704635108E-05
399 1.543972332E-05 -7.71986166E-05
399.2 1.547029703E-05 -7.735148515E-05
399.4 1.550099206E-05 -3.875248016E-05
399.6 1.553180915E-05 -3.882952286E-05
399.8 0 -3.890687251E-05
400 0 -5.980272605E-20
400.2 0 -3.90625E-05
400.4 0 -7.828156313E-05
400.6 1.5687751E-05 -3.921937751E-05
400.8 3.143863179E-05 -3.929828974E-05
401 4.725302419E-05 -7.875504032E-05
401.2 6.313131313E-05 -7.891414141E-05
401.4 7.907388664E-05 -7.907388664E-05
401.6 9.50811359E-05 -7.923427992E-05
401.8 0.0001111534553 -3.96976626E-05
402 0.0001272912424 -5.019049572E-20
402.2 0.000143494898 -7.749258953E-20
402.4 0.0001597648262 -3.908632834E-20
402.6 0.0001761014344 -4.002305328E-05
402.8 0.0001925051335 -4.010523614E-05
403 0.0002089763374 4.01877572E-05
403.2 0.0002255154639 4.027061856E-05
403.4 0.0002421229339 -4.035382231E-05
403.6 0.0002587991718 -4.04373706E-05
403.8 0.0002755446058 5.482466533E-20
404 0.0002761174636 -5.506959884E-20
404.2 0.0002766927083 -6.979838426E-21
404.4 0.0002772703549 5.235251939E-20
404.6 0.0002778504184 9.448267256E-21
404.8 0.000278432914 3.723663736E-21
405 0.0002790178571 4.103203782E-05
405.2 0.0002796052632 8.223684211E-05
405.4 0.0002801951477 8.241033755E-05
405.6 0.0002807875264 2.369218786E-20
405.8 0.0002813824153 -4.137976695E-05
406 0.0002819798301 4.146762208E-05
406.2 0.0002825797872 8.311170213E-05
406.4 0.0002831823028 8.328891258E-05
406.6 0.0002837873932 4.173344017E-05
406.8 0.000301124197 4.182280514E-05
407 0.0003185354077 0.0001257376609
407.2 0.0003192204301 0.0001680107527
407.4 0.0003199084052 0.0001683728448
407.6 0.0003205993521 0.0001265523758
407.8 0.00032129329 0.0001268262987
408 0.0003219902386 8.473427332E-05
408.2 0.0003226902174 4.245923913E-05
408.4 0.0003233932462 0.0001702069717
408.6 0.000324099345 0.0002558679039
408.8 0.0003077133479 0.00017095186
409 0.0002912554825 8.566337719E-05
409.2 0.0002747252747 0.0001717032967
409.4 0.0002581222467 0.0001720814978
409.6 0.0002414459161 8.623068433E-05
409.8 0.0002419800885 0.0001296321903
410 0.0002425166297 0.0002165327051
410.2 0.0002256944444 0.0001736111111
410.4 0.0002087973274 0.0001304983296
410.6 0.0002092633929 8.719308036E-05
410.8 0.0002097315436 -4.369407159E-05
411 0.0002102017937 -4.379204036E-05
411.2 0.0002106741573 4.389044944E-05
411.4 0.0002111486486 4.39893018E-05
411.6 0.0002116252822 4.408860045E-05
411.8 0.0002121040724 0.0001325650452
412 0.000212585034 0.0001328656463
412.2 0.0002308238636 0.0001331676136
412.4 0.0002313496583 0.0001779612756
412.6 0.0002497146119 0.0001337756849
412.8 0.0002860411899 4.469393593E-05
413 0.0003046158257 -4.479644495E-05
413.2 0.000305316092 4.2049839E-20
413.4 0.0003060195853 9.000576037E-05
413.6 0.0003247690531 0.0001353204388
413.8 0.0003436053241 0.0001808449074
414 0.0003444025522 9.063225058E-05
414.2 0.0003452034884 1.066567843E-19
414.4 0.0003460081585 -5.359338294E-20
414.6 0.0003468165888 -4.563376168E-05
414.8 0.0003476288056 -3.839731377E-20
415 0.0003484448357 4.584800469E-05
415.2 0.0003492647059 -9.191176471E-05
415.4 0.0003500884434 -4.606426887E-05
415.6 0.0003509160757 4.617316785E-05
415.8 0.0003332345972 -4.628258294E-05
416 0.0003154691211 -9.278503563E-05
416.2 0.0002976190476 -9.300595238E-05
416.4 0.0002796837709 -9.322792363E-05
416.6 0.0002616626794 -9.345095694E-05
416.8 0.0002435551559 -9.367505995E-05
417 0.0002253605769 -0.0001408503606
417.2 0.0002070783133 -0.000188253012
417.4 0.0001887077295 -0.0001415307971
417.6 0.000170248184 -9.458232446E-05
417.8 0.0001516990291 -0.0001422178398
418 0.0001330596107 -0.0001900851582
418.2 0.0001143292683 -0.0001429115854
418.4 9.550733496E-05 -9.550733496E-05
418.6 7.659313725E-05 -9.574142157E-05
418.8 5.758599509E-05 -4.798832924E-05
419 3.848522167E-05 1.566419991E-19
419.2 3.858024691E-05 9.645061728E-05
419.4 3.867574257E-05 0.0001450340347
419.6 3.877171216E-05 1.267794936E-20
419.8 3.88681592E-05 -4.8585199E-05
420 3.896508728E-05 1.099415427E-19
420.2 3.90625E-05 4.330290183E-20
420.4 3.9160401E-05 -4.895050125E-05
420.6 3.925879397E-05 -4.907349246E-05
420.8 3.935768262E-05 -7.52872418E-20
421 3.945707071E-05 5.515026997E-20
421.2 3.955696203E-05 4.944620253E-05
421.4 3.965736041E-05 4.957170051E-05
421.6 3.975826972E-05 1.014190327E-19
421.8 3.985969388E-05 -6.824703859E-21
422 3.996163683E-05 -1.72519193E-21
422.2 4.006410256E-05 2.304052349E-20
422.4 4.016709512E-05 -5.020886889E-05
422.6 4.027061856E-05 -5.03382732E-05
422.8 4.0374677E-05 -5.048237074E-21
423 4.047927461E-05 7.10559992E-21
423.2 4.058441558E-05 5.073051948E-05
423.4 2.034505208E-05 5.086263021E-05
423.6 2.039817232E-05 -5.099543081E-05
423.8 4.090314136E-05 -5.11289267E-05
424 4.101049869E-05 5.126312336E-05
424.2 4.111842105E-05 0.0001027960526
424.4 2.061345646E-05 0.0001030672823
424.6 0 0.0001033399471
424.8 0 0.0001036140584
425 0 0.0001038896277
425.2 0 5.208333333E-05
425.4 0 6.484963344E-20
425.6 0 -7.957974912E-20
425.8 0 -2.697225554E-20
426 0 3.355865758E-20
426.2 0 5.278716216E-05
426.4 0 5.29302168E-05
426.6 0 -5.307404891E-05
426.8 0 -5.321866485E-05
427 0 5.302699054E-20
427.2 0 5.351027397E-05
427.4 0 0.0001073145604
427.6 0 0.0001076101928
427.8 0 5.395372928E-05
428 0 2.514874026E-20
428.2 0 8.271812777E-21
428.4 0 5.44045961E-05
428.6 0 5.455656425E-05
428.8 0 -0.0001094187675
429 0 -0.0002194522472
429.2 0 -0.0002200704225
429.4 0 -0.0002206920904
429.6 0 -0.0002213172805
429.8 0 -0.0002219460227
430 0 -0.0001112891738
430.2 0 1.080736413E-19
430.4 0 -5.596346705E-05
430.6 0 -0.0001122485632
430.8 0 -0.0001125720461
431 0 -5.644869942E-05
431.2 0 -5.661231884E-05
431.4 0 -0.0002271075581
431.6 0 -0.000341654519
431.8 0 -0.0002855445906
432 0 -0.0001718291789
432.2 0 -0.0001148897059
432.4 0 -5.761430678E-05
432.6 0 -0.0001155695266
432.8 0 -0.0002318249258
433 0 -0.0001162574405
433.2 0 -5.830223881E-05
433.4 0 -0.0001169535928
433.6 0 -0.0001173048048
433.8 0 -0.0001176581325
434 0 -0.0001180135952
434.2 0 -0.0001775568182
434.4 0 -0.0002374620061
434.6 0 -0.0002381859756
434.8 0 -0.0001194571865
435 0 -5.991180982E-05
435.2 0 -0.0001201923077
435.4 0 -0.0001205632716
435.6 0 -6.046826625E-05
435.8 0 6.06560559E-05
436 0 6.084501558E-05
436.2 0 1.470987436E-19
436.4 0 7.095911467E-20
436.6 0 -6.141902516E-05
436.8 0 2.396656656E-20
437 0 6.180775316E-05
437.2 0 7.89885249E-20
437.4 0 1.536331472E-19
437.6 0 1.219000269E-19
437.8 0 -6.260016026E-05
438 0 -6.280144695E-05
438.2 0 -8.712679253E-20
438.4 0 -7.989518485E-21
438.6 0 1.677394319E-20
438.8 0 -4.198671693E-20
439 0 -3.861558159E-20
439.2 0 1.104567126E-19
439.4 0 -6.424753289E-05
439.6 0 -6.445957096E-05
439.8 0 -4.044385759E-20
440 0 -5.669590648E-20
440.2 0 -8.477470067E-20
440.4 0 6.532190635E-05
440.6 0 0.0001310822148
440.8 0 0.000131523569
441 0 0.0001319679054
441.2 0 -5.441646222E-20
441.4 0 -0.0001328656463
441.6 0 -6.665955631E-05
441.8 0 -6.688784247E-05
442 0 -6.711769759E-05
442.2 0 -1.254090898E-19
442.4 0 -6.758217993E-05
442.6 0 -6.781684028E-05
442.8 0 7.003987906E-21
443 0 6.829108392E-05
443.2 0 6.853070175E-05
443.4 0 1.248476075E-19
443.6 0 -2.751532794E-20
443.8 0 6.925975177E-05
444 0 6.950622776E-05
444.2 0 5.113097508E-21
444.4 0 1.152319086E-19
444.6 0 -2.234670881E-19
444.8 0 -3.90088527E-20
445 0 1.375544009E-19
445.2 0 5.840858973E-20
445.4 0 1.008837598E-19
445.6 0 1.615505208E-19
445.8 0 1.006288137E-19
446 0 8.104213601E-20
446.2 0 -7.233796296E-05
446.4 0 -0.0001452137546
446.6 0 -7.287779851E-05
446.8 0 -7.803930139E-20
447 0 -9.774787252E-21
447.2 0 2.274734062E-19
447.4 0 0.0001479640152
447.6 0 0.000222789924
447.8 0 0.0001490935115
448 0 7.483237548E-05
448.2 0 9.742774049E-20
448.4 0 0.0001508204633
448.6 0 0.0001514050388
448.8 0 1.50595676E-19
449 0 1.409898333E-19
449.2 0 8.650429015E-20
449.4 0 9.95033926E-20
449.6 0 9.040150501E-20
449.8 0 2.238611829E-19
450 0 1.753280056E-19
450.2 0 1.508725201E-19
450.4 0 8.272376194E-20
450.6 0 -7.875504032E-05
450.8 0 -0.0001581477733
451 0 -0.0001587906504
451.2 0 -0.0001594387755
451.4 0 -8.004610656E-05
451.6 0 1.148714825E-19
451.8 0 -8.070764463E-05
452 0 -8.104253112E-05
452.2 0 7.569497119E-20
452.4 0 1.426057827E-19
452.6 0 1.384806883E-19
452.8 0 8.241033755E-05
453 0 0.0001655190678
453.2 0 0.0001662234043
453.4 0 8.346688034E-05
453.6 0 1.502907488E-19
453.8 0 8.418642241E-05
454 0 0.0001691017316
454.2 0 0.0001698369565
454.4 0 0.0001705786026
454.6 0 8.566337719E-05
454.8 0 1.036609669E-19
455 0 8.642146018E-05
455.2 0 8.680555556E-05
455.4 0 8.719308036E-05
455.6 0 0.0001751681614
455.8 0 0.0001759572072
456 0 0.0001767533937
456.2 0 8.877840909E-05
456.4 0 8.918378995E-05
456.6 0 8.959288991E-05
456.8 0 -9.000576037E-05
457 0 -0.0001808449074
457.2 0 -0.0001816860465
457.4 0 -9.126752336E-05
457.6 0 9.169600939E-05
457.8 0 0.0001842570755
458 0 -9.256516588E-05
458.2 0 -0.0002790178571
458.4 0 -0.0001869019139
458.6 0 -0.0001878004808
458.8 0 -9.435386473E-05
459 0 1.569860815E-19
459.2 0 -9.527439024E-05
459.4 0 -9.574142157E-05
459.6 0 -9.621305419E-05
459.8 0 -0.0001933787129
460 0 -0.000194340796
460.2 0 -0.0001953125
460.4 0 -9.814698492E-05
460.6 0 -9.864267677E-05
460.8 0 -9.914340102E-05
461 0 1.61727352E-19
461.2 0 1.274760526E-19
461.4 0 2.347267078E-19
461.6 0 2.320533092E-19
461.8 0 -0.0002034505208
462 0 -0.0003067735602
462.2 0 -0.0001027960526
462.4 0 1.352059665E-19
462.6 0 3.262361076E-20
462.8 0 -6.376096658E-20
463 0 3.384776423E-20
463.2 0 1.911180402E-19
463.4 0 1.82912671E-19
463.6 0 1.445995499E-19
463.8 0 2.272754906E-19
464 0 1.990255775E-20
464.2 0 1.604001072E-19
464.4 0 7.695980978E-20
464.6 0 1.405110409E-19
464.8 0 -1.058012439E-19
465 0 -1.938536796E-19
465.2 0 5.741837998E-20
465.4 0 2.3215188E-19
465.6 0 2.313502051E-19
465.8 0 7.428802961E-20
466 0 -4.850952758E-20
466.2 0 0.0001148897059
466.4 0 0.0001155695266
466.6 0 0.0001162574405
466.8 0 0.0002339071856
467 0 0.0001176581325
467.2 0 0.0001183712121
467.4 0 0.0002381859756
467.6 0 0.0001198236196
467.8 0 0.0002411265432
468 0 0.0001213121118
468.2 0 0.0001220703125
468.4 0 0.0003685141509
468.6 0 0.0002472310127
468.8 0 0.0001244028662
469 0 -2.28343287E-19
469.2 0 0.0001260080645
469.4 0 0.0001268262987
469.6 0 0.0001276552288
469.8 0 0.0001284950658
470 0 1.330859601E-19
470.2 0 1.060010169E-19
470.4 0 -2.806368162E-19
470.6 0 -0.0001319679054
470.8 0 -0.0002657312925
471 0 -0.0001337756849
471.2 0 5.037433494E-20
471.4 0 -0.0001356336806
471.6 0 -0.0001365821678
471.8 0 0.0001375440141
472 0 0.0001385195035
472.2 0 0.0001395089286
472.4 0 0.0001405125899
472.6 0 -0.0002830615942
472.8 0 -0.0002851277372
473 0 -1.318778639E-21
473.2 5.787037037E-05 -0.0001446759259
473.4 0.0001166044776 -0.000291511194
473.6 0.0001762218045 -0.0001468515038
473.8 0.0002367424242 -0.0001479640152
474 0.0002981870229 -0.0001490935115
474.2 0.0003605769231 1.734418698E-19
474.4 0.0004239341085 -2.493240404E-19
474.6 0.00048828125 -4.784790887E-19
474.8 0.0005536417323 -1.541502065E-19
475 0.0006200396825 2.174957439E-19
475.2 0.0006875 1.275435971E-19
475.4 0.0007560483871 6.876522215E-20
475.6 0.0008257113821 7.391151219E-21
475.8 0.0008965163934 -0.0001600922131
476 0.0009684917355 -0.0001614152893
476.2 0.001041666667 -0.0001627604167
476.4 0.001116071429 -0.0003282563025
476.6 0.001191737288 -0.0003310381356
476.8 0.001268696581 -0.0003338675214
477 0.001346982759 -0.0001683728448
477.2 0.001426630435 -6.158356847E-20
477.4 0.001507675439 -0.0001713267544
477.6 0.001590154867 -0.0001728429204
477.8 0.001604352679 -1.234480264E-19
478 0.001618806306 -2.484836701E-19
478.2 0.001633522727 -2.245445867E-19
478.4 0.001648509174 -2.428359166E-19
478.6 0.001663773148 -1.055085081E-19
478.8 0.00167932243 -5.76116333E-20
479 0.001695165094 4.520859376E-20
479.2 0.001711309524 -7.604422153E-20
479.4 0.001727764423 2.056969491E-19
479.6 0.001744538835 0.0001896237864
479.8 0.00168504902 0.0001914828431
480 0.001624381188 -4.391542628E-20
480.2 0.0015625 -1.212012601E-19
480.4 0.001499368687 6.717669401E-20
480.6 0.00143494898 -1.306459765E-19
480.8 0.001369201031 1.035678182E-19
481 0.001302083333 1.810185427E-20
481.2 0.001233552632 -2.019900013E-19
481.4 0.00116356383 0.0002077792553
481.6 0.001092069892 0.0002100134409
481.8 0.001019021739 2.328202726E-19
482 0.0009443681319 5.262388995E-19
482.2 0.0008680555556 2.50782369E-19
482.4 0.0007900280899 1.087493479E-20
482.6 0.0007102272727 -3.567485185E-20
482.8 0.000628591954 -1.361188414E-19
483 0.0005450581395 -3.671004139E-19
483.2 0.0004595588235 -3.947994298E-19
483.4 0.0003720238095 2.274669328E-19
483.6 0.0002823795181 -6.046747243E-20
483.8 0.0001905487805 -1.277575896E-20
484 9.645061728E-05 -7.878795101E-20
484.2 0 -0.000244140625
484.4 0 -0.0002472310127
484.6 0 1.391631286E-19
484.8 0 -5.638216857E-19
485 0 -2.417806788E-19
485.2 0 3.573621094E-19
485.4 0 8.35663615E-20
485.6 0 4.689053568E-19
485.8 0 4.789955894E-19
486 0 5.651526099E-19
486.2 0 -0.0002790178571
486.4 0 -0.0002830615942
486.6 0 9.447977578E-19
486.8 0 9.418917234E-19
487 0 9.930142801E-19
487.2 0 3.16285924E-19
487.4 0 -1.729719012E-19
487.6 0 2.339010322E-20
487.8 0 1.759977169E-20
488 0 1.801915291E-19
488.2 0 -8.508459716E-19
488.4 0 5.98141107E-20
488.6 0 -2.223323103E-19
488.8 0 -6.371217727E-19
489 0 -2.941798251E-20
489.2 0 -1.694443365E-19
489.4 0 -6.18237096E-19
489.6 0 -1.150962096E-18
489.8 0 1.411207352E-19
490 0 7.667875473E-19
490.2 0 -5.353901907E-20
490.4 0 -6.888258023E-19
490.6 0 -6.422130467E-19
490.8 0 3.385443144E-19
491 0 -1.005703182E-18
491.2 0 3.669462183E-19
491.4 0 -3.276924509E-20
491.6 0 -7.529353592E-19
491.8 0 0.0004650297619
492 0 -7.085363655E-19
492.2 0 -0.00048828125
492.4 0 7.016629354E-19
492.6 0 2.774875696E-19
492.8 0 -7.116284993E-19
493 0 -2.011697817E-18
493.2 0 -8.058242189E-19
493.4 0 8.003267362E-19
493.6 0 -3.374186285E-19
493.8 0 4.872083744E-21
494 0 2.492312472E-19
494.2 0 -1.33103728E-19
494.4 0 1.210885652E-18
494.6 0 2.027303182E-19
494.8 0 5.707054794E-19
495 0 3.758043407E-19
495.2 0 -1.028997099E-18
495.4 0 -2.241324653E-19
495.6 0 4.488702284E-19
495.8 0 -1.240368022E-18
496 0 -1.907621852E-18
496.2 0 -2.441237394E-19
496.4 0 -2.958021178E-18
496.6 0 -3.037145987E-18
496.8 0 -5.64759316E-19
497 0 -1.053412056E-18
497.2 0 -2.403681246E-19
497.4 0 4.966593094E-19
497.6 0 6.225715098E-19
497.8 0 1.545749372E-18
498 0 -1.39628809E-18
498.2 0 -1.890225062E-19
498.4 0 -2.332228253E-18
498.6 0 1.928503232E-19
498.8 0 3.211346934E-18
499 0 1.831228206E-18
499.2 0 -2.075959249E-18
499.4 0 -2.613816977E-18
499.6 0 5.680530142E-18
499.8 0 3.294532331E-18
500 0 -3.262092248E-17
