0 0.00724710116 1.664668669E-20
0.2 0.00633125 0.0015546875
0.4 0.005921118447 0.0003829656863
0.6 0.005591973579 0.0003596627302
0.8 0.005293852623 0.000297231678
1 0.005020532853 0.0001799754607
1.2 0.004797094188 0.0002426728457
1.4 0.004564078789 0.0003210830994
1.6 0.004374749298 0.0002663708383
1.8 0.004200943018 0.0002194522472
2 0.004036406062 0.0002822661582
2.2 0.003840361446 0.0002980672691
2.4 0.00368182503 0.000188328646
2.6 0.003526301246 0.000117752713
2.8 0.003392641737 0.0001413600724
3 0.003268302494 0.0001964124095
3.2 0.003137575453 0.0002357897384
3.4 0.003000452899 4.717693237E-05
3.6 0.002897830246 -4.719593234E-05
3.8 0.002817158541 0.0001101682111
4 0.002717528214 1.574465941E-05
4.2 0.002627268145 3.150201613E-05
4.4 0.002533783784 3.93934046E-05
4.6 0.002465445924 7.38205962E-21
4.8 0.002381282802 0.0001261606782
5 0.00231282815 0.0001262116317
5.2 0.002234848485 0.0001420454545
5.4 0.002147332255 2.368381164E-05
5.6 0.002075540841 -6.318236959E-05
5.8 0.002003691343 -6.32079288E-05
6 0.001919136989 -0.0001422753946
6.2 0.001847165992 -6.325910931E-05
6.4 0.001784629405 -3.164236533E-05
6.6 0.001715711102 -9.496555916E-05
6.8 0.001649903729 -0.0001187550669
7 0.001590379157 -0.000102962794
7.2 0.001524467546 -9.50811359E-05
7.4 0.001471185065 -6.341314935E-05
7.6 0.001430547097 -2.378958587E-05
7.8 0.001374009951 -6.346466288E-05
8 0.001342823039 -3.174522552E-05
8.2 0.001295731707 -4.763719512E-05
8.4 0.001267664701 -0.0001350269418
8.6 0.001217326078 -7.945992677E-05
8.8 0.001166946479 -7.154304029E-05
9 0.00111970684 -4.771478013E-05
9.2 0.00108197556 -3.977851324E-05
9.4 0.001034662795 -7.95894458E-05
9.6 0.001003235834 -5.573532409E-05
9.8 0.0009685970636 -3.186174551E-05
10 0.0009434924521 -3.984343125E-05
10.2 0.0009119897959 -3.985969388E-05
10.4 0.0008836514904 -5.58263577E-05
10.6 0.0008584814134 -8.776296977E-05
10.8 0.000839676134 -1.59634246E-05
11 0.0008208554783 -5.589482829E-05
11.2 0.0008052147239 -0.0001597648262
11.4 0.0007959543781 -0.0001038896277
11.6 0.0007834885387 -8.794259108E-05
11.8 0.0007646140459 -0.0001599610975
12 0.0007489246211 -0.0001920319541
12.2 0.0007332223361 -5.603227459E-05
12.4 0.000711100861 3.203157032E-05
12.6 0.0006889612387 -1.938934156E-20
12.8 0.0006603918753 -1.602892901E-05
13 0.0006317990558 -2.405326355E-05
13.2 0.0006095995893 -8.021047228E-05
13.4 0.0005938013558 -0.000112340797
13.6 0.0005747790793 -4.816584464E-05
13.8 0.0005525287829 -1.606188322E-05
14 0.000530260181 4.8205471E-05
14.2 0.0005111882716 6.430041152E-05
14.4 0.0004921006587 3.216344175E-05
14.6 0.0004762149918 6.867804536E-21
14.8 0.0004764112073 -1.609497322E-05
15 0.0004701669415 3.220321517E-05
15.2 0.0004639175258 -8.054123711E-06
15.4 0.0004479940182 -1.611489274E-05
15.6 0.0004320573669 -8.060771771E-06
15.8 0.0004193331957 -2.419229975E-05
16 0.0004130524577 3.226972325E-05
16.2 0.0004067665289 -8.070764463E-06
16.4 0.0004037050434 -8.074100868E-06
16.6 0.0003909480976 -8.077440033E-06
16.8 0.0003781805958 -8.080781961E-06
17 0.0003589352235 5.658888659E-05
17.2 0.000349378882 9.704968944E-05
17.4 0.0003430509528 0.0001375440141
17.6 0.0003399554496 0.0001214126606
17.8 0.0003303793532 3.239013267E-05
18 0.0003240356698 6.480713397E-05
18.2 0.0003112033195 0.0001134595436
18.4 0.0003016033624 -8.107617269E-06
18.6 0.0002887510382 2.433295266E-05
18.8 0.0002823795181 7.302918571E-05
19 0.0002760027016 4.87063591E-05
19.2 0.0002663721414 8.933212058E-05
19.4 0.000253483777 6.499584027E-05
19.6 0.0002535892634 3.251144403E-05
19.8 0.0002471898418 4.065622398E-05
20 0.0002440389421 2.440389421E-05
20.2 0.0002506510417 8.951822917E-05
20.4 0.0002409858274 0.0001058383702
20.6 0.0002410863219 7.330327356E-05
20.8 0.0002379276179 6.518564873E-05
21 0.0002347662771 8.151606845E-06
21.2 0.0002250782881 4.893006263E-05
21.4 0.0002121188388 0.0001142178363
21.6 0.0002122074802 9.794191392E-05
21.8 0.0001992318144 5.715666806E-05
22 0.0001960476788 7.351787955E-05
22.2 0.0001895920502 6.537656904E-05
22.4 0.0001831310172 -2.559623917E-21
22.6 0.0001832077052 2.691403203E-20
22.8 0.0001832844575 8.182341852E-06
23 0.0001768126572 2.45573135E-05
23.2 0.0001736111111 4.913522013E-05
23.4 0.0001704068792 6.554110738E-05
23.6 0.0001704783886 7.376468737E-05
23.8 0.0001639903442 4.099758606E-05
24 0.0001607780344 8.202960941E-06
24.2 0.0001608455882 -2.461922269E-05
24.4 0.0001510613703 -5.746899958E-05
24.6 0.0001379835997 -7.391978553E-05
24.8 0.0001347549432 -6.573411864E-05
25 0.0001282354798 -6.576178451E-05
25.2 0.0001282894737 -0.0001069078947
25.4 0.0001283435131 -8.227148273E-05
25.6 0.000128397598 -2.469184576E-05
25.8 0.0001251580944 -4.11704258E-05
26 0.0001252108815 -8.237557992E-05
26.2 0.0001252637131 -9.065137131E-05
26.4 0.0001253165893 -1.648902491E-05
26.6 0.0001187711149 2.474398226E-05
26.8 0.0001089195184 -4.176877186E-21
27 0.0001056635672 -1.650993238E-05
27.2 0.0001057082452 -4.12922833E-05
27.4 0.000102448181 -1.369597055E-20
27.6 0.0001024915362 2.47963394E-05
27.8 0.0001058425064 1.653789162E-05
28 0.0001125052944 8.272448115E-06
28.2 0.0001158633475 -6.620762712E-05
28.4 0.0001159124629 -8.279461636E-05
28.6 0.00011596162 -1.656594572E-05
28.8 0.0001093816292 -1.554279124E-20
29 0.0001061120543 -4.974002547E-05
29.2 0.0001061571125 -7.464171975E-05
29.4 0.000106202209 -4.978228547E-05
29.6 9.960688483E-05 3.320229494E-05
29.8 9.632759354E-05 2.491230867E-05
30 0.0001030146746 -4.153817524E-05
30.2 9.973404255E-05 -4.986702128E-05
30.4 9.977650064E-05 -3.325883355E-05
30.6 9.981899489E-05 1.124334176E-20
30.8 9.320409033E-05 2.766058874E-20
31 9.657395567E-05 2.497602302E-05
31.2 9.661513859E-05 -1.113107557E-20
31.4 9.332337884E-05 -8.332444539E-06
31.6 9.336320956E-05 3.334400341E-05
31.8 9.006725021E-05 -2.501868061E-05
32 9.344297309E-05 -5.840185818E-05
32.2 8.346688034E-05 -5.008012821E-05
32.4 8.684266781E-05 -7.515230868E-05
32.6 9.022134303E-05 -7.518445252E-05
32.8 9.025994865E-05 -3.342961061E-05
33 9.029858733E-05 -4.180490154E-05
33.2 9.702890792E-05 -8.364561028E-05
33.4 9.372322194E-05 -0.0001087858826
33.6 9.04147021E-05 -9.208904844E-05
33.8 8.710334477E-05 -3.350128645E-05
34 8.378914629E-05 -3.351565852E-05
34.2 8.0472103E-05 -5.867757511E-05
34.4 7.379776728E-05 -6.708887935E-05
34.6 7.047358247E-05 -4.1948561E-05
34.8 6.714654061E-05 -8.393317576E-06
35 6.381663801E-05 -5.877848237E-05
35.2 6.720430108E-05 -6.720430108E-05
35.4 6.723321859E-05 -5.042491394E-05
35.6 7.062526905E-05 -5.044662075E-05
35.8 7.402024117E-05 -5.88797373E-05
36 7.741813873E-05 -0.0001178102111
36.2 8.081896552E-05 -9.260506466E-05
36.4 8.759163433E-05 -8.422272531E-05
36.6 9.437014668E-05 -0.0001179626833
36.8 9.441087613E-05 -7.586588261E-05
37 9.782491364E-05 -0.0001011981865
37.2 0.0001012419006 -0.0001096787257
37.4 0.000104661841 -5.908329732E-05
37.6 0.0001080847384 -5.910884133E-05
37.8 0.0001148897059 -2.534331747E-05
38 0.0001217005625 -7.606285158E-05
38.2 0.000128517316 -0.0001099161255
38.4 0.0001285729753 -5.075249026E-05
38.6 0.0001252437175 -2.538724003E-05
38.8 0.0001185251409 -1.693216298E-05
39 0.0001185765395 -4.234876409E-05
39.2 0.0001152386117 -2.5420282E-05
39.4 0.0001152886285 -8.477105035E-06
39.6 0.0001153386887 8.480785931E-06
39.8 0.0001119950043 3.39378801E-05
40 0.0001086484137 -3.395262929E-05
40.2 0.0001086956522 -1.698369565E-05
40.4 0.0001087429317 8.49554154E-06
40.6 0.000105390557 -2.54977154E-05
40.8 0.0001054364388 8.502938616E-06
41 0.0001054823606 8.506641986E-06
41.2 0.0001089324619 2.553104575E-05
41.4 0.0001123855711 3.405623365E-05
41.6 0.0001158416921 8.517771478E-06
41.8 0.000119300829 2.556446335E-05
42 0.0001227629856 -2.5575622E-05
42.2 0.0001262281659 -1.705786026E-05
42.4 0.0001262833115 5.972859327E-05
42.6 0.000122923951 -8.53638549E-06
42.8 0.0001263937473 -2.562035418E-05
43 0.0001230314961 4.271926947E-05
43.2 0.0001299234136 6.838074398E-05
43.4 0.0001299802977 8.551335377E-06
43.6 0.0001266151993 -8.913278518E-21
43.8 0.0001266706836 6.847063979E-05
44 0.0001267262166 1.71251644E-05
44.2 0.0001302083333 4.28316886E-05
44.4 0.0001234093901 5.14205792E-05
44.6 0.000126893108 -1.71477173E-05
44.8 0.0001269488362 8.577624067E-06
45 0.0001235720562 -1.429546027E-20
45.2 0.0001236263736 6.602981317E-21
45.4 0.0001168095866 1.717788039E-05
45.6 0.0001134238891 1.718543775E-05
45.8 0.0001065966109 4.29825044E-05
46 0.0001032034346 6.880228974E-05
46.2 9.636563877E-05 2.581222467E-05
46.4 8.952181578E-05 2.582360071E-05
46.6 7.922729277E-05 5.166997354E-05
46.8 7.236987208E-05 -2.584638288E-05
47 6.205869373E-05 -6.033484113E-05
47.2 5.17384106E-05 -3.449227373E-05
47.4 4.14090106E-05 8.626877208E-06
47.6 3.107048166E-05 3.45227574E-05
47.8 2.072281167E-05 3.453801945E-05
48 1.3821318E-05 3.4553295E-05
48.2 6.913716814E-06 8.642146018E-06
48.4 3.458388668E-06 -3.458388668E-05
48.6 0 -1.729960142E-05
48.8 3.461453257E-06 1.730726628E-05
49 3.462987589E-06 8.657468972E-06
49.2 6.929046563E-06 -1.732261641E-05
49.4 1.386424135E-05 2.621843225E-20
49.6 2.080559254E-05 4.334498447E-05
49.8 2.42839698E-05 2.601853908E-05
50 2.776543758E-05 -1.735339849E-05
50.2 3.125E-05 -7.8125E-05
50.4 3.82114273E-05 -6.079090707E-05
50.6 3.822842527E-05 -4.344139235E-05
50.8 4.17222964E-05 -6.084501558E-05
51 4.521927872E-05 -2.608804541E-05
51.2 4.871937639E-05 8.699888641E-06
51.4 5.918560606E-05 -3.481506239E-05
51.6 6.617810967E-05 3.53256106E-20
51.8 6.620762712E-05 6.098070919E-05
52 6.623717091E-05 3.48616689E-05
52.2 6.626674107E-05 1.743861607E-05
52.4 5.931777579E-05 2.616960697E-05
52.6 5.236260054E-05 4.363550045E-05
52.8 4.540120697E-05 2.619300402E-05
53 4.542151163E-05 3.493962433E-05
53.2 4.194630872E-05 1.747762864E-05
53.4 4.196508505E-05 -8.742726052E-06
53.6 4.198387819E-05 3.498656516E-05
53.8 4.550291219E-05 5.250336022E-05
54 3.85197221E-05 4.377241147E-05
54.2 3.153026906E-05 4.379204036E-05
54.4 3.504934948E-05 1.752467474E-05
54.6 3.155857271E-05 -8.766270197E-06
54.8 3.15727436E-05 -8.770206556E-06
55 3.50965858E-05 1.75482929E-05
55.2 3.16011236E-05 4.389044944E-05
55.4 3.512814748E-05 1.756407374E-05
55.6 4.56871345E-05 -6.150191183E-05
55.8 4.922367237E-05 -4.394970747E-05
56 5.276339487E-05 -8.793899145E-06
56.2 4.574887387E-05 -8.79786036E-06
56.4 4.22487607E-05 -1.760365029E-05
56.6 3.874549143E-05 -8.805793508E-06
56.8 4.228687415E-05 1.76195309E-05
57 4.583145307E-05 8.813740975E-06
57.2 4.937923251E-05 3.527088036E-05
57.4 4.940153568E-05 2.64651084E-05
57.6 5.64844103E-05 -3.530275644E-05
57.8 5.650994575E-05 -1.765935805E-05
58 6.006897332E-05 -3.533469019E-05
58.2 6.009615385E-05 -2.651300905E-05
58.4 6.012335899E-05 -2.652501132E-05
58.6 6.015058877E-05 -1.769134964E-05
58.8 6.017784323E-05 4.424841414E-05
59 6.020512239E-05 3.541477788E-05
59.2 6.37755102E-05 4.428854875E-05
59.4 6.380444646E-05 1.772345735E-05
59.6 6.737970949E-05 -8.865751248E-06
59.8 6.741030881E-05 8.869777475E-06
60 7.099045888E-05 8.87380736E-06
60.2 7.457386364E-05 4.438920455E-05
60.4 7.105502501E-05 7.993690314E-05
60.6 6.397861692E-05 7.108735214E-05
60.8 5.689576695E-05 7.111970869E-05
61 5.336407104E-05 4.44700592E-05
61.2 4.982915718E-05 4.449031891E-05
61.4 4.985186873E-05 4.451059708E-05
61.6 4.9874601E-05 -8.906178751E-06
61.8 5.346145073E-05 7.552338771E-21
62 5.705157462E-05 2.67429256E-05
62.2 6.777968037E-05 1.783675799E-05
62.4 6.424166286E-05 4.461226587E-05
62.6 6.78416362E-05 1.785306216E-05
62.8 6.787265661E-05 2.679183813E-05
63 6.432982617E-05 7.147758463E-05
63.2 6.078375286E-05 4.469393593E-05
63.4 6.081158425E-05 3.577152015E-05
63.6 6.799702245E-05 6.262883646E-05
63.8 6.802818515E-05 7.160861595E-05
64 7.522352132E-05 1.791036222E-05
64.2 8.600917431E-05 1.791857798E-05
64.4 7.887792565E-05 7.170720514E-05
64.6 7.532713499E-05 7.174012856E-05
64.8 7.177308222E-05 5.382981167E-05
65 6.821576287E-05 1.795151654E-05
65.2 6.465517241E-05 8.979885057E-06
65.4 6.109130635E-05 8.984015639E-06
65.6 6.471468017E-05 1.483395198E-20
65.8 6.114755985E-05 -8.992288214E-06
66 6.477429756E-05 -3.598572087E-05
66.2 6.480414747E-05 7.451015408E-21
66.4 6.48340249E-05 4.50236284E-05
66.6 6.126037823E-05 1.80177583E-05
66.8 6.12886479E-05 -1.802607291E-05
67 6.131694367E-05 -3.60687904E-05
67.2 6.134526559E-05 -2.706408776E-05
67.4 6.498382625E-05 9.025531423E-06
67.6 6.501386963E-05 -1.805940823E-05
67.8 6.143038853E-05 -7.227104533E-05
68 6.50740398E-05 -8.134254975E-05
68.2 6.510416667E-05 -2.712673611E-05
68.4 6.513432145E-05 -1.809286707E-05
68.6 6.516450417E-05 -2.715187674E-05
68.8 6.157278628E-05 -9.054821511E-06
69 5.797773655E-05 -1.811804267E-05
69.2 5.437935035E-05 -2.718967517E-05
69.4 5.077762303E-05 -3.626973073E-05
69.6 5.080120762E-05 -4.535822109E-05
69.8 5.082481413E-05 -1.815171933E-05
70 4.358437936E-05 -9.080079033E-06
70.2 4.360465116E-05 -9.084302326E-06
70.4 3.635411819E-05 9.088529549E-06
70.6 3.273393855E-05 -9.092760708E-06
70.8 2.911038659E-05 -4.971051963E-21
71 2.184296365E-05 -3.640493942E-05
71.2 1.821095571E-05 -1.821095571E-05
71.4 1.45755597E-05 1.821944963E-05
71.6 1.093677088E-05 -5.468385441E-05
71.8 1.4589169E-05 -6.382761438E-05
72 1.459598319E-05 -1.824497898E-05
72.2 1.460280374E-05 -9.126752336E-06
72.4 1.460963067E-05 -2.73930575E-05
72.6 1.096234799E-05 -2.740586997E-05
72.8 1.096747777E-05 -5.483738886E-05
73 7.315074906E-06 -5.48630618E-05
73.2 3.659250585E-06 -1.829625293E-05
73.4 0 -1.830482662E-05
73.6 3.662681669E-06 -9.156704173E-06
73.8 3.664399625E-06 1.832199812E-05
74 3.666119193E-06 9.165297982E-06
74.2 0 -1.833920188E-05
74.4 0 -3.468345565E-20
74.6 0 -2.345285798E-20
74.8 0 -9.182534086E-06
75 0 -1.837370649E-05
75.2 0 -9.191176471E-06
75.4 0 9.195503766E-06
75.6 3.679934056E-06 9.199835139E-06
75.8 3.681668238E-06 1.840834119E-05
76 3.683404055E-06 -9.208510137E-06
76.2 3.685141509E-06 -9.212853774E-06
76.4 3.686880604E-06 -9.21720151E-06
76.6 3.688621341E-06 -1.84431067E-05
76.8 3.690363722E-06 7.888438645E-21
77 3.69210775E-06 -1.846053875E-05
77.2 3.693853428E-06 -1.846926714E-05
77.4 3.695600757E-06 -9.239001892E-06
77.6 3.69734974E-06 2.773012305E-05
77.8 3.699100379E-06 9.247750947E-06
78 3.700852676E-06 -9.252131691E-06
78.2 3.702606635E-06 9.256516588E-06
78.4 0 -3.704362257E-05
78.6 3.706119545E-06 -6.485709203E-05
78.8 3.7078785E-06 -5.56181775E-05
79 0 -1.854819563E-05
79.2 0 -1.855700713E-05
79.4 3.713165399E-06 -1.8565827E-05
79.6 3.714931051E-06 1.406627457E-20
79.8 3.716698382E-06 -1.858349191E-05
80 7.436934793E-06 9.296168491E-06
80.2 1.116071429E-05 5.580357143E-05
80.4 1.116603144E-05 3.722010481E-05
80.6 1.117135367E-05 1.861892278E-05
80.8 1.49022413E-05 -9.313900811E-06
81 2.236402672E-05 -4.659172233E-05
81.2 2.237470167E-05 -3.729116945E-05
81.4 2.984718243E-05 -9.327244508E-06
81.6 2.98614429E-05 -2.006761362E-20
81.8 3.361018164E-05 -9.336161568E-06
82 3.736250598E-05 1.461529812E-20
82.2 4.111842105E-05 -3.738038278E-05
82.4 4.487793202E-05 -2.804870752E-05
82.6 4.489942529E-05 2.384246301E-20
82.8 4.492093915E-05 -6.550970292E-05
83 4.494247363E-05 -7.490412272E-05
83.2 4.871103118E-05 -9.367505995E-06
83.4 4.873440499E-05 -9.37200096E-06
83.6 4.875780125E-05 -2.812950072E-05
83.8 4.878121998E-05 -9.381003842E-06
84 4.880466122E-05 -2.815653532E-05
84.2 4.8828125E-05 -1.878004808E-05
84.4 4.509379509E-05 -1.878908129E-05
84.6 4.135587103E-05 -9.399061598E-06
84.8 4.137578238E-05 -1.880717381E-05
85 4.139571291E-05 -2.822434971E-05
85.2 4.141566265E-05 -9.412650602E-06
85.4 4.143563163E-05 -2.825156702E-05
85.6 4.522431259E-05 -1.884346358E-05
85.8 4.901665058E-05 -9.426278958E-06
86 5.281265089E-05 -3.772332207E-05
86.2 6.038647343E-05 -1.887077295E-05
86.4 6.041565974E-05 -4.719973417E-05
86.6 6.044487427E-05 -6.611158124E-05
86.8 4.913522013E-05 -1.889816159E-05
87 4.91590029E-05 -2.836096321E-05
87.2 4.918280872E-05 -1.891646489E-05
87.4 5.299176357E-05 -1.892562984E-05
87.6 5.301745032E-05 -3.786960737E-05
87.8 5.304316198E-05 -5.683195926E-05
88 5.306889859E-05 -3.790635614E-05
88.2 5.688713592E-05 -2.844356796E-05
88.4 5.691476445E-05 -2.845738222E-05
88.6 5.694241983E-05 -9.490403304E-06
88.8 5.317209528E-05 -2.848505105E-05
89 5.31979572E-05 -2.849890564E-05
89.2 5.322384428E-05 -1.900851582E-05
89.4 5.324975657E-05 -3.706374696E-21
89.6 5.327569411E-05 1.902703361E-05
89.8 5.710891813E-05 9.518153021E-06
90 6.094588006E-05 -2.856838128E-05
90.2 6.478658537E-05 -5.716463415E-05
90.4 6.863103953E-05 -1.906417765E-05
90.6 6.866455078E-05 -9.536743164E-06
90.8 6.488153395E-05 -3.816560821E-05
91 6.109481916E-05 -9.546065494E-06
91.2 6.112469438E-05 -3.398375468E-21
91.4 6.115459883E-05 -1.911081213E-05
91.6 6.500856583E-05 -5.736049927E-05
91.8 6.504040157E-05 -4.782382468E-05
92 6.8900049E-05 -3.8277805E-05
92.2 7.276348039E-05 -5.744485294E-05
92.4 7.663070132E-05 1.915767533E-05
92.6 7.283488714E-05 1.916707556E-05
92.8 7.28706431E-05 -3.835297005E-05
93 7.290643418E-05 -3.837180747E-05
93.2 7.294226044E-05 -1.91953317E-05
93.4 8.06600295E-05 -4.801192232E-05
93.6 8.838539105E-05 -6.724975406E-05
93.8 8.84288878E-05 -1.922367126E-05
94 9.231905465E-05 9.616568193E-06
94.2 8.851600985E-05 -9.621305419E-06
94.4 8.855963529E-05 9.626047314E-06
94.6 8.475098619E-05 2.889238166E-05
94.8 7.708436112E-05 1.927109028E-05
95 7.326628825E-05 -9.640301086E-06
95.2 7.716049383E-05 -2.893518519E-05
95.4 8.105854743E-05 -5.789896245E-05
95.6 8.882229362E-05 -1.930919427E-05
95.8 9.659371909E-05 4.829685955E-05
96 9.66415141E-05 7.896811469E-21
96.2 0.0001082920792 -2.900680693E-05
96.4 0.0001122152055 -1.22105136E-20
96.6 0.0001122708127 -1.935703667E-05
96.8 0.000112326475 -2.904995042E-05
97 0.0001046316964 1.937624008E-05
97.2 0.0001008064516 -1.938585608E-05
97.4 0.0001086146971 -6.78841857E-05
97.6 0.0001125496771 -1.940511674E-05
97.8 0.0001126056163 7.02508357E-21
98 0.0001126616111 -9.712207857E-06
98.2 0.0001166044776 1.94340796E-05
98.4 0.0001166625187 9.721876556E-06
98.6 0.0001167206175 9.726718127E-06
98.8 0.0001128861485 1.946312905E-05
99 0.0001207315553 2.920924726E-05
99.2 0.0001246882793 9.74127182E-06
99.4 0.0001208520459 -1.212218961E-20
99.6 0.000117011982 1.9501997E-05
99.8 0.0001131680819 -2.39252232E-20
100 0.0001132246377 -5.856446777E-05
100.2 0.00011328125 -2.9296875E-05
100.4 0.000113337919 -3.84552115E-20
100.6 0.0001133946446 -1.95508008E-05
100.8 0.0001134514271 -2.934088633E-05
101 0.0001174223447 9.785195391E-06
101.2 0.000117481203 3.9160401E-05
101.4 0.0001136221163 -3.918004012E-05
101.6 0.000109759157 -4.899962368E-05
101.8 0.000109814257 9.804844378E-06
102 0.0001098694124 -9.80976896E-06
102.2 0.0001177763819 -9.814698492E-06
102.4 0.0001256913022 -2.945889894E-05
102.6 0.0001336141851 -6.877200704E-05
102.8 0.000137613236 -3.508965452E-20
103 0.0001455501007 -2.061196075E-20
103.2 0.000149559194 -3.117146128E-20
103.4 0.0001575100806 -1.968876008E-05
103.6 0.0001615292486 -6.894541099E-05
103.8 0.0001694941978 9.854313824E-06
104 0.0001774671883 4.929644119E-05
104.2 0.0001815025253 9.864267677E-06
104.4 0.0001855419404 1.97385043E-05
104.6 0.0001856357432 3.949696663E-05
104.8 0.0001896813354 2.963770865E-05
105 0.0001937310223 2.965270749E-05
105.2 0.0001938291139 2.966772152E-05
105.4 0.000193927305 1.978850051E-05
105.6 0.0001979853016 9.899265079E-06
105.8 0.0001980856998 -2.971285497E-05
106 0.0001981861999 -4.954654997E-05
106.2 0.0002022525381 2.97430203E-05
106.4 0.0002023552565 4.959687659E-05
106.6 0.0002064278455 9.92441565E-06
106.8 0.0002065327911 1.985892222E-05
107 0.0002026640387 4.967255849E-05
107.2 0.0001987913486 3.975826972E-05
107.4 0.0001949147149 -4.048388762E-21
107.6 0.0001910341314 -9.949694345E-06
107.8 0.0001871495923 9.954765545E-06
108 0.000187245028 1.991968383E-05
108.2 0.0001873405612 9.964923469E-06
108.4 0.0001874361919 3.988004084E-05
108.6 0.0001835418795 3.990040858E-05
108.8 0.0001836356668 4.473756709E-21
109 0.0001837295501 -9.985301636E-06
109.2 0.000175831202 -2.220950873E-20
109.4 0.0001639265609 -9.995522006E-06
109.6 0.0001560099846 -1.000064004E-05
109.8 0.0001480852971 -3.812190486E-21
110 0.0001401524859 -3.003267555E-05
110.2 0.0001362179487 -3.004807692E-05
110.4 0.000132279374 -1.00211647E-05
110.6 0.0001283367556 -1.002630903E-05
110.8 0.0001243900873 4.012583462E-05
111 0.0001244540082 3.01098407E-05
111.2 0.0001245179949 -3.012532134E-05
111.4 0.0001245820473 -4.01877572E-05
111.6 0.0001286670098 -3.015633042E-05
111.8 0.0001287332647 -1.325350024E-20
112 0.0001287995878 2.01249356E-05
112.2 0.0001288659794 2.324374902E-20
112.4 0.0001289324394 -2.014569366E-05
112.6 0.0001330301858 -3.023413313E-05
112.8 0.0001411654621 -2.016649458E-05
113 0.0001493091426 1.008845558E-05
113.2 0.0001534237726 -1.009366925E-05
113.4 0.000161582213 -2.019777663E-05
113.6 0.0001657074496 -1.010411278E-05
113.8 0.0001738806936 -5.745024007E-21
114 0.0001820624029 -1.011457794E-05
114.2 0.0001902525907 -4.047927461E-05
114.4 0.0001944012442 -2.02501296E-05
114.6 0.0001945020747 1.013031639E-05
114.8 0.0001986572392 1.013557343E-05
115 0.0002028167186 -2.462663397E-20
115.2 0.0002069805195 1.01461039E-05
115.4 0.0002070880977 1.015137734E-05
115.6 0.0002112584503 1.015665627E-05
115.8 0.0002154331426 2.032388137E-05
116 0.0002236790734 2.033446122E-05
116.2 0.0002278645833 2.034505208E-05
116.4 0.0002320544554 2.035565399E-05
116.6 0.0002362486966 3.222023239E-23
116.8 0.0002363719353 -2.037689098E-05
117 0.0002364953027 3.058128914E-05
117.2 0.000236618799 8.15926893E-05
117.4 0.0002367424242 3.061324451E-05
117.6 0.0002368661788 1.020974909E-05
117.8 0.0002369900628 3.064526674E-05
118 0.0002330259027 1.230075058E-21
118.2 0.0002290575916 -1.816464373E-21
118.4 0.0002250851231 -1.023114196E-05
118.6 0.0002211084906 -3.070951258E-05
118.8 0.0002171276875 7.277287786E-21
119 0.0002131427072 1.024724554E-05
119.2 0.0002091535433 5.126312336E-05
119.4 0.0002010569853 4.103203782E-05
119.6 0.000192951918 -2.052679979E-05
119.8 0.0001889458465 1.755969848E-21
120 0.0001808258811 3.082259337E-05
120.2 0.0001685855263 -2.055921053E-05
120.4 0.0001563322801 -5.142509215E-05
120.6 0.0001522984721 -1.02904373E-05
120.8 0.0001400237217 3.442815025E-22
121 0.0001318565401 -2.060258439E-05
121.2 0.0001236807388 -3.09201847E-05
121.4 0.0001113714361 2.062434002E-05
121.6 0.0001073032224 5.158808769E-05
121.8 0.0001114891649 -1.833745746E-20
122 0.0001156795346 -4.131411951E-05
122.2 0.0001157407407 -1.033399471E-05
122.4 0.0001158020116 -2.067893065E-05
122.6 0.0001158633475 -6.206965042E-05
122.8 0.0001159247483 -2.070084791E-05
123 0.0001118438494 -1.035591198E-05
123.2 0.000111903183 -4.144562334E-05
123.4 0.0001119625796 -7.256833864E-05
123.6 0.0001161710037 -3.111723314E-05
123.8 0.0001162327311 -1.037792242E-05
124 0.0001121411483 -6.230063796E-05
124.2 0.0001080452128 -1.038896277E-05
124.4 0.0001039449175 3.118347525E-05
124.6 9.568024494E-05 -3.120007987E-05
124.8 9.989344699E-05 -3.121670218E-05
125 9.99466951E-05 2.082222814E-05
125.2 0.0001 -5.208333333E-05
125.4 0.0001042222519 -8.337780149E-05
125.6 0.0001084490123 -5.213894821E-05
125.8 0.0001043336004 -4.173344017E-05
126 9.603821486E-05 -3.337789692E-20
126.2 8.773395722E-05 -2.040851148E-20
126.4 7.942081327E-05 -3.135032103E-05
126.6 8.364561028E-05 -3.136710385E-05
126.8 7.532137118E-05 -3.015862099E-21
127 6.698821008E-05 1.046690782E-05
127.2 6.283512064E-05 -3.141756032E-05
127.4 7.544259657E-05 -4.191255365E-05
127.6 8.387010199E-05 -3.145128824E-05
127.8 9.650241676E-05 5.546273978E-20
128 8.815824825E-05 3.148508866E-05
128.2 8.400537634E-05 -1.050067204E-05
128.4 7.564550834E-05 -3.151896181E-05
128.6 7.148143165E-05 1.051197524E-05
128.8 5.889876144E-05 3.155290792E-05
129 6.313981681E-05 2.10466056E-05
129.2 5.475067385E-05 -3.158692722E-05
129.4 5.899406688E-05 -5.2673274E-05
129.6 5.480976794E-05 -4.216135996E-05
129.8 5.483936285E-05 -3.163809395E-05
130 5.064829822E-05 -1.05517288E-05
130.2 4.64527027E-05 -1.052923671E-20
130.4 4.647782585E-05 4.225256896E-05
130.6 4.650297619E-05 1.056885823E-05
130.8 4.652815376E-05 -7.132956023E-21
131 4.655335861E-05 2.116061755E-05
131.2 4.657859079E-05 -2.117208672E-05
131.4 4.660385033E-05 -3.177535249E-05
131.6 4.662913728E-05 -1.05975312E-05
131.8 5.089576547E-05 -1.060328447E-05
132 5.941064639E-05 2.072999265E-20
132.2 5.095108696E-05 1.061480978E-05
132.4 5.097879282E-05 1.062058184E-05
132.6 5.100652884E-05 3.187908052E-05
132.8 4.678143713E-05 3.18964344E-05
133 3.829656863E-05 9.448384945E-21
133.2 4.257493188E-05 -1.064373297E-05
133.4 4.259814613E-05 1.064953653E-05
133.6 3.835924714E-05 1.343065304E-20
133.8 4.264465066E-05 -1.066116266E-05
134 4.693473512E-05 -2.133397051E-05
134.2 5.12295082E-05 2.134562842E-05
134.4 4.698605796E-05 6.407189721E-05
134.6 4.701176149E-05 3.205347374E-05
134.8 5.13136289E-05 -1.069033935E-05
135 5.562020811E-05 1.375600307E-20
135.2 5.136986301E-05 3.210616438E-05
135.4 5.139802632E-05 -2.14158443E-05
135.6 5.571173889E-05 -1.071379594E-05
135.8 5.574231614E-05 -1.071967618E-05
136 5.577292696E-05 -1.072556288E-05
136.2 5.580357143E-05 1.073145604E-05
136.4 5.583424959E-05 -1.073735569E-05
136.6 5.58649615E-05 4.29730473E-05
136.8 5.159603742E-05 6.449504678E-05
137 4.732241189E-05 1.075509361E-05
137.2 4.304407713E-05 3.228305785E-05
137.4 3.876102536E-05 6.460170893E-05
137.6 3.016409266E-05 1.077289024E-05
137.8 2.58692053E-05 2.925187478E-20
138 2.156957482E-05 1.078478741E-05
138.2 2.158149171E-05 5.395372928E-05
138.4 1.295605307E-05 4.318684356E-05
138.6 1.296321903E-05 -2.160536504E-05
138.8 1.297039292E-05 -2.161732153E-05
139 8.651716501E-06 -5.407322813E-05
139.2 4.328254848E-06 -4.328254848E-05
139.4 4.330654102E-06 -2.165327051E-05
139.6 4.333056018E-06 -2.166528009E-05
139.8 4.335460599E-06 1.08386515E-05
140 4.337867851E-06 3.253400888E-05
140.2 4.340277778E-06 2.170138889E-05
140.4 4.342690384E-06 -1.085672596E-05
140.6 4.345105673E-06 -2.172552836E-05
140.8 4.347523651E-06 -1.086880913E-05
141 4.349944321E-06 -1.908085289E-20
141.2 4.352367688E-06 1.513447416E-20
141.4 4.354793757E-06 2.177396878E-05
141.6 4.357222532E-06 2.178611266E-05
141.8 4.359654018E-06 2.179827009E-05
142 4.362088219E-06 3.271566164E-05
142.2 4.36452514E-06 3.273393855E-05
142.4 4.366964785E-06 3.275223589E-05
142.6 4.369407159E-06 4.369407159E-05
142.8 4.371852266E-06 6.5577784E-05
143 4.374300112E-06 6.561450168E-05
143.2 4.3767507E-06 4.3767507E-05
143.4 4.379204036E-06 1.605306577E-20
143.6 4.381660123E-06 2.190830062E-05
143.8 4.384118967E-06 6.576178451E-05
144 4.386580573E-06 5.483225716E-05
144.2 4.389044944E-06 2.194522472E-05
144.4 4.391512085E-06 1.097878021E-05
144.6 4.393982002E-06 1.098495501E-05
144.8 8.792909398E-06 -1.099113675E-05
145 4.39893018E-06 1.252675803E-20
145.2 8.802816901E-06 2.200704225E-05
145.4 8.80777903E-06 -2.201944758E-05
145.6 0 -3.304780034E-05
145.8 4.408860045E-06 -2.204430023E-05
146 4.41134952E-06 -5.5141869E-05
146.2 4.413841808E-06 -5.51730226E-05
146.4 0 -1.104084228E-05
146.6 4.418834842E-06 -4.706078473E-21
146.8 4.421335597E-06 -5.526669496E-05
147 4.423839185E-06 -5.529798981E-05
147.2 4.426345609E-06 -3.319759207E-05
147.4 4.428854875E-06 -3.321641156E-05
147.6 4.431366988E-06 -4.431366988E-05
147.8 4.433881952E-06 -3.325411464E-05
148 4.436399773E-06 -1.109099943E-05
148.2 4.438920455E-06 -1.109730114E-05
148.4 4.441444002E-06 5.503194122E-21
148.6 4.443970421E-06 -2.22198521E-05
148.8 4.446499715E-06 -2.223249858E-05
149 4.449031891E-06 1.112257973E-05
149.2 4.451566952E-06 -2.225783476E-05
149.4 4.454104903E-06 -3.340578677E-05
149.6 4.45664575E-06 3.342484313E-05
149.8 4.459189498E-06 2.229594749E-05
150 4.461736151E-06 -1.300405719E-20
150.2 4.464285714E-06 -2.232142857E-05
150.4 4.466838193E-06 -1.116709548E-05
150.6 4.469393593E-06 3.352045195E-05
150.8 4.471951918E-06 4.471951918E-05
151 4.474513173E-06 5.593141466E-05
151.2 4.477077364E-06 1.119269341E-05
151.4 0 -2.028448831E-20
151.6 0 2.156800504E-21
151.8 4.4847876E-06 -2.2423938E-05
152 4.487363584E-06 -1.121840896E-05
152.2 4.489942529E-06 3.367456897E-05
152.4 4.492524439E-06 1.12313111E-05
152.6 4.495109321E-06 -1.12377733E-05
152.8 4.497697179E-06 2.24884859E-05
153 4.500288018E-06 3.375216014E-05
153.2 4.502881844E-06 2.251440922E-05
153.4 4.505478662E-06 1.126369666E-05
153.6 4.508078477E-06 1.817517482E-20
153.8 4.510681293E-06 -3.38301097E-05
154 4.513287117E-06 1.128321779E-05
154.2 4.515895954E-06 -1.825252873E-21
154.4 4.518507808E-06 -2.259253904E-05
154.6 4.521122685E-06 -1.130280671E-05
154.8 4.523740591E-06 -1.130935148E-05
155 4.52636153E-06 2.263180765E-05
155.2 4.528985507E-06 2.264492754E-05
155.4 4.531612529E-06 2.265806265E-05
155.6 4.5342426E-06 -1.13356065E-05
155.8 4.536875726E-06 1.134218931E-05
156 4.539511912E-06 5.67438989E-05
156.2 4.542151163E-06 2.271075581E-05
156.4 4.544793485E-06 6.817190227E-05
156.6 4.547438882E-06 6.821158324E-05
156.8 4.550087362E-06 2.275043681E-05
157 4.552738928E-06 5.69092366E-05
157.2 4.555393586E-06 0.0001024963557
157.4 4.558051342E-06 6.837077013E-05
157.6 4.560712201E-06 1.14017805E-05
157.8 4.563376168E-06 4.563376168E-05
158 4.56604325E-06 7.990575687E-05
158.2 4.56871345E-06 3.426535088E-05
158.4 4.571386776E-06 1.142846694E-05
158.6 4.574063232E-06 4.574063232E-05
158.8 4.576742824E-06 1.144185706E-05
159 4.579425557E-06 -1.144856389E-05
159.2 4.582111437E-06 5.727639296E-05
159.4 4.584800469E-06 4.584800469E-05
159.6 4.58749266E-06 -3.440619495E-05
159.8 4.590188014E-06 1.632239116E-20
160 4.592886537E-06 -1.148221634E-05
160.2 4.595588235E-06 -1.148897059E-05
160.4 4.598293114E-06 -2.64376901E-21
160.6 4.601001178E-06 -2.300500589E-05
160.8 4.603712434E-06 2.101986809E-20
161 4.606426887E-06 -3.454820165E-05
161.2 4.609144543E-06 -4.609144543E-05
161.4 4.611865407E-06 -2.305932704E-05
161.6 4.614589486E-06 -6.921884229E-05
161.8 4.617316785E-06 -9.23463357E-05
162 4.620047309E-06 -5.775059137E-05
162.2 4.622781065E-06 -4.622781065E-05
162.4 4.625518058E-06 -4.625518058E-05
162.6 4.628258294E-06 -3.47119372E-05
162.8 4.631001778E-06 -4.631001778E-05
163 4.633748517E-06 -4.633748517E-05
163.2 4.636498516E-06 -1.159124629E-05
163.4 4.639251781E-06 -2.800711168E-20
163.6 4.642008318E-06 -2.321004159E-05
163.8 4.644768133E-06 1.161192033E-05
164 4.647531231E-06 1.161882808E-05
164.2 4.650297619E-06 -3.487723214E-05
164.4 4.653067302E-06 -2.326533651E-05
164.6 4.655840286E-06 -1.784337417E-20
164.8 4.658616577E-06 2.307756598E-20
165 4.661396181E-06 -3.496047136E-05
165.2 0 -3.498134328E-05
165.4 9.333930705E-06 -8.888907295E-21
165.6 9.339509863E-06 -1.167438733E-05
165.8 9.345095694E-06 1.632176392E-20
166 9.350688211E-06 8.181852184E-05
166.2 9.356287425E-06 5.847679641E-05
166.4 9.361893349E-06 1.170236669E-05
166.6 4.683752998E-06 3.512814748E-05
166.8 9.373125375E-06 7.029844031E-05
167 9.378751501E-06 4.68937575E-05
167.2 9.384384384E-06 9.204281294E-22
167.4 1.408503606E-05 1.173753005E-05
167.6 1.409350571E-05 3.523376428E-05
167.8 1.880264741E-05 -1.139267651E-20
168 2.822095123E-05 -7.944057655E-21
168.2 2.353162651E-05 1.176581325E-05
168.4 2.825497288E-05 1.177290536E-05
168.6 3.298401689E-05 3.534001809E-05
168.8 3.771876886E-05 3.536134581E-05
169 3.302385266E-05 5.897116546E-05
169.2 3.776435045E-05 3.540407855E-05
169.4 4.251058041E-05 -5.65515623E-22
169.6 4.726255293E-05 2.363127647E-05
169.8 5.202027845E-05 3.546837167E-05
170 5.678376741E-05 2.365990309E-05
170.2 5.208333333E-05 1.183712121E-05
170.4 5.685263796E-05 4.73771983E-05
170.6 5.688713592E-05 3.555445995E-05
170.8 5.692167577E-05 -2.713732264E-20
171 6.170261239E-05 5.932943499E-05
171.2 6.174012158E-05 3.561930091E-05
171.4 6.17776764E-05 5.497092391E-22
171.6 6.657029823E-05 1.713069362E-20
171.8 7.612667479E-05 -1.189479294E-05
172 8.093388178E-05 1.190204144E-05
172.2 8.574695122E-05 3.572789634E-05
172.4 8.579926785E-05 1.191656498E-05
172.6 8.585164835E-05 -1.258157872E-20
172.8 8.590409285E-05 2.386224801E-05
173 8.595660147E-05 1.193841687E-05
173.2 8.123088685E-05 -3.583715596E-05
173.4 7.6499388E-05 1.10217545E-20
173.6 7.17620943E-05 1.196034905E-05
173.8 6.70189951E-05 -1.19676777E-05
174 6.227007971E-05 5.987507664E-05
174.2 5.751533742E-05 4.792944785E-05
174.4 5.755064457E-05 1.198971762E-05
174.6 5.758599509E-05 4.798832924E-05
174.8 5.762138906E-05 7.202673632E-05
175 5.765682657E-05 4.804735547E-05
175.2 5.769230769E-05 1.201923077E-05
175.4 5.772783251E-05 3.607989532E-05
175.6 5.776340111E-05 3.610212569E-05
175.8 5.779901356E-05 -1.204146116E-05
176 5.783466996E-05 -1.204888957E-05
176.2 5.787037037E-05 3.055320248E-20
176.4 5.790611489E-05 1.206377393E-05
176.6 5.794190358E-05 1.207122991E-05
176.8 6.280921459E-05 3.623608534E-05
177 6.76825495E-05 3.625850866E-05
177.2 6.77244582E-05 3.628095975E-05
177.4 6.776641884E-05 6.05057311E-05
177.6 6.780843149E-05 3.632594544E-05
177.8 6.785049628E-05 7.26969603E-05
178 6.789261328E-05 7.274208566E-05
178.2 6.793478261E-05 3.518752333E-20
178.4 6.797700435E-05 1.213875078E-05
178.6 6.801927861E-05 3.643889925E-05
178.8 7.292314872E-05 2.430771624E-05
179 7.783312578E-05 2.608377551E-21
179.2 8.274922118E-05 -2.433800623E-05
179.4 8.767144638E-05 -2.435317955E-05
179.6 9.259981285E-05 -3.65525577E-05
179.8 9.265761548E-05 2.438358302E-05
180 9.271549032E-05 6.09970331E-05
180.2 8.7890625E-05 1.220703125E-05
180.4 9.283145716E-05 2.442933083E-05
180.6 8.800062578E-05 2.444461827E-05
180.8 8.805572949E-05 2.445992486E-05
181 7.832080201E-05 -2.447525063E-05
181.2 8.326802508E-05 -9.796238245E-05
181.4 9.80238394E-05 -4.90119197E-05
181.6 9.808537351E-05 -1.226067169E-05
181.8 9.323963568E-05 -4.907349246E-05
182 0.0001031191075 -4.91043369E-05
182.2 0.0001080974843 -2.456761006E-05
182.4 0.0001179987413 -3.687460667E-05
182.6 0.0001229927582 -6.149637909E-05
182.8 0.000132915879 -3.69210775E-05
183 0.0001329996847 2.462957125E-05
183.2 0.0001232255521 -1.232255521E-05
183.4 0.0001380997475 -3.699100379E-05
183.6 0.0001431222363 -1.233812382E-05
183.8 0.0001432127054 -1.234592288E-05
184 0.0001433032891 1.235373182E-05
184.2 0.0001483386076 4.944620253E-05
184.4 0.0001434848005 2.473875871E-05
184.6 0.0001435757288 3.411504264E-20
184.8 0.0001436667724 3.715519975E-05
185 0.0001437579315 7.435755076E-05
185.2 0.000128968254 6.200396825E-05
185.4 0.0001240867217 1.240867217E-05
185.6 0.0001241656071 -1.241656071E-05
185.8 0.0001341841603 1.213054893E-20
186 0.0001342695735 1.243236792E-05
186.2 0.0001393312102 1.334653565E-20
186.4 0.0001394200127 -2.489643085E-05
186.6 0.0001544563138 -2.491230867E-05
186.8 0.0001495692406 -8.724872368E-05
187 0.000159642401 -7.483237548E-05
187.2 0.0001597444089 3.575138836E-20
187.4 0.0001598465473 -6.244005754E-05
187.6 0.0001549504159 -9.996801024E-05
187.8 0.0001600512164 -6.25200064E-05
188 0.0001601537476 1.284673655E-20
188.2 0.0001502403846 -1.252003205E-05
188.4 0.0001453255292 -2.505612572E-05
188.6 0.0001504332478 -6.26805199E-05
188.8 0.0001505298651 -7.526493256E-05
189 0.000135563946 2.510443445E-05
189.2 0.0001256028939 1.256028939E-05
189.4 0.0001256837194 -6.284185972E-05
189.6 0.000135825821 -5.030585963E-05
189.8 0.0001308795103 -3.77537049E-05
190 0.0001309638943 -7.555609284E-05
190.2 0.0001260080645 -0.0001008064516
190.4 0.0001260894125 -7.565364751E-05
190.6 0.0001312177003 -5.046834625E-05
190.8 0.000126252424 -0.0001010019392
191 0.0001212807245 -7.580045278E-05
191.2 0.000116302589 -1.264158576E-05
191.4 0.0001113180052 -6.324886658E-05
191.6 0.0001063269605 -2.531594297E-05
191.8 0.0001013294423 2.533236057E-05
192 9.632543803E-05 -1.267439974E-05
192.2 9.131493506E-05 1.268262987E-05
192.4 8.629792073E-05 2.538174139E-05
192.6 8.127438231E-05 2.539824447E-05
192.8 7.624430709E-05 2.541476903E-05
193 6.612141927E-05 1.271565755E-05
193.2 5.598534202E-05 1.272394137E-05
193.4 5.092894394E-05 1.273223598E-05
193.6 4.586594912E-05 3.822162427E-05
193.8 4.079634465E-05 2.54977154E-05
194 3.572011757E-05 1.275718485E-05
194.2 3.06372549E-05 -2.884056371E-20
194.4 3.065729235E-05 -1.277387181E-05
194.6 3.067735602E-05 -1.278223168E-05
194.8 3.069744597E-05 4.232560511E-21
195 3.071756225E-05 5.119593709E-05
195.2 3.073770492E-05 5.12295082E-05
195.4 3.075787402E-05 1.281578084E-05
195.6 3.07780696E-05 1.282419567E-05
195.8 3.079829172E-05 -1.356760371E-20
196 3.081854043E-05 -1.284105851E-05
196.2 3.083881579E-05 -1.284950658E-05
196.4 3.085911784E-05 -3.340105751E-20
196.6 3.087944664E-05 1.28664361E-05
196.8 3.089980224E-05 -3.86247528E-05
197 3.607354881E-05 -5.153364116E-05
197.2 4.125412541E-05 -1.289191419E-05
197.4 4.128137384E-05 3.317307074E-20
197.6 4.647224058E-05 2.024744207E-20
197.8 4.650297619E-05 2.583498677E-05
198 4.653375248E-05 3.877812707E-05
198.2 4.656456954E-05 5.193534783E-20
198.4 4.659542744E-05 3.545821543E-20
198.6 4.662632626E-05 1.976876793E-20
198.8 4.665726609E-05 -1.296035169E-05
199 4.668824701E-05 -1.29689575E-05
199.2 4.67192691E-05 -3.893272425E-05
199.4 5.194481383E-05 -3.895861037E-05
199.6 4.678143713E-05 6.002254354E-22
199.8 4.161118509E-05 1.300349534E-05
200 4.16389074E-05 2.640057295E-20
200.2 4.166666667E-05 3.90625E-05
200.4 2.605903936E-05 3.908855904E-05
200.6 3.12917223E-05 -2.607643525E-05
200.8 3.131262525E-05 -3.914078156E-05
201 2.611129679E-05 -3.916694519E-05
201.2 2.612876254E-05 -2.612876254E-05
201.4 3.137550201E-05 -1.307312584E-05
201.6 3.662926993E-05 -1.308188212E-05
201.8 3.665382038E-05 1.309065013E-05
202 3.143863179E-05 1.309942991E-05
202.2 4.194630872E-05 1.310822148E-05
202.4 3.672766958E-05 1.311702485E-05
202.6 3.675235215E-05 2.309468276E-21
202.8 3.677706792E-05 -2.626933423E-05
203 4.73166218E-05 -3.943051817E-05
203.2 5.260942761E-05 -1.31523569E-05
203.4 5.264487871E-05 -2.632243935E-05
203.6 5.268037761E-05 -1.31700944E-05
203.8 5.271592443E-05 2.635796221E-05
204 5.275151924E-05 -1.513305587E-20
204.2 5.278716216E-05 -2.639358108E-05
204.4 4.754056795E-05 -2.641142664E-05
204.6 4.228687415E-05 1.321464817E-05
204.8 3.702606635E-05 1.322359513E-05
205 3.705115176E-05 -2.64651084E-05
205.2 3.707627119E-05 -6.620762712E-05
205.4 4.240162822E-05 -7.950305292E-05
205.6 4.243041412E-05 -1.325950441E-05
205.8 4.245923913E-05 3.980553668E-05
206 3.717709041E-05 3.983259687E-05
206.2 3.720238095E-05 1.97506065E-21
206.4 3.722770592E-05 -2.659121852E-05
206.6 3.193119891E-05 -3.991399864E-05
206.8 3.195296524E-05 -3.994120654E-05
207 3.197476126E-05 1.332281719E-05
207.2 3.199658703E-05 5.332764505E-05
207.4 2.668203552E-05 1.334101776E-05
207.6 2.670027341E-05 1.335013671E-05
207.8 2.671853625E-05 2.671853625E-05
208 2.138945927E-05 -1.336841205E-05
208.2 2.140410959E-05 -1.337756849E-05
208.4 2.141877999E-05 2.677347498E-05
208.6 2.143347051E-05 2.679183813E-05
208.8 1.60861359E-05 1.417422043E-20
209 1.073145604E-05 1.341432005E-05
209.2 5.369415808E-06 4.027061856E-05
209.4 0 -1.343277166E-05
209.6 0 -5.376806607E-05
209.8 0 5.023461074E-20
210 0 4.038163336E-05
210.2 0 2.693965517E-05
210.4 0 1.75972904E-20
210.6 0 -1.348843232E-05
210.8 0 2.130366969E-21
211 0 1.350708852E-05
211.2 0 -2.977574907E-21
211.4 0 -1.35257964E-05
211.6 0 -2.707033957E-05
211.8 0 -4.063366852E-05
212 5.421582235E-06 -2.710791117E-05
212.2 1.085069444E-05 -2.814920973E-20
212.4 1.085823489E-05 -4.004929418E-21
212.6 1.086578581E-05 -2.716446453E-05
212.8 1.631002088E-05 -5.436673626E-05
213 2.720229805E-05 -4.080344708E-05
213.2 2.722125436E-05 -1.361062718E-05
213.4 3.268828452E-05 1.362011855E-05
213.6 3.27110956E-05 1.362962317E-05
213.8 3.273393855E-05 -1.363914106E-05
214 3.821628232E-05 -1.364867226E-05
214.2 4.916958042E-05 1.365821678E-05
214.4 5.467109867E-05 4.1003324E-05
214.6 4.923844538E-05 4.103203782E-05
214.8 5.474772249E-05 5.474772249E-05
215 6.026472651E-05 5.478611501E-05
215.2 7.127192982E-05 5.48245614E-05
215.4 6.583567416E-05 4.114729635E-05
215.6 7.137210119E-05 1.372540408E-05
215.8 7.691631505E-05 2.747011252E-05
216 8.796622097E-05 5.497888811E-05
216.2 8.802816901E-05 4.126320423E-05
216.4 8.809020437E-05 2.752818887E-05
216.6 8.815232722E-05 2.754760226E-05
216.8 9.372794637E-05 2.756704305E-05
217 9.379413842E-05 4.137976695E-05
217.2 9.386042403E-05 2.760600707E-05
217.4 9.392680339E-05 2.762553041E-05
217.6 9.399327672E-05 1.369926775E-20
217.8 9.405984419E-05 -1.383233003E-05
218 9.966335932E-05 -1.384213324E-05
218.2 0.0001052748227 -3.349983576E-21
218.4 0.0001053495387 1.386178141E-05
218.6 0.0001054243608 1.198922534E-20
218.8 0.0001054992893 -2.776297086E-05
219 0.0001111308677 -1.389135846E-05
219.2 0.0001056494662 1.390124555E-05
219.4 0.0001001602564 1.500126436E-20
219.6 9.466322167E-05 -4.176318603E-05
219.8 0.0001003031384 -2.786198288E-05
220 9.479835832E-05 2.788187009E-05
220.2 8.928571429E-05 2.790178571E-05
220.4 8.376518942E-05 2.792172981E-05
220.6 7.823676681E-05 1.604651806E-20
220.8 7.270042949E-05 -2.796170365E-05
221 6.715616046E-05 -2.798173352E-05
221.2 6.160394265E-05 -1.400089606E-05
221.4 5.604375897E-05 -2.802187948E-05
221.6 5.047559225E-05 -4.206299354E-05
221.8 4.489942529E-05 1.40310704E-05
222 3.931524083E-05 2.808231488E-05
222.2 3.372302158E-05 2.810251799E-05
222.4 2.812275018E-05 -1.406137509E-05
222.6 2.251440922E-05 -7.035752882E-05
222.8 1.689798125E-05 -2.816330209E-05
223 1.127344877E-05 -1.409181097E-05
223.2 5.640794224E-06 -1.410198556E-05
223.4 0 2.98955358E-20
223.6 0 -2.824475777E-05
223.8 0 -1.413259768E-05
224 0 2.828566256E-05
224.2 0 7.076539855E-05
224.4 0 9.914340102E-05
224.6 0 7.086810595E-05
224.8 5.673565723E-06 2.836782861E-05
225 5.677688953E-06 1.419422238E-05
225.2 5.681818182E-06 -1.420454545E-05
225.4 5.685953421E-06 -2.84297671E-05
225.6 5.690094683E-06 -1.422523671E-05
225.8 0 -1.261779094E-21
226 0 4.273796499E-05
226.2 0 2.851277372E-05
226.4 0 5.706720234E-05
226.6 0 4.28316886E-05
226.8 0 1.428767374E-05
227 0 5.719253294E-05
227.2 0 4.292582418E-05
227.4 0 -1.431909824E-05
227.6 0 -5.731841526E-05
227.8 0 -2.868024963E-05
228 0 -1.435066128E-05
228.2 0 -2.872242647E-05
228.4 0 -2.874356144E-05
228.6 0 -2.876472754E-05
228.8 0 -1.439296242E-05
229 0 2.857816885E-20
229.2 0 -1.441420664E-05
229.4 0 -2.884970458E-05
229.6 0 -2.887102735E-05
229.8 0 -2.889238166E-05
230 0 -4.337065137E-05
230.2 0 -5.787037037E-05
230.4 0 -5.791326909E-05
230.6 0 -5.795623145E-05
230.8 0 -2.89996288E-05
231 0 1.451058692E-05
231.2 0 -1.452137546E-05
231.4 0 -5.812872024E-05
231.6 0 -2.908600149E-05
231.8 0 -1.455383756E-05
232 0 -4.369407159E-05
232.2 0 -1.45755597E-05
232.4 0 1.763098326E-20
232.6 0 1.459734679E-05
232.8 0 -4.244292859E-20
233 0 -5.847679641E-05
233.2 5.852059925E-06 1.463014981E-05
233.4 5.856446777E-06 -1.464111694E-05
233.6 1.172168042E-05 -2.930420105E-05
233.8 1.173048048E-05 1.46631006E-05
234 1.173929376E-05 -6.953683976E-21
234.2 5.87406015E-06 2.751705568E-20
234.4 0 -2.93924003E-05
234.6 0 2.878729728E-20
234.8 0 -1.471834966E-05
235 0 -4.418834842E-05
235.2 0 4.619029776E-21
235.4 0 -1.47516994E-05
235.6 0 -4.428854875E-05
235.8 0 -2.954803328E-05
236 0 -1.478520061E-05
236.2 0 -2.959280303E-05
236.4 0 -4.442285823E-05
236.6 0 -5.92754173E-05
236.8 0 -4.449031891E-05
237 5.936550152E-06 -2.968275076E-05
237.2 1.188212928E-05 -4.455798479E-05
237.4 1.783675799E-05 -1.486396499E-05
237.6 1.785034273E-05 -2.567921182E-21
237.8 1.786394817E-05 1.488662348E-05
238 1.787757437E-05 1.489797864E-05
238.2 1.789122137E-05 -1.490935115E-05
238.4 1.790488923E-05 1.492074102E-05
238.6 1.791857798E-05 2.986429664E-05
238.8 1.793228768E-05 1.494357307E-05
239 1.794601838E-05 -1.144367418E-20
239.2 1.795977011E-05 1.49664751E-05
239.4 1.797354294E-05 8.986771472E-05
239.6 1.798733691E-05 4.496834229E-05
239.8 2.40015361E-05 -3.000192012E-05
240 3.002498078E-05 -1.501249039E-05
240.2 3.004807692E-05 1.502403846E-05
240.4 4.209969207E-05 -2.544627756E-20
240.6 4.213212635E-05 -4.514156394E-05
240.8 4.818812645E-05 -3.011757903E-05
241 4.822530864E-05 -2.963253616E-20
241.2 4.826254826E-05 -1.508204633E-05
241.4 4.829984544E-05 -1.50937017E-05
241.6 4.833720031E-05 -3.021075019E-05
241.8 4.8374613E-05 -3.023413313E-05
242 4.23605732E-05 -1.793814765E-20
242.2 3.63372093E-05 -1.514050388E-05
242.4 3.030449961E-05 -1.515224981E-05
242.6 2.426242236E-05 1.516401398E-05
242.8 1.821095571E-05 3.035159285E-05
243 1.822511664E-05 -1.51875972E-05
243.2 1.823929961E-05 -3.039883268E-05
243.4 1.825350467E-05 1.521125389E-05
243.6 1.826773188E-05 1.778354228E-20
243.8 1.828198128E-05 2.881308023E-20
244 1.829625293E-05 3.049375488E-05
244.2 1.831054688E-05 1.525878906E-05
244.4 1.832486317E-05 1.527071931E-05
244.6 1.833920188E-05 4.584800469E-05
244.8 1.835356304E-05 3.058927173E-05
245 1.836794671E-05 1.925627133E-22
245.2 1.838235294E-05 1.531862745E-05
245.4 1.839678179E-05 1.533065149E-05
245.6 1.841123331E-05 1.534269442E-05
245.8 1.842570755E-05 4.095642479E-20
246 1.844020456E-05 -1.536683714E-05
246.2 1.845472441E-05 1.430512276E-20
246.4 1.846926714E-05 2.743464547E-20
246.6 1.848383281E-05 1.527652562E-20
246.8 1.849842147E-05 3.020543005E-20
247 1.851303318E-05 -9.356253479E-22
247.2 1.852766798E-05 -1.543972332E-05
247.4 1.854232595E-05 3.788064509E-20
247.6 1.855700713E-05 3.092834521E-05
247.8 1.857171157E-05 -1.547642631E-05
248 1.858643933E-05 -3.097739889E-05
248.2 1.860119048E-05 3.278423631E-22
248.4 1.861596505E-05 -1.551330421E-05
248.6 1.863076312E-05 1.45971954E-20
248.8 1.864558473E-05 -1.553798727E-05
249 1.866042994E-05 -4.665107484E-05
249.2 1.86752988E-05 -1.5562749E-05
249.4 1.869019139E-05 2.651285936E-20
249.6 1.870510774E-05 5.500727146E-21
249.8 1.872004792E-05 -3.120007987E-05
250 1.873501199E-05 -1.561250999E-05
250.2 1.875E-05 1.5625E-05
250.4 1.876501201E-05 -3.127502002E-05
250.6 1.252003205E-05 -6.260016026E-05
250.8 1.253007217E-05 2.649683001E-20
251 1.254012841E-05 -3.135032103E-05
251.2 1.25502008E-05 -4.706325301E-05
251.4 6.280144695E-06 1.570036174E-05
251.6 0 -1.571299276E-05
251.8 0 -3.145128824E-05
252 0 -4.721494762E-05
252.2 0 -3.150201613E-05
252.4 0 1.576372074E-05
252.6 0 -7.325888229E-22
252.8 0 1.117027544E-21
253 0 1.58019822E-05
253.2 0 -3.629128787E-21
253.4 0 -1.582759319E-05
253.6 0 -3.168085969E-05
253.8 0 -1.585328734E-05
254 0 3.173233144E-05
254.2 0 3.175813008E-05
254.4 0 -3.178397071E-05
254.6 0 -3.180985342E-05
254.8 0 -3.109306601E-20
255 0 -1.593087276E-05
255.2 0 -1.594387755E-05
255.4 0 -1.262005976E-20
255.6 0 1.596995094E-05
255.8 0 1.598301964E-05
256 6.398443898E-06 1.230318102E-20
256.2 0 3.184598791E-22
256.4 0 3.204470878E-05
256.6 0 1.603550903E-05
256.8 0 -3.66306987E-20
257 0 1.606188322E-05
257.2 0 1.607510288E-05
257.4 0 3.217668863E-05
257.6 0 -4.830482275E-05
257.8 0 -3.222978548E-05
258 0 6.451279934E-05
258.2 0 4.842458678E-05
258.4 0 -4.84646402E-05
258.6 0 6.235021219E-20
258.8 0 8.090824358E-05
259 0 3.239013267E-05
259.2 0 3.829249359E-20
259.4 0 -1.622196844E-05
259.6 0 1.623545303E-05
259.8 0 -1.624896007E-05
260 0 1.3219672E-20
260.2 0 3.255208333E-05
260.4 0 -1.628961635E-05
260.6 0 1.630321369E-05
260.8 0 4.895050125E-05
261 0 -1.633047659E-05
261.2 0 -4.903242678E-05
261.4 0 -1.635783082E-05
261.6 0 1.637154233E-05
261.8 0 3.277055369E-05
262 0 1.639903442E-05
262.2 0 4.923844538E-05
262.4 0 4.927985702E-05
262.6 0 6.797326888E-20
262.8 0 1.645429655E-05
263 0 1.646817032E-05
263.2 0 -1.648206751E-05
263.4 0 -4.948796453E-05
263.6 0 -1.650993238E-05
263.8 0 1.652390017E-05
264 0 4.236470273E-20
264.2 0 4.965572034E-05
264.4 0 9.93956743E-05
264.6 0 8.290004244E-05
264.8 0 6.637638063E-05
265 0 6.643282313E-05
265.2 0 1.662234043E-05
265.4 0 3.600595696E-20
265.6 0 -1.665068201E-05
265.8 0 1.688029398E-21
266 0 3.335824082E-05
266.2 0 1.669337607E-05
266.4 0 5.012296835E-05
266.6 0 4.919057527E-20
266.8 0 -5.020886889E-05
267 0 -1.675064322E-05
267.2 0 1.676502146E-05
267.4 0 1.67794244E-05
267.6 0 -1.679385211E-05
267.8 6.723321859E-06 -1.680830465E-05
268 6.729112834E-06 1.66284469E-20
268.2 6.734913793E-06 6.734913793E-05
268.4 1.348144953E-05 6.740724763E-05
268.6 2.023963731E-05 -1.686636442E-05
268.8 2.700950735E-05 3.881504688E-20
269 3.379108997E-05 -1.689554498E-05
269.2 4.058441558E-05 -6.764069264E-05
269.4 4.061958406E-05 -3.384965338E-05
269.6 4.743061578E-05 -3.387901127E-05
269.8 4.747178819E-05 4.705738596E-24
270 4.072545613E-05 -5.090682016E-05
270.2 3.39673913E-05 -5.095108696E-05
270.4 2.71975631E-05 -1.699847694E-05
270.6 2.041594077E-05 -1.701328397E-05
270.8 1.362249346E-05 1.702811683E-05
271 6.817190227E-06 1.704297557E-05
271.2 0 5.117358079E-05
271.4 0 6.829108392E-05
271.6 0 0.0001196139545
271.8 6.841068301E-06 0.0001026160245
272 1.369412796E-05 3.423531989E-05
272.2 2.74122807E-05 -1.713267544E-05
272.4 2.057726076E-05 3.429543459E-05
272.6 2.059534271E-05 1.716278559E-05
272.8 2.061345646E-05 -6.871152155E-05
273 4.126320423E-05 -8.59650088E-05
273.2 4.129955947E-05 -3.441629956E-05
273.4 3.444664903E-05 -1.722332451E-05
273.6 4.137246249E-05 -6.895410415E-05
273.8 4.831051237E-05 -5.176126325E-05
274 5.526083112E-05 -1.726900973E-05
274.2 5.530973451E-05 1.728429204E-05
274.4 4.843888397E-05 -1.729960142E-05
274.6 6.23337766E-05 -5.194481383E-05
274.8 7.625332742E-05 -1.733030169E-05
275 8.325932504E-05 1.734569272E-05
275.2 7.638888889E-05 4.630483121E-22
275.4 6.950622776E-05 1.737655694E-05
275.6 6.95681211E-05 -3.478406055E-05
275.8 6.963012478E-05 -8.703765597E-05
276 6.272301517E-05 -3.484611954E-05
276.2 5.580357143E-05 -3.487723214E-05
276.4 5.585344057E-05 -8.727100089E-05
276.6 5.590339893E-05 -0.000104818873
276.8 5.595344673E-05 -6.994180842E-05
277 5.600358423E-05 -3.500224014E-05
277.2 5.605381166E-05 4.107863653E-20
277.4 6.311714542E-05 1.753254039E-05
277.6 6.317385445E-05 1.75482929E-05
277.8 6.323066547E-05 1.756407374E-05
278 5.625562556E-05 7.031953195E-05
278.2 4.926801802E-05 0.000123170045
278.4 4.226780884E-05 0.0001056695221
278.6 2.820397112E-05 5.288244585E-05
278.8 1.411472448E-05 1.76434056E-05
279 0 -1.765935805E-05
279.2 0 -5.30260181E-05
279.4 0 -5.307404891E-05
279.6 0 2.810200113E-20
279.8 0 1.772345735E-05
280 0 3.54791099E-05
280.2 0 5.326704545E-05
280.4 0 4.534812189E-20
280.6 0 6.721178786E-20
280.8 0 1.780423883E-05
281 0 -1.655201382E-20
281.2 0 3.604330467E-21
281.4 0 1.785306216E-05
281.6 0 1.786939616E-05
281.8 0 -6.307558722E-20
282 0 5.370646196E-05
282.2 0 3.583715596E-05
282.4 7.174012856E-06 -5.380509642E-05
282.6 7.180606618E-06 1.795151654E-05
282.8 7.187212511E-06 1.156685487E-20
283 2.158149171E-05 -3.596915285E-05
283.2 2.160138249E-05 -5.400345622E-05
283.4 2.162130996E-05 -0.0001081065498
283.6 2.885503232E-05 -1.80343952E-05
283.8 2.888170055E-05 -3.069465522E-20
284 2.890841813E-05 -4.880090442E-20
284.2 2.893518519E-05 -1.808449074E-05
284.4 2.172150139E-05 -3.620250232E-05
284.6 1.449443414E-05 3.678534249E-22
284.8 2.176183844E-05 -4.177973843E-20
285 2.17820632E-05 1.815171933E-05
285.2 7.26744186E-06 -1.816860465E-05
285.4 7.274208566E-06 2.162699892E-20
285.6 1.456197577E-05 4.530919539E-20
285.8 7.287779851E-06 -1.821944963E-05
286 0 3.64729225E-05
286.2 0 -1.825350467E-05
286.4 0 -1.367953354E-20
286.6 0 3.657537453E-05
286.8 0 1.830482662E-05
287 0 3.664399625E-05
287.2 0 1.833920188E-05
287.4 0 -4.705301115E-20
287.6 0 1.837370649E-05
287.8 0 5.51730226E-05
288 0 7.363336475E-05
288.2 0 9.212853774E-05
288.4 0 0.0001106586402
288.6 0 9.230269376E-05
288.8 0 5.543401135E-05
289 0 1.86686289E-20
289.2 0 -1.851303318E-05
289.4 0 5.559179317E-05
289.6 0 5.564458689E-05
289.8 0 -5.569748099E-05
290 0 1.989995315E-20
290.2 0 5.580357143E-05
290.4 0 -5.585676835E-05
290.6 0 -5.591006679E-05
290.8 0 1.865448902E-05
291 0 5.601696941E-05
291.2 0 3.738038278E-05
291.4 0 -2.805363747E-21
291.6 0 4.554922363E-20
291.8 0 5.808090161E-20
292 0 1.876200768E-05
292.2 0 5.634014423E-05
292.4 0 5.639436959E-05
292.6 0 3.763246628E-05
292.8 0 1.883437801E-05
293 0 -1.885255792E-05
293.2 0 -1.520121547E-20
293.4 0 3.777804642E-05
293.6 0 3.781461762E-05
293.8 0 1.892562984E-05
294 0 6.186847633E-21
294.2 0 -4.19053801E-20
294.4 0 -3.217446486E-20
294.6 0 7.295845496E-21
294.8 0 6.25219833E-21
295 0 2.593036983E-20
295.2 0 -1.905487805E-05
295.4 0 -3.814697266E-05
295.6 0 -7.636852395E-05
295.8 0 -9.555406067E-05
296 0 -7.651811949E-05
296.2 0 -3.829656863E-05
296.4 0 1.916707556E-05
296.6 0 -1.918590373E-05
296.8 0 -7.681907571E-05
297 0 -7.689468504E-05
297.2 0 -7.697044335E-05
297.4 0 -5.778476331E-05
297.6 0 -3.856120434E-05
297.8 0 -3.85993083E-05
298 0 -1.931874382E-05
298.2 0 5.395254376E-20
298.4 0 -1.935703667E-05
298.6 0 -1.937624008E-05
298.8 0 -1.939548163E-05
299 0 -1.941476143E-05
299.2 0 -8.437326801E-21
299.4 0 -1.945343625E-05
299.6 0 -5.188604614E-20
299.8 0 -1.949226547E-05
300 0 -5.853521479E-05
300.2 0 -5.859375E-05
300.4 0 -5.86524024E-05
300.6 0 3.02545489E-20
300.8 0 -5.567818579E-20
301 0 -3.921937751E-05
301.2 0 -3.925879397E-05
301.4 0 -3.929828974E-05
301.6 0 -7.867573011E-05
301.8 0 -9.84438004E-05
302 0 -5.912588295E-05
302.2 0 4.906288619E-20
302.4 0 -1.974848332E-05
302.6 0 -3.953694332E-05
302.8 0 -2.172890537E-20
303 0 -9.489334638E-21
303.2 0 -1.98286802E-05
303.4 0 1.72629945E-20
303.6 0 1.98690234E-05
303.8 0 -1.420518108E-20
304 0 1.990953109E-05
304.2 0 2.266223235E-20
304.4 0 1.222628973E-20
304.6 0 1.997060327E-05
304.8 0 -3.998208802E-05
305 0 -2.001152664E-05
305.2 0 4.006410256E-05
305.4 0 4.010523614E-05
305.6 0 1.426288572E-20
305.8 0 -2.00938786E-05
306 0 -2.011457261E-05
306.2 0 -2.013530928E-05
306.4 0 2.015608875E-05
306.6 0 2.017691116E-05
306.8 0 -2.019777663E-05
307 0 -5.022615398E-20
307.2 0 -9.091790957E-22
307.4 8.104253112E-06 2.026063278E-05
307.6 0 4.056334372E-05
307.8 0 2.030275468E-05
308 0 4.064776275E-05
308.2 0 4.069010417E-05
308.4 0 4.073253389E-05
308.6 0 4.077505219E-05
308.8 0 4.081765935E-05
309 0 4.086035565E-05
309.2 0 4.090314136E-05
309.4 0 6.141902516E-05
309.6 0 2.049449108E-05
309.8 0 2.051601891E-05
310 0 6.161277603E-05
310.2 8.223684211E-06 6.167763158E-05
310.4 8.232349842E-06 8.232349842E-05
310.6 8.241033755E-06 4.120516878E-05
310.8 8.249736008E-06 -2.062434002E-05
311 8.25845666E-06 -2.064614165E-05
311.2 8.267195767E-06 -2.066798942E-05
311.4 8.27595339E-06 4.1896071E-20
311.6 8.284729586E-06 2.530366895E-20
311.8 1.658704883E-05 -2.073381104E-05
312 0 -2.075584485E-05
312.2 8.311170213E-06 -2.077792553E-05
312.4 8.320021299E-06 -2.080005325E-05
312.6 8.328891258E-06 -4.164445629E-05
312.8 8.337780149E-06 -2.084445037E-05
313 8.346688034E-06 -6.260016026E-05
313.2 8.355614973E-06 -2.088903743E-05
313.4 8.364561028E-06 -7.429222595E-21
313.6 8.373526259E-06 -4.18676313E-05
313.8 8.38251073E-06 -6.286883047E-05
314 8.391514501E-06 -2.097878625E-05
314.2 8.400537634E-06 2.009737642E-20
314.4 8.409580194E-06 -6.307185145E-05
314.6 8.418642241E-06 -4.209321121E-05
314.8 8.42772384E-06 -7.513220561E-21
315 8.436825054E-06 2.109206263E-05
315.2 8.445945946E-06 -4.222972973E-05
315.4 8.45508658E-06 -6.341314935E-05
315.6 8.464247021E-06 -2.116061755E-05
315.8 0 -4.236713666E-05
316 0 -4.241313789E-05
316.2 0 1.828637285E-20
316.4 0 -3.930673982E-21
316.6 0 -2.35497561E-20
316.8 0 -0
317 0 -2.132232533E-05
317.2 0 -4.269125683E-05
317.4 0 4.555072585E-20
317.6 0 4.278477547E-05
317.8 0 4.28316886E-05
318 0 2.143935236E-05
318.2 0 2.146291209E-05
318.4 0 4.29730473E-05
318.6 0 4.509676579E-20
318.8 0 4.306780595E-05
319 0 8.623068433E-05
319.2 0 6.474447514E-05
319.4 0 4.321073009E-05
319.6 0 4.32585825E-05
319.8 0 3.846393517E-21
320 0 -2.1677303E-05
320.2 0 2.170138889E-05
320.4 0 2.172552836E-05
320.6 0 4.349944321E-05
320.8 0 6.532190635E-05
321 0 4.359654018E-05
321.2 0 -2.18226257E-05
321.4 0 -2.460550237E-21
321.6 0 2.187150056E-05
321.8 0 -2.189602018E-05
322 0 3.239323029E-20
322.2 0 2.194522472E-05
322.4 0 -2.196991001E-05
322.6 0 2.189437399E-20
322.8 0 -1.514907091E-20
323 0 2.204430023E-05
323.2 0 4.413841808E-05
323.4 0 -2.209417421E-05
323.6 8.847678369E-06 -6.635758777E-05
323.8 1.77154195E-05 -4.428854875E-05
324 1.773552781E-05 -4.433881952E-05
324.2 2.663352273E-05 -0.0001331676136
324.4 3.555176337E-05 -8.887940842E-05
324.6 3.559225513E-05 2.591693563E-20
324.8 3.563283922E-05 -7.483273138E-22
325 3.567351598E-05 -2.516577492E-20
325.2 3.571428571E-05 -3.524380987E-20
325.4 3.575514874E-05 -2.234696796E-05
325.6 3.579610538E-05 -6.711769759E-05
325.8 3.583715596E-05 -6.719466743E-05
326 2.69087256E-05 -4.4847876E-05
326.2 1.795977011E-05 5.954963218E-21
326.4 1.798043728E-05 6.742663982E-05
326.6 1.800115207E-05 2.250144009E-05
326.8 1.802191465E-05 -8.296975478E-21
327 1.804272517E-05 6.76602194E-05
327.2 1.806358382E-05 2.257947977E-05
327.4 2.712673611E-05 -4.521122685E-05
327.6 3.621089224E-05 -2.263180765E-05
327.8 2.718967517E-05 5.739377154E-20
328 2.722125436E-05 -4.536875726E-05
328.2 3.63372093E-05 5.265707429E-21
328.4 3.637951106E-05 -2.581593665E-21
328.6 3.642191142E-05 2.276369464E-05
328.8 3.646441074E-05 4.558051342E-05
329 3.650700935E-05 -2.281688084E-05
329.2 4.56871345E-05 -7.848535786E-21
329.4 3.659250585E-05 9.449560983E-21
329.6 3.663540445E-05 -4.579425557E-05
329.8 3.667840376E-05 -4.584800469E-05
330 3.672150411E-05 -2.295094007E-05
330.2 3.676470588E-05 2.297794118E-05
330.4 3.680800942E-05 6.901501767E-05
330.6 3.685141509E-05 4.606426887E-05
330.8 3.689492326E-05 4.611865407E-05
331 3.693853428E-05 6.925975177E-05
331.2 3.698224852E-05 9.24556213E-05
331.4 3.702606635E-05 -2.314129147E-05
331.6 4.633748517E-05 -2.316874259E-05
331.8 4.639251781E-05 4.639251781E-05
332 4.644768133E-05 3.436918335E-20
332.2 4.650297619E-05 6.975446429E-05
332.4 3.724672229E-05 9.311680572E-05
332.6 4.661396181E-05 4.661396181E-05
332.8 4.666965352E-05 2.333482676E-05
333 4.672547847E-05 -4.737300753E-21
333.2 4.678143713E-05 2.339071856E-05
333.4 4.683752998E-05 7.025629496E-05
333.6 4.68937575E-05 4.68937575E-05
333.8 4.695012019E-05 1.550493879E-20
334 3.760529483E-05 2.350330927E-05
334.2 2.823795181E-05 2.231192277E-20
334.4 3.76960193E-05 2.356001206E-05
334.6 3.774154589E-05 0.0001179423309
334.8 3.778718259E-05 4.723397823E-05
335 4.729116223E-05 4.729116223E-05
335.2 3.787878788E-05 9.46969697E-05
335.4 4.74059466E-05 2.37029733E-05
335.6 5.695625759E-05 2.943746574E-20
335.8 6.652980535E-05 -4.752128954E-05
336 7.612667479E-05 -2.378958587E-05
336.2 7.62195122E-05 2.381859756E-05
336.4 8.585164835E-05 7.616751358E-20
336.6 9.550733496E-05 5.967446149E-20
336.8 0.0001051866585 -4.78121175E-05
337 0.000124463848 -9.574142157E-05
337.2 0.0001246165644 -7.189417178E-05
337.4 0.0001343673219 -7.198249386E-05
337.6 0.0001441420664 -7.207103321E-05
337.8 0.0001635621921 3.920574888E-21
338 0.0001637638718 1.840402267E-20
338.2 0.0001736111111 9.783795728E-21
338.4 0.0001834826947 -1.048613025E-20
338.6 0.0001933787129 -7.251701733E-05
338.8 0.0002032992565 -7.260687732E-05
339 0.0002132444169 -2.42323201E-05
339.2 0.0002232142857 -2.426242236E-05
339.4 0.0002332089552 -4.8585199E-05
339.6 0.0002432285181 -0.0001459371108
339.8 0.0002630143392 -0.0001217658978
340 0.0002633426966 -4.876716604E-05
340.2 0.000263671875 -7.32421875E-05
340.4 0.00025422403 2.444461827E-05
340.6 0.0002447525063 4.895050125E-05
340.8 0.0002450595985 2.450595985E-05
341 0.0002355527638 7.361023869E-05
341.2 0.0002260220126 7.370283019E-05
341.4 0.0002164672544 4.919710327E-05
341.6 0.0002068883985 4.92591425E-05
341.8 0.0001972853535 4.932133838E-05
342 0.0001876580278 7.407553729E-05
342.2 0.0001780063291 9.889240506E-05
342.4 0.0001683301648 7.426330798E-05
342.6 0.0001586294416 4.957170051E-05
342.8 0.0001389771283 7.445203304E-05
343 0.0001292143766 9.93956743E-05
343.2 0.0001094745223 9.952229299E-05
343.4 8.968431122E-05 7.473692602E-05
343.6 7.982120051E-05 2.494412516E-05
343.8 6.993286445E-05 2.497602302E-05
344 6.001920615E-05 5.001600512E-05
344.2 5.008012821E-05 5.008012821E-05
344.4 4.011553273E-05 7.521662388E-05
344.6 3.012532134E-05 0.0001004177378
344.8 2.010939511E-05 5.027348777E-05
345 1.006765464E-05 5.03382732E-05
345.2 0 5.040322581E-05
345.4 0 5.046834625E-05
345.6 0 7.580045278E-05
345.8 0 5.059909326E-05
346 0 -7.398411941E-20
346.2 0 -7.760878564E-20
346.4 0 5.079648895E-05
346.6 0 5.086263021E-05
346.8 1.018578879E-05 2.546447197E-05
347 2.039817232E-05 -5.099543081E-05
347.2 3.06372549E-05 -5.10620915E-05
347.4 4.090314136E-05 -2.556446335E-05
347.6 4.095674967E-05 2.559796855E-05
347.8 4.101049869E-05 2.563156168E-05
348 4.106438896E-05 -2.551750657E-20
348.2 4.111842105E-05 -1.471325317E-20
348.4 4.117259552E-05 -5.14657444E-05
348.6 4.122691293E-05 -2.576682058E-05
348.8 4.128137384E-05 -5.160171731E-05
349 4.133597884E-05 -5.166997354E-05
349.2 4.139072848E-05 -2.58692053E-05
349.4 4.144562334E-05 -6.416428604E-20
349.6 4.150066401E-05 -2.593791501E-05
349.8 5.194481383E-05 -5.194481383E-05
350 4.161118509E-05 -2.600699068E-05
350.2 4.166666667E-05 -2.604166667E-05
350.4 4.17222964E-05 -2.607643525E-05
350.6 4.177807487E-05 -1.922837763E-20
350.8 4.183400268E-05 -2.614625167E-05
351 5.236260054E-05 -2.618130027E-05
351.2 5.243288591E-05 -2.621644295E-05
351.4 5.250336022E-05 -0.0001050067204
351.6 5.257402423E-05 -5.257402423E-05
351.8 4.211590296E-05 -2.632243935E-05
352 3.162955466E-05 2.635796221E-05
352.2 2.111486486E-05 5.278716216E-05
352.4 1.057171854E-05 -7.928788904E-05
352.6 2.117208672E-05 -2.64651084E-05
352.8 2.120081411E-05 -1.832751539E-20
353 2.122961957E-05 -2.653702446E-05
353.2 2.12585034E-05 -2.657312925E-05
353.4 2.128746594E-05 -7.982799728E-05
353.6 2.13165075E-05 -2.664563438E-05
353.8 2.134562842E-05 -2.668203552E-05
354 2.1374829E-05 -8.015560876E-05
354.2 2.140410959E-05 -5.351027397E-05
354.4 1.071673525E-05 -5.358367627E-05
354.6 2.146291209E-05 -2.682864011E-05
354.8 2.149243466E-05 -5.544051755E-20
355 2.152203857E-05 -5.380509642E-05
355.2 2.155172414E-05 -2.693965517E-05
355.4 2.158149171E-05 2.697686464E-05
355.6 2.161134163E-05 -2.701417704E-05
355.8 2.164127424E-05 -5.41031856E-05
356 2.167128988E-05 -2.708911234E-05
356.2 2.170138889E-05 -5.425347222E-05
356.4 2.173157163E-05 -5.432892907E-05
356.6 2.176183844E-05 -2.647489111E-21
356.8 1.089609484E-05 1.667876071E-20
357 1.091131285E-05 -2.727828212E-05
357.2 1.092657343E-05 5.463286713E-05
357.4 1.094187675E-05 3.951771751E-21
357.6 1.0957223E-05 -8.217917251E-05
357.8 1.097261236E-05 -0.0001097261236
358 1.098804501E-05 -5.494022504E-05
358.2 0 9.344546399E-20
358.4 0 -1.505436383E-21
358.6 0 -2.75865113E-05
358.8 0 -8.287659123E-05
359 0 -2.766466006E-05
359.2 0 -4.005203313E-20
359.4 0 2.198401632E-20
359.6 0 2.778271693E-05
359.8 0 2.782229345E-05
360 0 -4.431067961E-21
360.2 0 -1.128528419E-20
360.4 0 2.794170243E-05
360.6 0 2.798173352E-05
360.8 0 6.47775819E-21
361 0 -2.80621408E-05
361.2 0 -3.806495171E-20
361.4 0 2.814301153E-05
361.6 0 -2.358881909E-20
361.8 0 5.644869942E-05
362 0 -4.269353477E-20
362.2 0 -2.830615942E-05
362.4 0 1.397907656E-20
362.6 0 -2.838844477E-05
362.8 0 2.84297671E-05
363 0 -1.744157706E-20
363.2 0 -2.851277372E-05
363.4 0 -3.695805246E-20
363.6 0 -1.09959625E-19
363.8 0 1.099758741E-20
364 0 2.868024963E-05
364.2 0 8.616727941E-05
364.4 0 2.876472754E-05
364.6 0 3.232402988E-20
364.8 0 2.884970458E-05
365 0 2.889238166E-05
365.2 0 2.893518519E-05
365.4 0 -2.897811573E-05
365.6 0 2.902117385E-05
365.8 0 0.0001162574405
366 0 -2.910767511E-05
366.2 0 -5.830223881E-05
366.4 0 5.838938714E-05
366.6 0 -1.142713196E-20
366.8 0 -0.0001171289355
367 0 -5.86524024E-05
367.2 0 2.937030075E-05
367.4 0 4.586348877E-20
367.6 0 8.837669683E-05
367.8 0 0.0001180135952
368 0 5.909606657E-05
368.2 0 2.959280303E-05
368.4 0 2.963770865E-05
368.6 0 5.936550152E-05
368.8 0 2.972792998E-05
369 0 5.95464939E-05
369.2 0 5.963740458E-05
369.4 0 2.986429664E-05
369.6 0 2.991003063E-05
369.8 0 -2.995590491E-05
370 0 -3.000192012E-05
370.2 0 -3.004807692E-05
370.4 0 -3.009437596E-05
370.6 0 2.304323135E-20
370.8 0 -3.01874034E-05
371 0 -3.023413313E-05
371.2 0 5.328150954E-20
371.4 0 1.050334653E-19
371.6 0 3.03751944E-05
371.8 0 6.084501558E-05
372 0 3.04699688E-05
372.2 0 3.051757812E-05
372.4 0 -2.270531879E-20
372.6 0 -9.183973354E-05
372.8 0 -6.132260597E-05
373 0 -3.070951258E-05
373.2 0 -9.227362205E-05
373.4 0 -6.161277603E-05
373.6 0 -2.851240413E-20
373.8 0 -6.180775316E-05
374 0 -0.0001238114105
374.2 0 -3.100198413E-05
374.4 0 1.104847248E-20
374.6 0 -2.084365354E-20
374.8 0 -2.757435951E-20
375 0 -3.120007987E-05
375.2 0 9.279877268E-21
375.4 0 -1.232160052E-20
375.6 0 3.135032103E-05
375.8 0 -3.140072347E-05
376 0 -3.145128824E-05
376.2 0 6.300403226E-05
376.4 0 7.67555244E-20
376.6 0 -4.573564051E-20
376.8 0 3.165518639E-05
377 0 2.986378538E-20
377.2 0 3.175813008E-05
377.4 0 3.180985342E-05
377.6 0 5.375580765E-20
377.8 0 5.027646575E-22
378 0 -3.196603928E-05
378.2 0 -3.201844262E-05
378.4 0 -2.261745305E-20
378.6 0 -4.431093036E-20
378.8 0 -3.217668863E-05
379 0 -3.222978548E-05
379.2 0 3.228305785E-05
379.4 0 -6.122652446E-20
379.6 0 -9.717039801E-05
379.8 0 -9.733181063E-05
380 0 -4.824748819E-20
380.2 0 -3.255208333E-05
380.4 0 -9.781928214E-05
380.6 0 -6.532190635E-05
380.8 0 -6.543132328E-05
381 0 -1.550502194E-20
381.2 0 3.282563025E-05
381.4 0 -3.288089226E-05
381.6 0 3.293634064E-05
381.8 0 6.59839527E-05
382 0 -4.722318267E-21
382.2 0 -7.996783146E-20
382.4 0 -4.239990482E-20
382.6 0 -2.924870288E-20
382.8 0 3.32729983E-05
383 0 2.800247572E-20
383.2 0 -3.338675214E-05
383.4 0 -3.344392123E-05
383.6 0 -3.350128645E-05
383.8 0 2.003257662E-20
384 0 3.500083934E-20
384.2 0 -1.692792849E-19
384.4 0 -7.714681502E-20
384.6 0 -2.5530111E-20
384.8 0 3.384965338E-05
385 0 -4.246385342E-20
385.2 0 -3.39673913E-05
385.4 0 -1.674760288E-20
385.6 0 8.523824558E-20
385.8 0 -4.623140417E-20
386 0 3.420534151E-05
386.2 0 7.448800607E-20
386.4 0 -6.865114236E-05
386.6 0 -3.438600352E-05
386.8 0 3.444664903E-05
387 0 3.450750883E-05
387.2 0 1.711887182E-20
387.4 0 3.080634715E-20
387.6 0 -3.469138544E-05
387.8 0 -3.475311388E-05
388 0 1.021044347E-19
388.2 0 3.625293699E-20
388.4 0 3.201460112E-21
388.6 0 3.743074114E-20
388.8 0 4.971439124E-20
389 0 3.512814748E-05
389.2 0 5.641749371E-21
389.4 0 4.315466763E-21
389.6 0 -2.337654302E-22
389.8 0 6.161115742E-20
390 0 1.024369145E-19
390.2 0 1.03251398E-19
390.4 0 5.975915684E-20
390.6 0 -3.564096715E-05
390.8 0 4.873870797E-21
391 0 5.045501233E-20
391.2 0 4.351200181E-20
391.4 0 -4.147719027E-24
391.6 0 3.596915285E-05
391.8 0 -3.206998302E-20
392 0 7.62169854E-21
392.2 0 3.982876117E-20
392.4 0 -3.623608534E-05
392.6 0 1.271934523E-20
392.8 0 1.364405445E-20
393 0 7.15288811E-20
393.2 0 5.427959529E-20
393.4 0 7.606435618E-20
393.6 0 3.416096332E-20
393.8 0 8.796309978E-21
394 0 1.773236409E-20
394.2 0 3.685141509E-05
394.4 0 -3.169775992E-20
394.6 0 -3.699100379E-05
394.8 0 -2.394528388E-20
395 0 -3.416820208E-20
395.2 0 2.403988972E-20
395.4 0 3.727337786E-05
395.6 0 5.154614724E-20
395.8 0 2.39022004E-20
396 0 3.748800384E-05
396.2 0 -3.756009615E-05
396.4 0 -3.763246628E-05
396.6 0 -8.696113481E-20
396.8 0 3.777804642E-05
397 0 1.505318032E-19
397.2 0 -3.792475728E-05
397.4 0 -6.623958553E-20
397.6 0 2.469348913E-20
397.8 0 5.762698925E-20
398 0 -8.123337629E-21
398.2 0 5.198914527E-21
398.4 0 -1.66509159E-20
398.6 0 -6.23365859E-20
398.8 0 1.885380828E-20
399 0 -4.914178265E-20
399.2 0 -5.542320782E-21
399.4 0 1.665330003E-19
399.6 0 7.439855061E-20
399.8 0 -4.354179412E-20
400 0 9.67097072E-20
400.2 0 2.775217447E-20
400.4 0 -1.810460852E-20
400.6 0 3.921937751E-05
400.8 0 6.527050282E-20
401 0 -3.937752016E-05
401.2 0 -2.943819363E-20
401.4 0 -1.024446032E-19
401.6 0 3.961713996E-05
401.8 0 -2.51492245E-20
402 0 -3.977851324E-05
402.2 0 -8.308063673E-20
402.4 0 1.733400197E-20
402.6 0 -1.980269171E-20
402.8 0 1.199780285E-20
403 0 -2.249911104E-20
403.2 0 2.294936853E-20
403.4 0 4.010558482E-20
403.6 0 9.287280645E-20
403.8 0 8.949374479E-20
404 0 3.626590656E-20
404.2 0 -2.523775655E-20
404.4 0 -3.097161276E-20
404.6 0 -7.558939617E-21
404.8 0 -3.880473474E-20
405 0 3.92407804E-20
405.2 0 -6.170273615E-20
405.4 0 -4.515970398E-20
405.6 0 -1.540049174E-20
405.8 0 -4.130444166E-20
406 0 4.146762208E-05
406.2 0 4.155585106E-05
406.4 0 4.164445629E-05
406.6 0 0.0001252003205
406.8 0 8.84232332E-21
407 0 -8.38251073E-05
407.2 0 4.200268817E-05
407.4 0 2.279112338E-20
407.6 0 -8.436825054E-05
407.8 0 -4.22754329E-05
408 0 -1.297229161E-19
408.2 0 -1.020136009E-19
408.4 0 4.255174292E-05
408.6 0 8.528930131E-05
408.8 0 -7.472505372E-21
409 3.426535088E-05 -4.28316886E-05
409.2 3.434065934E-05 8.585164835E-05
409.4 1.720814978E-05 4.302037445E-05
409.6 3.449227373E-05 -0.0001293460265
409.8 3.456858407E-05 -4.321073009E-05
410 1.732261641E-05 4.330654102E-05
410.2 1.736111111E-05 -4.340277778E-05
410.4 1.739977728E-05 -4.349944321E-05
410.6 1.743861607E-05 3.344749538E-21
410.8 1.747762864E-05 -1.009296098E-19
411 1.751681614E-05 -1.336950679E-20
411.2 1.755617978E-05 -2.941675464E-20
411.4 1.759572072E-05 -7.090970606E-20
411.6 1.763544018E-05 -2.151285613E-20
411.8 1.767533937E-05 -4.640170324E-20
412 1.77154195E-05 -7.508559753E-20
412.2 1.775568182E-05 -5.305060737E-20
412.4 1.779612756E-05 -1.627114556E-20
412.6 0 4.459189498E-05
412.8 0 4.469393593E-05
413 0 -5.991089033E-20
413.2 0 -6.212150004E-20
413.4 0 -6.17673902E-20
413.6 0 -5.385111497E-20
413.8 0 3.097110244E-20
414 0 2.458782575E-20
414.2 0 -9.803974836E-20
414.4 0 -4.323420357E-20
414.6 0 1.155314279E-21
414.8 0 7.555096045E-20
415 0 5.390969274E-20
415.2 0 4.595588235E-05
415.4 0 9.212853774E-05
415.6 0 9.23463357E-05
415.8 0 4.628258294E-05
416 0 -1.549875737E-19
416.2 0 1.446067909E-20
416.4 0 4.661396181E-05
416.6 0 4.672547847E-05
416.8 0 9.367505995E-05
417 0 0.0001878004808
417.2 0 0.000141189759
417.4 0 4.717693237E-05
417.6 0 4.729116223E-05
417.8 0 0.0001896237864
418 0 0.0001425638686
418.2 0 -6.222995663E-20
418.4 0 0.0001432610024
418.6 0 0.0001436121324
418.8 0 4.798832924E-05
419 0 9.621305419E-05
419.2 0 9.645061728E-05
419.4 0 9.668935644E-05
419.6 0 -3.078292865E-20
419.8 0 -1.002840896E-20
420 0 9.74127182E-05
420.2 0 9.765625E-05
420.4 0 4.895050125E-05
420.6 0 8.307436433E-20
420.8 0 -1.249674779E-20
421 0 -1.104224687E-20
421.2 0 -8.188666085E-20
421.4 0 6.011287541E-20
421.6 0 -2.522704457E-20
421.8 0 -5.346308437E-21
422 0 -7.008781079E-20
422.2 0 4.095353794E-20
422.4 0 3.355503799E-20
422.6 0 3.308545833E-21
422.8 0 2.934446808E-20
423 0 -5.059909326E-05
423.2 0 -5.073051948E-05
423.4 0 -5.086263021E-05
423.6 0 -3.842334832E-21
423.8 0 5.11289267E-05
424 0 -7.665006915E-20
424.2 0 -5.139802632E-05
424.4 0 -0.0001030672823
424.6 0 -5.166997354E-05
424.8 0 -1.285059548E-19
425 0 1.399306894E-20
425.2 0 5.208333333E-05
425.4 0 0.0001044451872
425.6 0 -5.236260054E-05
425.8 0 -0.0001575100806
426 0 -0.0001052897574
426.2 0 -5.278716216E-05
426.4 0 5.29302168E-05
426.6 0 -5.305326462E-20
426.8 0 -0.0001064373297
427 0 -5.336407104E-05
427.2 0 -5.351027397E-05
427.4 0 -5.365728022E-05
427.6 0 5.380509642E-05
427.8 0 -0.0001079074586
428 0 -0.0001082063712
428.2 0 2.681444673E-20
428.4 2.176183844E-05 -0.0001088091922
428.6 2.18226257E-05 -4.996197763E-20
428.8 0 3.985569159E-20
429 0 -0.0001097261236
429.2 0 -5.501760563E-05
429.4 0 5.51730226E-05
429.6 0 5.532932011E-05
429.8 0 -6.510558785E-20
430 0 -2.688001622E-20
430.2 0 5.580357143E-05
430.4 0 5.596346705E-05
430.6 0 5.612428161E-05
430.8 0 5.628602305E-05
431 0 -7.940924893E-21
431.2 4.528985507E-05 1.885379892E-20
431.4 4.542151163E-05 -2.434903043E-20
431.6 4.555393586E-05 3.432681937E-20
431.8 4.56871345E-05 5.710891813E-05
432 4.582111437E-05 -5.727639296E-05
432.2 4.595588235E-05 -6.983313903E-20
432.4 4.609144543E-05 5.761430678E-05
432.6 4.622781065E-05 -0.0001155695266
432.8 4.636498516E-05 -3.629186601E-20
433 2.32514881E-05 5.812872024E-05
433.2 2.332089552E-05 2.985440241E-20
433.4 4.678143713E-05 5.847679641E-05
433.6 4.692192192E-05 5.86524024E-05
433.8 4.706325301E-05 3.738799603E-20
434 7.08081571E-05 5.900679758E-05
434.2 7.102272727E-05 5.918560606E-05
434.4 7.123860182E-05 5.936550152E-05
434.6 7.145579268E-05 5.95464939E-05
434.8 7.167431193E-05 5.972859327E-05
435 7.189417178E-05 5.991180982E-05
435.2 7.211538462E-05 -0.0001201923077
435.4 7.233796296E-05 -6.02816358E-05
435.6 7.25619195E-05 6.046826625E-05
435.8 4.852484472E-05 -0.0001213121118
436 9.735202492E-05 1.410228092E-19
436.2 9.765625E-05 0.0001220703125
436.4 9.796238245E-05 -0.0001224529781
436.6 9.827044025E-05 -0.0001228380503
436.8 7.393533123E-05 -6.161277603E-05
437 4.944620253E-05 1.210627341E-19
437.2 4.96031746E-05 0.0001240079365
437.4 4.97611465E-05 6.220143312E-05
437.6 4.99201278E-05 0.0001872004792
437.8 5.008012821E-05 0.000250400641
438 5.024115756E-05 -2.519991478E-20
438.2 5.040322581E-05 -6.300403226E-05
438.4 5.056634304E-05 9.427787558E-20
438.6 5.073051948E-05 6.341314935E-05
438.8 7.634364821E-05 6.361970684E-05
439 0.000102124183 -0.0001276552288
439.2 0.0001280737705 -2.881718002E-21
439.4 0.0001541940789 -7.822010868E-21
439.6 0.0001547029703 -0.0001933787129
439.8 0.0001810844371 6.467301325E-05
440 0.000207641196 0.0001297757475
440.2 0.000234375 -0.0001953125
440.4 0.0002612876254 -0.0001306438127
440.6 0.0002621644295 -6.554110738E-05
440.8 0.0002893518519 -6.576178451E-05
441 0.000316722973 0.0001319679054
441.2 0.000344279661 2.968867795E-20
441.4 0.0003720238095 -6.643282313E-05
441.6 0.0003999573379 2.804968506E-21
441.8 0.0004280821918 -1.043324042E-19
442 0.0004564003436 -3.335584056E-20
442.2 0.0004849137931 3.974388704E-20
442.4 0.0005136245675 4.22028982E-21
442.6 0.0005425347222 -1.735774775E-19
442.8 0.0005716463415 -6.805313589E-05
443 0.0006009615385 -6.829108392E-05
443.2 0.0006304824561 -6.853070175E-05
443.4 0.0006602112676 -0.0001375440141
443.6 0.0006901501767 -6.901501767E-05
443.8 0.0007203014184 6.925975177E-05
444 0.0007228647687 6.950622776E-05
444.2 0.0007533482143 -6.975446429E-05
444.4 0.0007560483871 -7.000448029E-05
444.6 0.0007587679856 -1.016360959E-19
444.8 0.0007615072202 -7.674166233E-20
445 0.0007642663043 1.734714673E-19
445.2 0.0007670454545 -6.892622018E-21
445.4 0.0007698448905 6.309150616E-20
445.6 0.0007726648352 2.281029287E-20
445.8 0.0007755055147 -1.656349276E-19
446 0.000807195572 -2.190517423E-19
446.2 0.0008101851852 7.265666665E-20
446.4 0.000813197026 -2.210520712E-20
446.6 0.0008162313433 7.287779851E-05
446.8 0.0007900280899 7.315074906E-05
447 0.0007636278195 7.342575188E-05
447.2 0.0007370283019 -3.390900167E-20
447.4 0.0007102272727 -7.398200758E-05
447.6 0.0006832224335 7.426330798E-05
447.8 0.0006560114504 7.454675573E-05
448 0.000628591954 1.103728755E-19
448.2 0.0006009615385 2.472088467E-19
448.4 0.0005731177606 -7.541023166E-05
448.6 0.0005753391473 -7.570251938E-05
448.8 0.000577577821 7.599708171E-05
449 0.0005798339844 0.0001525878906
449.2 0.0005821078431 -8.438427005E-20
449.4 0.0005843996063 -7.689468504E-05
449.6 0.0005867094862 -4.91572894E-20
449.8 0.0005890376984 -2.392315229E-20
450 0.0005913844622 7.861805861E-20
450.2 0.00059375 -7.8125E-05
450.4 0.0005961345382 -3.774910262E-20
450.6 0.0005670362903 7.875504032E-05
450.8 0.0005693319838 2.468833295E-19
451 0.0005716463415 2.361842136E-19
451.2 0.0005739795918 9.136472751E-20
451.4 0.0005763319672 -8.329016728E-20
451.6 0.0005787037037 7.146512701E-20
451.8 0.0005810950413 1.052247937E-21
452 0.0005835062241 -8.104253112E-05
452.2 0.0005859375 -0.0001627604167
452.4 0.0006210774059 -0.0001634414226
452.6 0.000656512605 -8.206407563E-05
452.8 0.0006922468354 -5.0293337E-20
453 0.0006951800847 8.741891304E-20
453.2 0.0007313829787 1.189500513E-19
453.4 0.0007678952991 8.346688034E-05
453.6 0.00080472103 8.38251073E-05
453.8 0.0008418642241 2.772252765E-19
454 0.0008793290043 -0.0001691017316
454.2 0.0009171195652 -0.0001698369565
454.4 0.0009211244541 1.104994125E-19
454.6 0.0009251644737 1.22743266E-19
454.8 0.0009292400881 8.689307748E-21
455 0.0009333517699 -1.476437142E-19
455.2 0.0009375 3.0093067E-20
455.4 0.0009416852679 -9.628728254E-20
455.6 0.0009459080717 -9.084389282E-20
455.8 0.0009149774775 3.670816702E-20
456 0.0008837669683 -1.549780182E-19
456.2 0.0008522727273 -2.570993075E-20
456.4 0.0008204908676 2.971170969E-19
456.6 0.0007884174312 -6.342136392E-20
456.8 0.0007560483871 -8.367307972E-20
457 0.0007233796296 1.378767873E-19
457.2 0.0006904069767 -1.862947873E-20
457.4 0.0006571261682 -1.829059875E-20
457.6 0.0006602112676 -1.01135966E-19
457.8 0.0006264740566 -1.21272743E-19
458 0.0005924170616 -1.347949987E-21
458.2 0.0005580357143 -7.328724722E-20
458.4 0.0005233253589 7.335096409E-20
458.6 0.00048828125 -1.556651485E-19
458.8 0.0004528985507 -1.090833623E-20
459 0.0004171723301 9.338232936E-20
459.2 0.000381097561 9.774450274E-20
459.4 0.0003446691176 1.775232296E-19
459.6 0.0003078817734 1.959420547E-19
459.8 0.000270730198 4.084248809E-20
460 0.0002332089552 1.642463964E-19
460.2 0.0001953125 2.230440853E-19
460.4 0.0001570351759 1.014992433E-19
460.6 0.0001183712121 2.149879478E-19
460.8 7.931472081E-05 2.787457122E-19
461 3.985969388E-05 2.681846545E-19
461.2 0 4.122970547E-20
461.4 0 6.993770106E-20
461.6 0 3.83119612E-20
461.8 0 -1.017235092E-19
462 0 1.957683038E-19
462.2 0 1.466664065E-19
462.4 0 1.960076002E-20
462.6 0 2.154808677E-19
462.8 0 -9.54116246E-20
463 0 1.013949411E-19
463.2 0 2.575678417E-19
463.4 0 1.566309242E-20
463.6 0 -7.507717208E-20
463.8 0 3.822253842E-19
464 0 2.037858715E-19
464.2 0 -8.420865374E-20
464.4 0 0.0001091131285
464.6 0 8.774660059E-20
464.8 0 -0.0001103460452
465 0 -2.458582897E-20
465.2 0 0.0001116071429
465.4 0 8.68230553E-20
465.6 0 5.385406366E-20
465.8 0 1.909465862E-19
466 0 -0.0001142178363
466.2 0 2.242697493E-19
466.4 0 7.226958655E-20
466.6 0 -7.522935342E-20
466.8 0 -7.806549052E-20
467 0 8.764881545E-20
467.2 0 -4.036863534E-20
467.4 0 -7.00626247E-20
467.6 0 2.149981096E-20
467.8 0 -5.964911664E-22
468 0 -1.004825619E-19
468.2 0 -5.888608129E-20
468.4 0 6.445862087E-20
468.6 0 6.047529309E-20
468.8 0 1.872078752E-19
469 0 6.149745779E-20
469.2 0 -1.10160992E-19
469.4 0 2.495295132E-20
469.6 0 0.0001276552288
469.8 0 0.0002569901316
470 0 0.0001293460265
470.2 0 0.0001302083333
470.4 0 0.0002621644295
470.6 0 0.0001319679054
470.8 0 4.166295385E-19
471 0 -0.0001337756849
471.2 0 -0.0001346982759
471.4 0 0.0001356336806
471.6 0 -0.0001365821678
471.8 0 -0.0002750880282
472 0 0.0002770390071
472.2 0 0.0001395089286
472.4 0 -0.0001405125899
472.6 0 0.0001415307971
472.8 0 0.0001425638686
473 0 -6.447390701E-20
473.2 0 3.053596158E-19
473.4 0 2.067391593E-19
473.6 0 -0.0001468515038
473.8 0 -0.0002959280303
474 0 -0.0001490935115
474.2 0 -0.0001502403846
474.4 0 -0.0003028100775
474.6 0 -0.0001525878906
474.8 0 -1.370945324E-19
475 0 2.646403034E-19
475.2 0 -1.196511067E-19
475.4 0 -1.241352479E-19
475.6 0 -1.333504452E-19
475.8 0 -1.309529175E-19
476 0 -1.524269474E-19
476.2 0 -3.336009247E-20
476.4 0 -2.116321015E-19
476.6 0 -2.575910424E-19
476.8 0 -1.024897406E-20
477 0 2.083126882E-19
477.2 0 7.386537083E-20
477.4 0 -1.254985856E-19
477.6 0 3.733310632E-19
477.8 0 3.293937664E-19
478 0 1.662497411E-19
478.2 0 -6.984640777E-20
478.4 0 7.709740791E-20
478.6 0 3.841415737E-19
478.8 0 3.915966995E-19
479 0 2.919253642E-19
479.2 0 -5.402831403E-20
479.4 0 2.500259577E-19
479.6 0 3.328123581E-19
479.8 0 3.779606495E-21
480 0 5.995150839E-20
480.2 0 4.957740155E-19
480.4 0 4.553102163E-20
480.6 0 4.25495197E-19
480.8 0 2.510546578E-19
481 0 3.116743637E-20
481.2 0 3.647480384E-19
481.4 0 2.228032561E-20
481.6 0 6.868029049E-20
481.8 0 2.400331998E-19
482 0 5.313645553E-19
482.2 0 5.516398185E-19
482.4 0 -3.28170254E-20
482.6 0 1.905287184E-19
482.8 0 3.566139527E-19
483 0 2.103579895E-19
483.2 0 1.949469076E-19
483.4 0 1.949033471E-19
483.6 0 1.176698608E-19
483.8 0 1.139364039E-19
484 0 3.068097381E-19
484.2 0 5.28337555E-19
484.4 0 -5.276577759E-20
484.6 0 -3.00881276E-20
484.8 0 7.06010554E-19
485 0 8.398998457E-19
485.2 0 8.228764077E-19
485.4 0 5.472665422E-19
485.6 0 5.787172044E-19
485.8 0 3.553823932E-19
486 0 2.463153727E-20
486.2 0 3.891010165E-19
486.4 0 7.367263338E-19
486.6 0 1.177700429E-18
486.8 0 2.26514264E-19
487 0 6.212656087E-19
487.2 0 6.173233098E-19
487.4 0 -2.74797517E-19
487.6 0 5.821977132E-20
487.8 0 3.773823171E-19
488 0 5.83867128E-19
488.2 0 1.097624499E-19
488.4 0 7.779046822E-19
488.6 0 4.975616849E-19
488.8 0 -4.506829981E-20
489 0 -1.729804927E-20
489.2 0 1.15958648E-19
489.4 0 1.169327332E-18
489.6 0 5.021162312E-19
489.8 0 2.070078653E-19
490 0 -6.068818019E-19
490.2 0 8.02930199E-19
490.4 0 1.856190461E-19
490.6 0 1.062899982E-19
490.8 0 3.930304171E-19
491 0 7.11443403E-19
491.2 0 1.105656839E-18
491.4 0 5.904899874E-19
491.6 0 5.755189802E-19
491.8 0 1.415774189E-18
492 0 8.931178035E-19
492.2 0 2.444682152E-19
492.4 0 2.70027631E-19
492.6 0 8.62071329E-19
492.8 0 7.321688376E-19
493 0 -1.088610173E-18
493.2 0 7.674872907E-19
493.4 0 8.74241282E-19
493.6 0 -1.538828559E-18
493.8 0 -3.388831622E-19
494 0 4.272777289E-19
494.2 0 2.652400259E-18
494.4 0 1.20448869E-18
494.6 0 8.229551758E-19
494.8 0 1.508714395E-18
495 0 7.440043193E-19
495.2 0 2.979789573E-19
495.4 0 5.092709408E-19
495.6 0 -1.40337382E-19
495.8 0 8.325065761E-19
496 0 6.138964714E-19
496.2 0 -1.037863985E-18
496.4 0 -7.735415386E-19
496.6 0 -3.28454939E-18
496.8 0 -1.248757816E-18
497 0 -6.702419108E-19
497.2 0 1.358478035E-18
497.4 0 2.894773294E-18
497.6 0 1.150814068E-18
497.8 0 -3.766161877E-18
498 0 4.701217975E-19
498.2 0 4.913689991E-18
498.4 0 -3.474201494E-18
498.6 0 -2.650344929E-18
498.8 0 3.442177846E-18
499 0 -1.087892282E-19
499.2 0 8.437690175E-19
499.4 0 5.117097771E-18
499.6 0 1.976842513E-17
499.8 0 -6.925329059E-18
500 0 -7.036569793E-19
