0 0.007232767233 0.0001798201798
0.2 0.005904 0.00216
0.4 0.005421421421 0.0003403403403
0.6 0.005058116232 0.0001603206413
0.8 0.004710130391 0.000220661986
1 0.004417670683 0.000140562249
1.2 0.004100502513 0.0002412060302
1.4 0.003798792757 0.00046277666
1.6 0.003512588117 0.0004028197382
1.8 0.00325 0.0004435483871
2 0.002962663976 0.0002421796165
2.2 0.00277979798 0.0001212121212
2.4 0.002539939333 0.0003235591507
2.6 0.00236437247 0.0001821862348
2.8 0.002147922999 -0
3 0.001987829615 -2.028397566E-05
3.2 0.001859898477 0.0001015228426
3.4 0.001699186992 8.130081301E-05
3.6 0.001603255341 -0.0001424211597
3.8 0.001539714868 -0
4 0.001476044852 4.077471967E-05
4.2 0.001395918367 -0.0002244897959
4.4 0.001331971399 -0.0002042900919
4.6 0.001251533742 -0.0001840490798
4.8 0.001211873081 -0.000307062436
5 0.001155737705 -0.0002459016393
5.2 0.001083076923 -0.0002051282051
5.4 0.001051334702 -0.0002464065708
5.6 0.001011305242 -0.0001849948613
5.8 0.0009711934156 -0.0002880658436
6 0.0009392378991 -0.0001441812564
6.2 0.0008577319588 -0.0001237113402
6.4 0.0008255933953 -0.0002889576883
6.6 0.0008099173554 -0.0002066115702
6.8 0.0007776628749 -0.0002275077559
7 0.0007784679089 -0.0001449275362
7.2 0.0007544041451 -0.000103626943
7.4 0.0007136929461 -0.0001452282158
7.6 0.0006978193146 -0.0002076843198
7.8 0.0006735966736 -4.158004158E-05
8 0.0006493236212 0.0001456815817
8.2 0.0006 -2.083333333E-05
8.4 0.00056725756 -0.0001459854015
8.6 0.0005511482255 -4.175365344E-05
8.8 0.000526645768 4.179728318E-05
9 0.000510460251 6.276150628E-05
9.2 0.0004942408377 -0.0001047120419
9.4 0.0004696016771 -0.0001048218029
9.6 0.000444910808 4.197271773E-05
9.8 0.0004201680672 -8.403361345E-05
10 0.0003953732913 -2.103049422E-05
10.2 0.0003957894737 -0
10.4 0.0003793466807 -0
10.6 0.0003713080169 -0
10.8 0.0003632523759 -0.0001900739176
11 0.000355179704 -0.0002748414376
11.2 0.0003470899471 -4.232804233E-05
11.4 0.0003389830508 -0
11.6 0.0003223753977 -6.362672322E-05
11.8 0.0003142250531 -2.123142251E-05
12 0.0003060573858 -4.250797024E-05
12.2 0.0002808510638 -6.382978723E-05
12.4 0.0002641107561 -0.0001064962726
12.6 0.0002473347548 -6.396588486E-05
12.8 0.0002475987193 4.268943436E-05
13 0.0002307692308 -2.136752137E-05
13.2 0.0002053475936 -0.000128342246
13.4 0.0001713062099 -4.282655246E-05
13.6 0.0001714898178 4.287245445E-05
13.8 0.0001716738197 6.43776824E-05
14 0.0001632653061 -0
14.2 0.0001548387097 -8.602150538E-05
14.4 0.0001377825619 -0.0001506996771
14.6 0.0001379310345 -0.000150862069
14.8 0.000120819849 -0.0001078748652
15 0.0001295896328 -0.0001295896328
15.2 0.0001210810811 -0.0001081081081
15.4 0.0001212121212 -0.0001298701299
15.6 0.0001213434453 -0.000173347779
15.8 0.0001301518438 -0.0001084598698
16 0.0001302931596 2.17155266E-05
16.2 0.000147826087 8.695652174E-05
16.4 0.0001479869423 4.352557127E-05
16.6 0.0001481481481 -0
16.8 0.0001570338059 -6.543075245E-05
17 0.0001659388646 -0
17.2 0.000174863388 -6.557377049E-05
17.4 0.0001838074398 -6.564551422E-05
17.6 0.0001927710843 -2.190580504E-05
17.8 0.000201754386 -0.0001315789474
18 0.0002107574094 -4.390779363E-05
18.2 0.000210989011 -4.395604396E-05
18.4 0.0002112211221 -0.0001100110011
18.6 0.0002290748899 -6.607929515E-05
18.8 0.0002205071665 -0
19 0.0002207505519 -4.415011038E-05
19.2 0.0002121546961 -0.0001104972376
19.4 0.0002123893805 -8.849557522E-05
19.6 0.0001860465116 -4.429678848E-05
19.8 0.000177383592 -8.869179601E-05
20 0.0001775804661 -0.0001331853496
20.2 0.0001688888889 -8.888888889E-05
20.4 0.0001512791991 -4.449388209E-05
20.6 0.0001247216036 -0
20.8 0.0001070234114 -2.229654404E-05
21 8.928571429E-05 -4.464285714E-05
21.2 7.150837989E-05 -2.234636872E-05
21.4 5.369127517E-05 -4.474272931E-05
21.6 3.583426652E-05 -4.479283315E-05
21.8 1.793721973E-05 -6.726457399E-05
22 1.795735129E-05 2.244668911E-05
22.2 8.988764045E-06 6.741573034E-05
22.4 0 4.49943757E-05
22.6 0 6.756756757E-05
22.8 9.019165727E-06 4.509582864E-05
23 1.805869074E-05 2.257336343E-05
23.2 2.711864407E-05 2.259887006E-05
23.4 2.714932127E-05 -2.262443439E-05
23.6 2.718006795E-05 4.530011325E-05
23.8 3.628117914E-05 0.0001814058957
24 3.632236095E-05 0.000113507378
24.2 3.636363636E-05 4.545454545E-05
24.4 4.550625711E-05 0.0001137656428
24.6 3.644646925E-05 9.111617312E-05
24.8 5.473204105E-05 2.28050171E-05
25 7.305936073E-05 -0
25.2 9.142857143E-05 4.571428571E-05
25.4 0.0001006864989 6.864988558E-05
25.6 0.0001191294387 2.290950745E-05
25.8 0.0001376146789 9.174311927E-05
26 0.0001561423651 9.184845006E-05
26.2 0.0001747126437 4.597701149E-05
26.4 0.0001933256617 6.904487917E-05
26.6 0.0002119815668 6.912442396E-05
26.8 0.0002214532872 4.61361015E-05
27 0.0002401847575 2.309468822E-05
27.2 0.0002589595376 -0
27.4 0.0002685185185 6.944444444E-05
27.6 0.000268829664 0.0001158748552
27.8 0.0002598607889 2.320185615E-05
28 0.0002694541231 -2.322880372E-05
28.2 0.0002697674419 -2.325581395E-05
28.4 0.0002793946449 -4.656577416E-05
28.6 0.0002703962704 -0
28.8 0.0002707117853 4.667444574E-05
29 0.0002803738318 4.672897196E-05
29.2 0.0002807017544 7.01754386E-05
29.4 0.000281030445 7.025761124E-05
29.6 0.0002719812427 -0
29.8 0.0002723004695 2.34741784E-05
30 0.0002632197415 2.350176263E-05
30.2 0.0002729411765 -0
30.4 0.000273262662 -2.355712603E-05
30.6 0.0002735849057 -7.075471698E-05
30.8 0.0002739079103 -2.361275089E-05
31 0.0002742316785 2.364066194E-05
31.2 0.000274556213 2.366863905E-05
31.4 0.0002748815166 -2.369668246E-05
31.6 0.000265717675 -0
31.8 0.0002470308789 4.750593824E-05
32 0.0002378121284 -2.378121284E-05
32.2 0.0002380952381 -0.000119047619
32.4 0.0002288438617 -7.151370679E-05
32.6 0.000200477327 2.386634845E-05
32.8 0.0001911589008 2.38948626E-05
33 0.0001818181818 -0
33.2 0.0001724550898 -2.395209581E-05
33.4 0.0001630695444 -4.79616307E-05
33.6 0.000144057623 -4.801920768E-05
33.8 0.0001346153846 -0.0001201923077
34 0.0001251504212 -4.813477738E-05
34.2 0.0001156626506 7.228915663E-05
34.4 0.0001061519903 -2.412545235E-05
34.6 0.0001062801932 -0.0001207729469
34.8 0.0001160822249 -0.0001209189843
35 0.0001162227603 -7.263922518E-05
35.2 0.0001163636364 -7.272727273E-05
35.4 0.0001359223301 -0.0001699029126
35.6 0.0001555285541 -0.0002187120292
35.8 0.0001849148418 -0.0001459854015
36 0.0001948842875 -0.0001705237515
36.2 0.0002048780488 -0.0001707317073
36.4 0.0002148962149 -2.442002442E-05
36.6 0.0002249388753 -7.334963325E-05
36.8 0.00023500612 -4.895960832E-05
37 0.0002450980392 -0
37.2 0.000245398773 -0
37.4 0.0002358722359 4.914004914E-05
37.6 0.0002263222632 -0
37.8 0.0002167487685 -7.389162562E-05
38 0.0002268803946 -0.0001233045623
38.2 0.0002271604938 -9.87654321E-05
38.4 0.000217552534 -9.888751545E-05
38.6 0.0002178217822 -0
38.8 0.0002180916976 -0
39 0.0002183622829 -4.962779156E-05
39.2 0.0002186335404 -0
39.4 0.0002189054726 -0
39.6 0.0002092154421 4.98132005E-05
39.8 0.0001895261845 4.987531172E-05
40 0.0001797752809 2.496878901E-05
40.2 0.00017 7.5E-05
40.4 0.0001501877347 5.006257822E-05
40.6 0.0001403508772 -0
40.8 0.000130489335 -2.509410289E-05
41 0.0001105527638 2.512562814E-05
41.2 0.0001106918239 0.0001006289308
41.4 0.0001007556675 0.0001007556675
41.6 9.079445145E-05 7.566204288E-05
41.8 9.090909091E-05 0.000101010101
42 7.079646018E-05 2.528445006E-05
42.2 6.075949367E-05 -2.53164557E-05
42.4 7.097591888E-05 2.534854246E-05
42.6 7.106598985E-05 2.538071066E-05
42.8 6.099110546E-05 5.082592122E-05
43 5.089058524E-05 2.544529262E-05
43.2 4.076433121E-05 7.643312102E-05
43.4 3.06122449E-05 7.653061224E-05
43.6 2.043422733E-05 7.662835249E-05
43.8 1.023017903E-05 0.0001023017903
44 0 5.121638924E-05
44.2 0 2.564102564E-05
44.4 0 2.567394095E-05
44.6 0 -2.570694087E-05
44.8 0 -2.574002574E-05
45 0 2.577319588E-05
45.2 0 -2.580645161E-05
45.4 0 -0
45.6 0 2.587322122E-05
45.8 0 -7.772020725E-05
46 0 -0.0001297016861
46.2 0 -7.792207792E-05
46.4 0 -0.0001040312094
46.6 0 -7.8125E-05
46.8 0 -0
47 0 2.610966057E-05
47.2 1.045751634E-05 -0
47.4 1.047120419E-05 2.617801047E-05
47.6 0 2.621231979E-05
47.8 0 -0
48 0 -2.628120894E-05
48.2 0 -0
48.4 0 7.90513834E-05
48.6 1.055408971E-05 -2.638522427E-05
48.8 1.05680317E-05 2.642007926E-05
49 1.058201058E-05 2.645502646E-05
49.2 2.119205298E-05 -7.947019868E-05
49.4 3.183023873E-05 -5.305039788E-05
49.6 4.249667995E-05 -5.312084993E-05
49.8 5.319148936E-05 -2.659574468E-05
50 6.391478029E-05 -5.326231691E-05
50.2 7.466666667E-05 -2.666666667E-05
50.4 7.476635514E-05 8.010680908E-05
50.6 7.486631016E-05 2.673796791E-05
50.8 7.49665328E-05 2.677376171E-05
51 7.506702413E-05 -0
51.2 7.516778523E-05 -2.684563758E-05
51.4 7.52688172E-05 -0
51.6 7.537012113E-05 -0.0001076716016
51.8 7.547169811E-05 -0.0001347708895
52 7.557354926E-05 -8.097165992E-05
52.2 6.486486486E-05 -0.0001081081081
52.4 7.577807848E-05 -2.706359946E-05
52.6 7.588075881E-05 -5.420054201E-05
52.8 5.427408412E-05 -2.713704206E-05
53 5.434782609E-05 8.152173913E-05
53.2 3.265306122E-05 2.721088435E-05
53.4 2.179836512E-05 -0
53.6 1.091405184E-05 -5.457025921E-05
53.8 0 -2.732240437E-05
54 0 2.735978112E-05
54.2 0 5.479452055E-05
54.4 0 -0
54.6 0 -5.494505495E-05
54.8 0 -2.751031637E-05
55 0 -0
55.2 0 2.75862069E-05
55.4 0 8.287292818E-05
55.6 0 2.766251729E-05
55.8 0 -8.310249307E-05
56 0 -5.547850208E-05
56.2 0 2.777777778E-05
56.4 0 5.563282337E-05
56.6 0 -5.571030641E-05
56.8 0 -8.368200837E-05
57 0 -0
57.2 0 -0
57.4 0 -5.602240896E-05
57.6 0 -8.415147265E-05
57.8 0 -0
58 0 2.812939522E-05
58.2 0 -2.816901408E-05
58.4 0 -5.641748942E-05
58.6 0 -5.649717514E-05
58.8 0 -5.657708628E-05
59 0 -0
59.2 0 2.836879433E-05
59.4 0 -0
59.6 0 -2.844950213E-05
59.8 0 -0
60 0 -0
60.2 0 -2.857142857E-05
60.4 0 -5.722460658E-05
60.6 0 5.730659026E-05
60.8 0 5.738880918E-05
61 1.149425287E-05 -8.620689655E-05
61.2 0 -0
61.4 0 -0
61.6 0 -0
61.8 0 0.0001156069364
62 0 0.0001157742402
62.2 0 -0
62.4 1.161103048E-05 -5.805515239E-05
62.6 2.325581395E-05 -2.906976744E-05
62.8 3.493449782E-05 2.911208151E-05
63 3.498542274E-05 8.746355685E-05
63.2 3.503649635E-05 0.0001459854015
63.4 4.678362573E-05 0.0001169590643
63.6 4.685212299E-05 -0
63.8 3.519061584E-05 -2.93255132E-05
64 3.524229075E-05 -2.936857562E-05
64.2 4.705882353E-05 -8.823529412E-05
64.4 4.71281296E-05 -8.8365243E-05
64.6 4.719764012E-05 -0
64.8 3.545051699E-05 5.908419498E-05
65 2.366863905E-05 2.958579882E-05
65.2 1.185185185E-05 -0
65.4 1.18694362E-05 2.96735905E-05
65.6 1.188707281E-05 2.971768202E-05
65.8 2.380952381E-05 -2.976190476E-05
66 2.384500745E-05 -2.980625931E-05
66.2 2.388059701E-05 -5.970149254E-05
66.4 2.391629297E-05 -0.0001494768311
66.6 2.395209581E-05 -0
66.8 2.3988006E-05 8.995502249E-05
67 1.201201201E-05 -6.006006006E-05
67.2 2.406015038E-05 -3.007518797E-05
67.4 2.409638554E-05 -6.024096386E-05
67.6 2.413273002E-05 -9.049773756E-05
67.8 1.208459215E-05 -0
68 0 3.025718608E-05
68.2 0 -0
68.4 0 -6.069802731E-05
68.6 0 -6.079027356E-05
68.8 0 -6.088280061E-05
69 0 -9.146341463E-05
69.2 0 -6.106870229E-05
69.4 0 6.116207951E-05
69.6 0 3.062787136E-05
69.8 0 -3.067484663E-05
70 0 -0
70.2 0 -3.076923077E-05
70.4 0 -3.081664099E-05
70.6 0 6.172839506E-05
70.8 0 -0
71 1.238390093E-05 -3.095975232E-05
71.2 2.480620155E-05 -3.100775194E-05
71.4 2.48447205E-05 -6.211180124E-05
71.6 2.488335925E-05 3.110419907E-05
71.8 2.492211838E-05 3.115264798E-05
72 2.496099844E-05 6.24024961E-05
72.2 2.5E-05 3.125E-05
72.4 2.503912363E-05 -9.389671362E-05
72.6 2.507836991E-05 -0.0001253918495
72.8 2.51177394E-05 -3.139717425E-05
73 1.257861635E-05 6.289308176E-05
73.2 0 -3.149606299E-05
73.4 1.261829653E-05 -6.309148265E-05
73.6 2.52764613E-05 -0
73.8 2.53164557E-05 6.329113924E-05
74 2.535657686E-05 6.339144216E-05
74.2 2.53968254E-05 6.349206349E-05
74.4 2.543720191E-05 6.359300477E-05
74.6 2.547770701E-05 3.184713376E-05
74.8 2.551834131E-05 6.379585327E-05
75 2.555910543E-05 0.0001277955272
75.2 1.28E-05 3.2E-05
75.4 0 -0
75.6 0 3.210272873E-05
75.8 0 -6.430868167E-05
76 0 -0
76.2 0 9.677419355E-05
76.4 0 -3.231017771E-05
76.6 0 -6.472491909E-05
76.8 0 6.482982172E-05
77 0 6.493506494E-05
77.2 0 3.25203252E-05
77.4 0 6.51465798E-05
77.6 0 -0
77.8 0 -0.0001307189542
78 0 -0.0001963993453
78.2 0 -6.557377049E-05
78.4 0 6.568144499E-05
78.6 0 -0
78.8 0 -9.884678748E-05
79 0 -9.900990099E-05
79.2 0 -3.305785124E-05
79.4 0 -0.0001655629139
79.6 0 -0.0001658374793
79.8 0 -3.322259136E-05
80 0 -6.655574043E-05
80.2 0 -0.0001666666667
80.4 0 -3.338898164E-05
80.6 0 3.344481605E-05
80.8 0 -0
81 0 -0
81.2 0 3.361344538E-05
81.4 0 0.0001346801347
81.6 0 6.745362563E-05
81.8 0 -3.378378378E-05
82 0 6.768189509E-05
82.2 0 6.779661017E-05
82.4 0 -6.791171477E-05
82.6 0 -3.401360544E-05
82.8 0 6.814310051E-05
83 0 6.825938567E-05
83.2 0 3.418803419E-05
83.4 0 -0
83.6 0 -3.430531732E-05
83.8 0 -3.436426117E-05
84 0 3.442340792E-05
84.2 0 -3.448275862E-05
84.4 0 -6.908462867E-05
84.6 0 3.460207612E-05
84.8 0 0.0001039861352
85 0 0.0001041666667
85.2 0 0.0001391304348
85.4 0 0.0001045296167
85.6 0 -3.490401396E-05
85.8 0 -3.496503497E-05
86 0 3.50262697E-05
86.2 0 3.50877193E-05
86.4 0 -7.029876977E-05
86.6 0 -0.0002112676056
86.8 0 -0.0001058201058
87 0 -0
87.2 0 -0.0001061946903
87.4 0 -0.0001773049645
87.6 0 -0.0001065719361
87.8 0 -3.558718861E-05
88 0 -7.130124777E-05
88.2 0 -0.0002142857143
88.4 0 -0.0001788908766
88.6 0 -0
88.8 0 3.590664273E-05
89 0 -7.194244604E-05
89.2 0 -7.207207207E-05
89.4 0 -7.220216606E-05
89.6 0 -0
89.8 0 3.623188406E-05
90 0 0.000108892922
90.2 0 0.0001090909091
90.4 0 3.64298725E-05
90.6 0 -0
90.8 0 3.65630713E-05
91 1.465201465E-05 3.663003663E-05
91.2 2.935779817E-05 7.339449541E-05
91.4 4.411764706E-05 0.0001102941176
91.6 5.893186004E-05 -7.366482505E-05
91.8 7.380073801E-05 3.6900369E-05
92 8.87245841E-05 7.393715342E-05
92.2 0.0001037037037 -3.703703704E-05
92.4 0.0001187384045 -3.710575139E-05
92.6 0.0001338289963 3.717472119E-05
92.8 0.0001340782123 0.0001117318436
93 0.0001343283582 7.462686567E-05
93.2 0.0001345794393 -3.738317757E-05
93.4 0.0001348314607 -3.745318352E-05
93.6 0.0001350844278 0.0001125703565
93.8 0.0001353383459 7.518796992E-05
94 0.0001355932203 -0
94.2 0.0001358490566 -3.773584906E-05
94.4 0.0001361058601 -0
94.6 0.0001363636364 -0
94.8 0.0001518026565 -7.590132827E-05
95 0.0001673003802 -0
95.2 0.0001523809524 7.619047619E-05
95.4 0.0001374045802 7.633587786E-05
95.6 0.0001223709369 3.824091778E-05
95.8 0.0001072796935 -3.831417625E-05
96 9.213051823E-05 -7.677543186E-05
96.2 7.692307692E-05 -3.846153846E-05
96.4 6.165703276E-05 -0
96.6 3.088803089E-05 -0
96.8 0 -7.736943907E-05
97 0 -0.0001937984496
97.2 0 -0.0001165048544
97.4 0 -7.782101167E-05
97.6 0 -7.797270955E-05
97.8 0 -0
98 0 7.82778865E-05
98.2 0 7.843137255E-05
98.4 0 3.929273084E-05
98.6 0 3.937007874E-05
98.8 0 -0
99 0 3.95256917E-05
99.2 0 -7.920792079E-05
99.4 0 -0.0002380952381
99.6 0 -0.0001988071571
99.8 0 -0.0001195219124
100 0 -7.984031936E-05
100.2 0 -0.00012
100.4 0 -8.016032064E-05
100.6 0 -4.016064257E-05
100.8 0 -8.048289738E-05
101 0 -4.032258065E-05
101.2 0 4.04040404E-05
101.4 0 4.048582996E-05
101.6 0 4.056795132E-05
101.8 0 -4.06504065E-05
102 0 -4.073319756E-05
102.2 0 4.081632653E-05
102.4 0 8.1799591E-05
102.6 0 4.098360656E-05
102.8 0 -8.213552361E-05
103 0 -0
103.2 0 4.12371134E-05
103.4 0 4.132231405E-05
103.6 0 8.281573499E-05
103.8 0 8.298755187E-05
104 0 8.316008316E-05
104.2 0 -0
104.4 0 -0
104.6 0 8.368200837E-05
104.8 0 8.385744235E-05
105 0 -4.201680672E-05
105.2 0 -4.210526316E-05
105.4 0 -0
105.6 0 8.456659619E-05
105.8 0 0.0001694915254
106 0 8.492569002E-05
106.2 0 -0
106.4 0 -0.0001279317697
106.6 0 -8.547008547E-05
106.8 0 -0
107 0 0.0001287553648
107.2 0 8.602150538E-05
107.4 0 -8.620689655E-05
107.6 0 -4.319654428E-05
107.8 0 -4.329004329E-05
108 0 -8.676789588E-05
108.2 0 -0
108.4 0 8.71459695E-05
108.6 0 0.0001310043668
108.8 0 8.75273523E-05
109 0 -4.385964912E-05
109.2 0 -8.791208791E-05
109.4 0 -0.0001321585903
109.6 0 -0.0001324503311
109.8 0 -8.849557522E-05
110 0 4.4345898E-05
110.2 0 4.444444444E-05
110.4 1.781737194E-05 -0.0001781737194
110.6 3.571428571E-05 -0.0003125
110.8 3.579418345E-05 -0.0002237136465
111 3.587443946E-05 -4.484304933E-05
111.2 3.595505618E-05 -0
111.4 3.603603604E-05 -0
111.6 3.611738149E-05 -0
111.8 3.619909502E-05 -0
112 3.628117914E-05 -0
112.2 3.636363636E-05 -0
112.4 3.644646925E-05 -0
112.6 3.652968037E-05 -0
112.8 3.661327231E-05 -0
113 3.669724771E-05 -0
113.2 1.83908046E-05 -0
113.4 0 -0
113.6 0 -0
113.8 0 -0
114 0 -0
114.2 0 -0
114.4 0 -0
114.6 0 -0
114.8 0 -0
115 0 -0
115.2 0 -0
115.4 0 4.716981132E-05
115.6 0 4.728132388E-05
115.8 0 -4.739336493E-05
116 0 -4.750593824E-05
116.2 0 4.761904762E-05
116.4 0 4.77326969E-05
116.6 0 -0
116.8 0 -0
117 0 4.807692308E-05
117.2 0 4.819277108E-05
117.4 0 4.830917874E-05
117.6 0 4.842615012E-05
117.8 0 4.854368932E-05
118 0 9.732360097E-05
118.2 0 9.756097561E-05
118.4 0 4.88997555E-05
118.6 1.960784314E-05 0.0001470588235
118.8 3.931203931E-05 0.0001965601966
119 5.911330049E-05 0.0002463054187
119.2 3.950617284E-05 0.0002469135802
119.4 5.940594059E-05 -4.95049505E-05
119.6 5.955334988E-05 -4.962779156E-05
119.8 9.950248756E-05 9.950248756E-05
120 9.975062344E-05 -0
120.2 0.00012 0.0001
120.4 0.0001203007519 0.0001002506266
120.6 0.0001407035176 -0.0001005025126
120.8 0.0001813602015 5.037783375E-05
121 0.0001616161616 0.0001515151515
121.2 0.0001620253165 0.0001012658228
121.4 0.0001624365482 5.076142132E-05
121.6 0.0001628498728 0.0001017811705
121.8 0.0001428571429 0.0001530612245
122 0.0001432225064 5.115089514E-05
122.2 0.0001435897436 -0
122.4 0.0001233933162 5.141388175E-05
122.6 0.0001237113402 5.154639175E-05
122.8 0.0001033591731 0.0001033591731
123 8.29015544E-05 0.000103626943
123.2 6.233766234E-05 -0
123.4 4.166666667E-05 5.208333333E-05
123.6 2.088772846E-05 5.221932115E-05
123.8 0 -5.235602094E-05
124 0 -0
124.2 0 0.0001052631579
124.4 0 5.277044855E-05
124.6 0 -5.291005291E-05
124.8 0 -5.305039788E-05
125 0 -5.319148936E-05
125.2 0 -5.333333333E-05
125.4 0 5.347593583E-05
125.6 0 5.361930295E-05
125.8 0 -0.0001075268817
126 0 -0.0001078167116
126.2 0 -0
126.4 0 -0
126.6 0 -5.434782609E-05
126.8 0 -0.0001089918256
127 0 -0.0001639344262
127.2 0 -0.0002191780822
127.4 0 -0.0002197802198
127.6 0 -0.0002203856749
127.8 0 -0.0002209944751
128 0 -0.0002216066482
128.2 0 -0.0002222222222
128.4 0 -0.0001671309192
128.6 0 -0.0001675977654
128.8 0 -0.0002801120448
129 0 -0.0001685393258
129.2 0 5.633802817E-05
129.4 0 -0
129.6 0 -0.0001133144476
129.8 0 -5.681818182E-05
130 0 5.698005698E-05
130.2 0 5.714285714E-05
130.4 2.29226361E-05 -0
130.6 4.597701149E-05 -0
130.8 6.916426513E-05 -0
131 9.248554913E-05 -0
131.2 0.000115942029 -5.797101449E-05
131.4 0.0001395348837 -5.813953488E-05
131.6 0.0001632653061 5.83090379E-05
131.8 0.0001871345029 -0
132 0.000211143695 -0.0001173020528
132.2 0.0002117647059 -5.882352941E-05
132.4 0.0002123893805 -0
132.6 0.0002130177515 -0
132.8 0.0002136498516 -0
133 0.0002142857143 -0
133.2 0.0001910447761 -0
133.4 0.0001676646707 -0
133.6 0.0001441441441 -0
133.8 0.0001204819277 -0
134 9.667673716E-05 -0
134.2 7.272727273E-05 -0
134.4 4.863221884E-05 -0
134.6 2.43902439E-05 -0
134.8 0 -0
135 0 -0
135.2 0 6.153846154E-05
135.4 0 6.172839506E-05
135.6 0 -0
135.8 0 -0
136 0 -0
136.2 0 -0
136.4 0 0.0001253918495
136.6 0 6.289308176E-05
136.8 0 -6.309148265E-05
137 0 0.0001265822785
137.2 0 0.000126984127
137.4 0 -0
137.6 0 -0
137.8 0 -0
138 0 6.430868167E-05
138.2 0 -0
138.4 0 -0.0001294498382
138.6 0 -0
138.8 0 -0
139 0 -6.535947712E-05
139.2 0 -6.557377049E-05
139.4 0 -6.578947368E-05
139.6 0 6.600660066E-05
139.8 0 0.0001324503311
140 0 -0
140.2 0 -0.0001333333333
140.4 0 6.688963211E-05
140.6 0 6.711409396E-05
140.8 0 -6.734006734E-05
141 0 -0
141.2 0 -0.0001355932203
141.4 0 -6.802721088E-05
141.6 0 0.000204778157
141.8 0 0.0002054794521
142 0 -0.000206185567
142.2 0 -0.0003448275862
142.4 0 -0
142.6 0 6.944444444E-05
142.8 0 -0
143 0 -0
143.2 0 -7.01754386E-05
143.4 0 -0.0001408450704
143.6 0 -0
143.8 0 7.092198582E-05
144 0 7.117437722E-05
144.2 0 -7.142857143E-05
144.4 0 -0.0001433691756
144.6 0 7.194244604E-05
144.8 0 0.0001444043321
145 0 -0
145.2 0 -0.0002181818182
145.4 0 -0.0001459854015
145.6 2.93040293E-05 -0
145.8 5.882352941E-05 -0
146 5.904059041E-05 7.380073801E-05
146.2 5.925925926E-05 0.0002222222222
146.4 5.94795539E-05 7.434944238E-05
146.6 5.970149254E-05 -0
146.8 2.996254682E-05 7.490636704E-05
147 0 -7.518796992E-05
147.2 0 -0
147.4 0 0.0001515151515
147.6 0 -0
147.8 3.053435115E-05 -0
148 3.0651341E-05 0.000153256705
148.2 3.076923077E-05 0.0002307692308
148.4 3.088803089E-05 0.0003088803089
148.6 3.100775194E-05 7.751937984E-05
148.8 3.112840467E-05 -7.782101167E-05
149 3.125E-05 -0
149.2 3.137254902E-05 7.843137255E-05
149.4 3.149606299E-05 7.874015748E-05
149.6 3.162055336E-05 -0
149.8 3.174603175E-05 7.936507937E-05
150 3.187250996E-05 0.0001593625498
150.2 3.2E-05 0.00032
150.4 0 0.0002409638554
150.6 3.225806452E-05 -0
150.8 3.238866397E-05 -8.097165992E-05
151 0 -0
151.2 0 0.0004081632653
151.4 0 0.0001639344262
151.6 0 -0.0002469135802
151.8 0 -0.0002479338843
152 0 -0.0002489626556
152.2 0 -8.333333333E-05
152.4 0 -0.0001673640167
152.6 0 -0.0002521008403
152.8 0 -0.0001687763713
153 0 -0.0001694915254
153.2 0 -8.510638298E-05
153.4 0 -0.0002564102564
153.6 0 -0.0003433476395
153.8 0 -8.620689655E-05
154 0 0.0001731601732
154.2 0 0.0001739130435
154.4 0 -8.733624454E-05
154.6 0 -0
154.8 0 -0
155 0 -0
155.2 0 8.888888889E-05
155.4 0 -0
155.6 0 -8.968609865E-05
155.8 0 -9.009009009E-05
156 0 9.049773756E-05
156.2 0 0.0002727272727
156.4 0 9.132420091E-05
156.6 0 -9.174311927E-05
156.8 0 -0
157 0 -9.259259259E-05
157.2 0 -0.0001860465116
157.4 0 -0
157.6 0 9.389671362E-05
157.8 0 -0
158 0 -0
158.2 0 -0
158.4 0 -0
158.6 0 -9.615384615E-05
158.8 0 -0
159 0 0.0001941747573
159.2 0 9.756097561E-05
159.4 0 -9.803921569E-05
159.6 0 -9.852216749E-05
159.8 0 -0
160 0 -0
160.2 0 -0
160.4 0 -0
160.6 0 -0
160.8 0 -0.0001015228426
161 0 -0.0002040816327
161.2 0 -0.0002051282051
161.4 0 -0.0001030927835
161.6 0 -0
161.8 0 0.0002083333333
162 0 0.0003141361257
162.2 0 -0
162.4 0 -0.0001058201058
162.6 0 -0
162.8 0 -0
163 0 -0
163.2 0 -0.0001081081081
163.4 0 -0.0002173913043
163.6 0 -0.0003278688525
163.8 0 -0
164 0 0.0004419889503
164.2 0 0.0003333333333
164.4 0 0.0001117318436
164.6 0 -0.0001123595506
164.8 0 -0.0002259887006
165 0 -0.0001136363636
165.2 0 -0
165.4 0 0.0001149425287
165.6 0 0.0001156069364
165.8 0 -0
166 0 -0
166.2 0 -0
166.4 0 -0
166.6 0 -0.000119047619
166.8 0 0.000119760479
167 0 0.0002409638554
167.2 0 -0
167.4 0 -0
167.6 0 -0
167.8 0 -0
168 0 -0
168.2 0 -0
168.4 0 -0
168.6 0 -0
168.8 0 -0
169 0 -0
169.2 0 0.0001290322581
169.4 0 -0.0002597402597
169.6 0 -0.0002614379085
169.8 0 0.0001315789474
170 0 0.0001324503311
170.2 0 0.0001333333333
170.4 0 -0
170.6 0 -0
170.8 0 -0
171 0 -0
171.2 0 -0
171.4 0 -0
171.6 0 -0.0001398601399
171.8 0 -0
172 0 0.0001418439716
172.2 0 -0
172.4 0 -0.0001438848921
172.6 0 -0.0004347826087
172.8 0 -0.0002919708029
173 0 -0
173.2 0 -0.0001481481481
173.4 0 -0.0001492537313
173.6 0 -0
173.8 0 0.0001515151515
174 0 -0
174.2 0 -0.0001538461538
174.4 0 -0
174.6 0 -0
174.8 0 -0
175 0 -0
175.2 0 -0
175.4 0 -0.0001612903226
175.6 0 -0
175.8 0 0.0001639344262
176 0 -0
176.2 0 -0
176.4 0 -0
176.6 0 -0
176.8 0 -0
177 0 -0
177.2 0 -0
177.4 0 -0.0001754385965
177.6 0 -0.0001769911504
177.8 0 -0
178 0 -0
178.2 0 -0
178.4 0 -0
178.6 0 0.0001851851852
178.8 0 -0
179 0 -0.0001886792453
179.2 0 -0
179.4 0 -0
179.6 0 -0
179.8 0 -0
180 0 -0
180.2 0 -0.0002
180.4 0 -0.000202020202
180.6 0 -0
180.8 0 -0
181 0 -0
181.2 0 -0
181.4 0 -0
181.6 0 -0
181.8 0 -0
182 0 -0
182.2 0 -0
182.4 0 -0
182.6 0 -0
182.8 0 -0
183 0 -0
183.2 0 -0
183.4 0 -0
183.6 0 -0
183.8 0 -0
184 0 -0
184.2 0 -0
184.4 0 -0
184.6 0 -0
184.8 0 -0
185 0 -0
185.2 0 -0
185.4 0 -0
185.6 0 -0
185.8 0 -0
186 0 -0
186.2 0 -0
186.4 0 -0
186.6 0 -0
186.8 0 -0
187 0 -0
187.2 0 -0
187.4 0 -0
187.6 0 -0
187.8 0 -0
188 0 -0
188.2 0 -0
188.4 0 -0
188.6 0 -0
188.8 0 -0
189 0 -0
189.2 0 -0
189.4 0 -0
189.6 0 -0
189.8 0 -0
190 0 -0
190.2 0 -0
190.4 0 -0
190.6 0 -0
190.8 0 -0
191 0 -0
191.2 0 -0
191.4 0 -0
191.6 0 -0
191.8 0 -0
192 0 -0
192.2 0 -0
192.4 0 -0
192.6 0 -0
192.8 0 -0
193 0 -0
193.2 0 -0
193.4 0 -0
193.6 0 -0
193.8 0 -0
194 0 -0
194.2 0 -0
194.4 0 -0
194.6 0 -0
194.8 0 -0
195 0 -0
195.2 0 -0
195.4 0 -0
195.6 0 -0
195.8 0 -0
196 0 -0
196.2 0 -0
196.4 0 -0
196.6 0 -0
196.8 0 -0
197 0 -0
197.2 0 -0
197.4 0 -0
197.6 0 -0
197.8 0 -0
198 0 -0
198.2 0 -0
198.4 0 -0
198.6 0 -0
198.8 0 -0
199 0 -0
199.2 0 -0
199.4 0 -0
199.6 0 -0
199.8 0 -0
200 0 -0
