0 0.007325194922 7.80937625E-06
0.2 0.00646875 0.0015078125
0.4 0.006083683473 0.0004533063225
0.6 0.005729583667 0.0002892939351
0.8 0.005469062875 0.000265944133
1 0.005214593349 0.0003364758614
1.2 0.00497244489 0.0003287825651
1.4 0.00475516239 0.0001487946071
1.6 0.00457531087 6.267549138E-05
1.8 0.004395315008 0.000242964988
2 0.00422144721 0.0001646552589
2.2 0.00405998996 3.137550201E-05
2.4 0.003942346324 0.0001020113499
2.6 0.003805767685 0.0001648537982
2.8 0.003669079212 0.000133506735
3 0.003551136364 7.070846742E-05
3.2 0.003423667002 -3.143863179E-05
3.4 0.003311820652 3.145128824E-05
3.6 0.003184152235 0.0001730517519
3.8 0.003081562248 0.000125906527
4 0.002959995969 7.872329706E-05
4.2 0.00285093246 6.300403226E-05
4.4 0.00274178096 1.575736184E-05
4.6 0.002641999596 7.881860371E-05
4.8 0.00253898365 4.731025434E-05
5 0.002448505654 -4.732936187E-05
5.2 0.002351641414 5.523989899E-05
5.4 0.002264172393 0.000197365097
5.6 0.002167155277 0.0001500581278
5.8 0.002076380461 2.37029733E-05
6 0.002004502226 -9.599242466E-21
6.2 0.001935728745 7.907388664E-05
6.4 0.001870063791 8.701650466E-05
6.6 0.001791683549 7.913796596E-05
6.8 0.001710072963 -7.917004459E-06
7 0.001679085564 -0.000102962794
7.2 0.001632226166 4.243785644E-21
7.4 0.001575816761 7.133979302E-05
7.6 0.001513017661 7.136875761E-05
7.8 0.001469206946 5.553158002E-05
8 0.001419011581 2.380891914E-05
8.2 0.00137195122 7.93953252E-06
8.4 0.001334383896 7.148485157E-05
8.6 0.001284072417 0.0001271358828
8.8 0.001246438746 4.76953602E-05
9 0.00120877443 3.180985342E-05
9.2 0.001161532587 6.364562118E-05
9.4 0.001123802975 -1.591788916E-05
9.6 0.001066933347 -1.592437831E-05
9.8 0.00102913438 1.593087276E-05
10 0.0009913045696 -5.578080375E-05
10.2 0.0009470663265 -0.0001036352041
10.4 0.0009027919559 -8.772713352E-05
10.6 0.0008648641748 -7.978451797E-06
10.8 0.0008269053944 -7.981712301E-06
11 0.000798497547 2.395492641E-05
11.2 0.0007636758691 7.988241309E-06
11.4 0.0007352189034 -7.192358838E-05
11.6 0.000706738641 -5.596346705E-05
11.8 0.0006814342752 -7.198249386E-05
12 0.0006689113068 8.001331422E-06
12.2 0.000646772541 5.603227459E-05
12.4 0.0006246156212 4.804735547E-05
12.6 0.0005992360541 1.602235439E-05
12.8 0.0005770414444 -8.815910956E-05
13 0.0005548286125 -0.0001683728448
13.2 0.0005486396304 -0.0001443788501
13.4 0.0005328163517 -9.629211175E-05
13.6 0.0005234021784 -6.422112618E-05
13.8 0.0005204050164 -4.015470806E-05
14 0.0005174053887 -8.034245167E-06
14.2 0.000507973251 -4.822530864E-05
14.4 0.0005017496912 -9.649032524E-05
14.6 0.0004923033361 -7.239754942E-05
14.8 0.0004828491965 -0.0001126648125
15 0.0004701669415 -7.245723413E-05
15.2 0.0004574742268 -3.221649485E-05
15.4 0.0004576629538 -8.05744637E-06
15.6 0.000441730293 -4.030385885E-05
15.8 0.0004386870355 -0.0001290255987
16 0.000425960347 -0.0001210114622
16.2 0.0004132231405 -4.842458678E-05
16.4 0.0004004754031 -1.614820174E-05
16.6 0.0003844861456 -8.077440033E-06
16.8 0.0003684836574 -7.684810196E-21
17 0.0003654025248 -3.233650662E-05
17.2 0.0003558488613 -8.896221532E-05
17.4 0.0003462872825 -3.236329743E-05
17.6 0.0003367177787 2.428253212E-05
17.8 0.00032714034 -8.097533167E-05
18 0.0003175549564 -7.290802572E-05
18.2 0.0003079616183 -3.241701245E-05
18.4 0.0002951172686 -7.296855542E-05
18.6 0.0002725290698 -8.922082641E-05
18.8 0.0002629050686 -8.925789364E-05
19 0.0002500259767 -4.87063591E-05
19.2 0.0002468814969 -4.060550936E-05
19.4 0.000243734401 -8.124480033E-05
19.6 0.0002308312526 -8.940647108E-05
19.8 0.0002244223564 -8.131244796E-06
20 0.0002115004165 2.440389421E-05
20.2 0.0001953125 -2.44140625E-05
20.4 0.0001888807837 -5.698989162E-05
20.6 0.0001726699333 -5.701365721E-05
20.8 0.0001597048394 -8.148206091E-06
21 0.0001467289232 2.445482053E-05
21.2 0.000130480167 -5.708507307E-05
21.4 0.0001240079365 -0.00013053467
21.6 0.0001175302967 -8.978008776E-05
21.8 0.0001110472408 -8.165238294E-06
22 0.0001078262233 1.633730657E-05
22.2 0.000101333682 -1.634414226E-05
22.4 9.810590205E-05 -2.452647551E-05
22.6 8.833228643E-05 8.17891541E-06
22.8 7.855048178E-05 1.63646837E-05
23 7.530909472E-05 -4.911462699E-05
23.2 7.206498952E-05 -4.913522013E-05
23.4 6.881816275E-05 -2.457791527E-05
23.6 6.884704154E-05 -4.917645825E-05
23.8 6.55961377E-05 -3.279806885E-05
24 6.562368753E-05 1.640592188E-05
24.2 6.236869748E-05 -8.206407563E-06
24.4 5.9110971E-05 -8.209857083E-06
24.6 5.256518082E-05 2.463992851E-05
24.8 5.587400084E-05 -2.465029449E-05
25 5.918560606E-05 -1.644044613E-05
25.2 6.25E-05 -4.934210526E-05
25.4 6.581718618E-05 -6.581718618E-05
25.6 6.255267594E-05 2.469184576E-05
25.8 6.257904722E-05 8.23408516E-06
26 6.590046394E-05 -3.295023197E-05
26.2 6.592827004E-05 -6.767889227E-21
26.4 6.92539046E-05 3.297804981E-05
26.6 7.258234797E-05 2.474398226E-05
26.8 7.261301225E-05 -4.125739332E-05
27 7.594568893E-05 -9.080462806E-05
27.2 7.597780127E-05 -0.0001238768499
27.4 7.600994078E-05 -0.0001074053511
27.6 7.27359289E-05 -6.612357173E-05
27.8 7.276672312E-05 -5.788262066E-05
28 7.279754341E-05 -4.136224058E-05
28.2 7.282838983E-05 -5.793167373E-05
28.4 7.28592624E-05 -5.795623145E-05
28.6 6.957697201E-05 -3.313189143E-05
28.8 6.96064913E-05 1.657297412E-05
29 7.295203735E-05 8.290004244E-06
29.2 7.630042463E-05 -5.805467091E-05
29.4 8.297047579E-05 -4.978228547E-05
29.6 8.300573736E-05 -3.320229494E-05
29.8 8.968431122E-05 -4.982461735E-05
30 8.972245853E-05 -8.307635049E-05
30.2 9.308510638E-05 -8.311170213E-05
30.4 9.645061728E-05 -2.494412516E-05
30.6 9.981899489E-05 -3.32729983E-05
30.8 0.0001031902429 -5.825255646E-05
31 0.0001032342285 -4.162670503E-05
31.2 0.0001032782516 -2.498667377E-05
31.4 0.0001033223123 8.332444539E-06
31.6 0.0001000320102 -1.667200171E-05
31.8 0.0001067463706 -5.003736123E-05
32 0.0001034547202 -4.171561299E-05
32.2 0.0001034989316 -8.346688034E-06
32.4 0.0001035431808 8.35025652E-06
32.6 0.0001069289991 4.176914029E-05
32.8 0.000106974754 5.014441592E-05
33 0.0001070205479 2.508294092E-05
33.2 0.00011375803 3.345824411E-05
33.4 0.0001138067695 3.322772558E-21
33.6 0.0001071581655 8.371731676E-06
33.8 0.0001105542453 1.675064322E-05
34 0.0001173048048 5.027348777E-05
34.2 0.0001207081545 5.867757511E-05
34.4 0.0001207599828 -8.386109918E-06
34.6 0.0001208118557 8.389712199E-06
34.8 0.0001175064461 4.196658788E-05
35 0.0001175569647 -8.396926053E-06
35.2 0.0001176075269 -2.52016129E-05
35.4 0.0001176581325 -4.202076162E-05
35.6 0.0001177087817 -5.885439087E-05
35.8 0.0001143949182 -1.682278208E-05
36 0.0001144442051 1.683003016E-05
36.2 0.0001111260776 -8.418642241E-06
36.4 0.0001044361794 8.422272531E-06
36.6 8.762942192E-05 1.685181191E-05
36.8 8.429542512E-05 -3.371817005E-05
37 7.421200345E-05 -6.746545769E-05
37.2 6.749460043E-05 -6.749460043E-05
37.4 5.739520311E-05 -1.688094209E-05
37.6 5.742001729E-05 -2.757797676E-21
37.8 5.744485294E-05 -2.391035778E-20
38 5.070856772E-05 1.690285591E-05
38.2 4.734848485E-05 8.45508658E-06
38.4 4.736899091E-05 -1.691749675E-05
38.6 4.400454939E-05 8.462413345E-06
38.8 3.725075856E-05 -1.014937859E-20
39 3.387901127E-05 -8.469752819E-06
39.2 3.728308026E-05 -1.694685466E-05
39.4 3.729926215E-05 -2.54313151E-05
39.6 3.73154581E-05 3.392314373E-05
39.8 3.733166811E-05 2.545341008E-05
40 3.734789222E-05 -2.546447197E-05
40.2 3.736413043E-05 -1.32160745E-20
40.4 3.738038278E-05 3.398216616E-05
40.6 3.739664926E-05 -1.072548313E-20
40.8 4.081410535E-05 -4.251469308E-05
41 4.423453833E-05 -5.103985192E-05
41.2 4.08496732E-05 1.702069717E-05
41.4 3.746185702E-05 8.514058413E-05
41.6 3.407108591E-05 5.110662887E-05
41.8 3.067735602E-05 8.521487784E-06
42 2.728066347E-05 1.705041467E-05
42.2 2.729257642E-05 2.558679039E-05
42.4 3.071756225E-05 3.413062473E-05
42.6 3.414554196E-05 8.438778061E-21
42.8 3.757651946E-05 -2.562035418E-05
43 3.759295713E-05 8.543853893E-06
43.2 4.102844639E-05 -8.547592998E-06
43.4 4.446694396E-05 -5.985934764E-05
43.6 4.790845379E-05 -3.422032413E-05
43.8 4.792944785E-05 1.711765995E-05
44 5.13754932E-05 -9.79022896E-21
44.2 4.797149123E-05 -2.569901316E-05
44.4 4.799254059E-05 -8.570096534E-06
44.6 4.801360843E-05 8.573858648E-06
44.8 4.803469477E-05 -2.57328722E-05
45 4.119068541E-05 -6.006974956E-05
45.2 4.807692308E-05 8.562034381E-21
45.4 5.153364116E-05 4.294470097E-05
45.6 5.843048834E-05 5.155631324E-05
45.8 5.845620599E-05 3.438600352E-05
46 5.504183179E-05 8.600286218E-06
46.2 5.162444934E-05 6.883259912E-05
46.4 5.509034817E-05 8.607866902E-05
46.6 5.166997354E-05 6.889329806E-05
46.8 5.169276577E-05 0.0001120009925
47 5.171557811E-05 7.757336717E-05
47.2 4.828918322E-05 1.724613687E-05
47.4 4.831051237E-05 4.313438604E-05
47.6 4.833186036E-05 2.589206805E-05
47.8 5.526083112E-05 -8.634504863E-06
48 5.87406015E-05 4.319161875E-05
48.2 6.222345133E-05 6.913716814E-05
48.4 6.570938468E-05 4.322985834E-05
48.6 6.919840567E-05 3.459920283E-05
48.8 6.230615862E-05 8.653633141E-06
49 5.887078901E-05 -8.657468972E-06
49.2 5.543237251E-05 1.732261641E-05
49.4 5.545696539E-05 2.599545253E-05
49.6 5.201398136E-05 -3.467598757E-05
49.8 5.203707815E-05 -2.601853908E-05
50 5.206019547E-05 2.603009773E-05
50.2 5.208333333E-05 3.472222222E-05
50.4 5.210649177E-05 1.736883059E-05
50.6 5.212967082E-05 1.737655694E-05
50.8 5.215287049E-05 8.692145082E-06
51 5.565449688E-05 1.739203028E-05
51.2 5.915924276E-05 1.739977728E-05
51.4 5.570409982E-05 2.550244744E-20
51.6 5.572893446E-05 -8.70764601E-06
51.8 5.22691793E-05 -6.969223907E-05
52 5.229250335E-05 -6.100792057E-05
52.2 4.534040179E-05 -4.359654018E-05
52.4 4.187137115E-05 -5.233921393E-05
52.6 4.538092046E-05 -5.236260054E-05
52.8 5.238600805E-05 -0.0001222340188
53 5.590339893E-05 -0.0001397584973
53.2 5.592841163E-05 -9.612695749E-05
53.4 5.945053715E-05 -0.0001136554387
53.6 6.297581729E-05 -7.871977161E-05
53.8 6.650425627E-05 8.750560036E-06
54 6.653406544E-05 2.626344688E-05
54.2 6.656390135E-05 3.503363229E-05
54.4 6.659376402E-05 2.628701211E-05
54.6 6.66236535E-05 -2.460790076E-20
54.8 6.665356982E-05 -2.631061967E-05
55 6.668351303E-05 -4.387073226E-05
55.2 6.671348315E-05 -6.522121439E-21
55.4 6.323066547E-05 3.512814748E-05
55.6 6.325910931E-05 8.785987404E-06
55.8 6.680355536E-05 -5.273964896E-05
56 6.68336335E-05 -3.517559658E-05
56.2 6.334459459E-05 -8.79786036E-06
56.4 6.337314105E-05 -5.281095088E-05
56.6 6.340171326E-05 -1.761158702E-05
56.8 6.343031123E-05 8.809765449E-06
57 6.345893502E-05 -1.762748195E-05
57.2 6.701467269E-05 -5.611646003E-21
57.4 6.704494128E-05 -1.76434056E-05
57.6 7.060551288E-05 -5.295413466E-05
57.8 7.063743219E-05 -4.414839512E-05
58 7.066938037E-05 -8.833672546E-06
58.2 6.716628959E-05 3.535067873E-05
58.4 6.366002716E-05 3.536668176E-05
58.6 5.661231884E-05 1.769134964E-05
58.8 4.955822383E-05 1.769936565E-05
59 4.603921124E-05 8.85369447E-06
59.2 4.60600907E-05 -1.452324492E-21
59.4 4.608098911E-05 -2.658518603E-05
59.6 4.610190649E-05 -3.546300499E-05
59.8 4.612284287E-05 -8.869777475E-06
60 4.614379827E-05 1.774761472E-05
60.2 4.616477273E-05 2.663352273E-05
60.4 4.263301501E-05 1.776375625E-05
60.6 3.909804368E-05 -2.783563471E-20
60.8 3.911583978E-05 -2.666989076E-05
61 3.913365209E-05 -8.89401184E-06
61.2 3.915148064E-05 -1.779612756E-05
61.4 3.916932543E-05 -5.34127165E-05
61.6 3.5624715E-05 -1.140615415E-20
61.8 3.920506387E-05 5.346145073E-05
62 3.922295755E-05 5.348585121E-05
62.2 3.567351598E-05 2.675513699E-05
62.4 3.56898127E-05 1.784490635E-05
62.6 3.927673675E-05 2.677959324E-05
62.8 4.286694102E-05 -1.786122542E-05
63 4.646043001E-05 -6.254288655E-05
63.2 4.290617849E-05 -6.25715103E-05
63.4 4.292582418E-05 -1.788576007E-05
63.6 4.294548786E-05 -8.946976638E-06
63.8 4.654560037E-05 -1.790215399E-05
64 4.656694177E-05 8.95518111E-06
64.2 4.658830275E-05 -8.959288991E-06
64.4 4.660968334E-05 -1.792680128E-05
64.6 4.663108356E-05 4.483758035E-05
64.8 4.665250345E-05 4.485817639E-05
65 4.308363971E-05 -2.692727482E-05
65.2 3.951149425E-05 -3.591954023E-05
65.4 3.593606256E-05 8.984015639E-06
65.6 3.595260009E-05 1.797630005E-05
65.8 3.596915285E-05 -2.697686464E-05
66 3.598572087E-05 -5.39785813E-05
66.2 4.320276498E-05 -3.600230415E-05
66.4 5.042646381E-05 -2.701417704E-05
66.6 5.044972325E-05 -5.405327491E-05
66.8 5.047300415E-05 -9.013036456E-06
67 4.688942752E-05 -1.80343952E-05
67.2 4.691108545E-05 -4.510681293E-05
67.4 4.69327634E-05 1.805106285E-05
67.6 4.69544614E-05 1.805940823E-05
67.8 4.33626272E-05 9.033880666E-06
68 4.33826932E-05 -2.711418325E-05
68.2 4.701967593E-05 9.04224537E-06
68.4 4.704145438E-05 3.618573414E-05
68.6 4.344300278E-05 9.050625579E-06
68.8 5.070700046E-05 1.810964302E-05
69 5.797773655E-05 -9.059021336E-06
69.2 6.162993039E-05 2.718967517E-05
69.4 5.803156917E-05 6.347202878E-05
69.6 5.44298653E-05 5.44298653E-05
69.8 4.719447026E-05 4.537929833E-05
70 3.995234775E-05 4.540039517E-05
70.2 3.270348837E-05 4.542151163E-05
70.4 2.908329456E-05 2.726558865E-05
70.6 2.909683426E-05 2.727828212E-05
70.8 2.911038659E-05 4.548497904E-05
71 2.54834576E-05 5.460740913E-05
71.2 2.185314685E-05 5.463286713E-05
71.4 1.821944963E-05 1.821944963E-05
71.6 1.822795147E-05 -2.208559294E-20
71.8 1.823646125E-05 2.735469188E-05
72 1.459598319E-05 3.648995796E-05
72.2 1.09521028E-05 8.7813049E-21
72.4 7.304815334E-06 1.106436076E-20
72.6 7.308231993E-06 -9.135289991E-06
72.8 7.311651848E-06 -3.655825924E-05
73 3.657537453E-06 -2.74315309E-05
73.2 3.659250585E-06 -4.382002436E-21
73.4 7.321930647E-06 9.152413308E-06
73.6 7.325363338E-06 -4.578352086E-05
73.8 7.32879925E-06 -5.496599437E-05
74 7.332238386E-06 -3.666119193E-05
74.2 7.335680751E-06 -5.501760563E-05
74.4 1.100868953E-05 -1.834781588E-05
74.6 7.342575188E-06 -2.753465695E-05
74.8 7.346027268E-06 -2.754760226E-05
75 7.349482596E-06 -9.186853246E-06
75.2 1.102941176E-05 -4.595588235E-05
75.4 1.103460452E-05 -2.75865113E-05
75.6 3.679934056E-06 -1.009249517E-20
75.8 7.363336475E-06 -3.681668238E-05
76 1.105021216E-05 -6.445957096E-05
76.2 1.105542453E-05 -6.448997642E-05
76.4 1.106064181E-05 -4.608600755E-05
76.6 7.377242682E-06 -2.766466006E-05
76.8 7.380727444E-06 -3.690363722E-05
77 1.107632325E-05 1.814713852E-20
77.2 1.108156028E-05 9.23463357E-06
77.4 1.108680227E-05 -1.847800378E-05
77.6 1.478939896E-05 -5.54602461E-05
77.8 2.219460227E-05 -3.699100379E-05
78 2.220511606E-05 1.850426338E-05
78.2 2.962085308E-05 2.776954976E-05
78.4 2.963489806E-05 -1.852181128E-05
78.6 3.33550759E-05 -6.485709203E-05
78.8 3.33709065E-05 -3.7078785E-05
79 2.967711301E-05 2.306374992E-20
79.2 2.597980998E-05 -1.855700713E-05
79.4 3.713165399E-05 -9.282913498E-06
79.6 3.343437946E-05 -1.857465525E-05
79.8 3.716698382E-05 -9.291745956E-06
80 3.718467396E-05 -2.788850547E-05
80.2 4.464285714E-05 -3.720238095E-05
80.4 4.466412577E-05 -3.722010481E-05
80.6 5.213298379E-05 -0.0001024040753
80.8 5.588340486E-05 -5.588340486E-05
81 5.963740458E-05 -1.863668893E-05
81.2 6.339498807E-05 -4.661396181E-05
81.4 6.342526266E-05 -9.327244508E-06
81.6 6.345556617E-05 -9.331700908E-06
81.8 6.722036329E-05 -1.867232314E-05
82 5.978000956E-05 -4.670313247E-05
82.2 5.980861244E-05 -6.541566986E-05
82.4 5.98372427E-05 -3.739827669E-05
82.6 6.360751916E-05 -4.677023467E-05
82.8 6.363799713E-05 -1.871705798E-05
83 6.366850431E-05 -9.39389338E-21
83.2 6.369904077E-05 -4.683752998E-05
83.4 6.372960653E-05 -0.0001030920106
83.6 6.376020163E-05 -7.501200192E-05
83.8 6.379082613E-05 -1.876200768E-05
84 6.382148006E-05 -3.754204709E-05
84.2 6.760817308E-05 -8.451021635E-05
84.4 6.764069264E-05 -3.757816258E-05
84.6 6.391361886E-05 1.87981232E-05
84.8 6.394439095E-05 -9.537772355E-21
85 6.021194605E-05 -7.526493256E-05
85.2 6.024096386E-05 -0.0001317771084
85.4 6.027000964E-05 -2.825156702E-05
85.6 6.029908345E-05 3.768692716E-05
85.8 6.032818533E-05 -4.713139479E-05
86 6.412964751E-05 -0.0001037391357
86.2 6.416062802E-05 -9.435386473E-06
86.4 6.419163847E-05 7.551957467E-05
86.6 6.044487427E-05 9.444511605E-06
86.8 6.42537494E-05 -9.449080793E-06
87 6.050338819E-05 2.836096321E-05
87.2 6.053268765E-05 1.891646489E-05
87.4 5.677688953E-05 4.731407461E-05
87.6 5.301745032E-05 6.627181289E-05
87.8 5.304316198E-05 4.735996605E-05
88 5.306889859E-05 -9.476589034E-06
88.2 5.688713592E-05 -4.74059466E-05
88.4 6.450339971E-05 -2.845738222E-05
88.6 7.212706511E-05 -9.490403304E-06
88.8 7.596013612E-05 -9.495017015E-06
89 7.219722763E-05 -5.699781128E-05
89.2 7.603406326E-05 -3.801703163E-05
89.4 7.226752678E-05 -2.852665531E-05
89.6 7.610813444E-05 -4.756758402E-05
89.8 7.233796296E-05 -1.903630604E-05
90 7.618235007E-05 -9.522793759E-06
90.2 7.240853659E-05 9.527439024E-06
90.4 6.863103953E-05 2.859626647E-05
90.6 6.484985352E-05 5.722045898E-05
90.8 6.488153395E-05 7.633121641E-05
91 6.109481916E-05 3.818426197E-05
91.2 5.730440098E-05 3.820293399E-05
91.4 5.73324364E-05 2.86662182E-05
91.6 6.118453255E-05 -1.912016642E-05
91.8 6.504040157E-05 -1.25147104E-21
92 6.50722685E-05 9.569451249E-06
92.2 6.510416667E-05 9.574142157E-06
92.4 6.130456106E-05 5.747302599E-05
92.6 5.750122669E-05 2.875061335E-05
92.8 5.369415808E-05 1.917648503E-05
93 4.988334971E-05 9.592951866E-06
93.2 4.606879607E-05 -9.597665848E-06
93.4 4.225049164E-05 4.801192232E-05
93.6 4.227127398E-05 3.842843089E-05
93.8 4.229207677E-05 1.922367126E-05
94 4.615952733E-05 3.846627277E-05
94.2 5.003078818E-05 5.772783251E-05
94.4 5.005544603E-05 6.73823312E-05
94.6 5.008012821E-05 4.815396943E-05
94.8 5.395905279E-05 2.890663542E-05
95 5.398568608E-05 -1.531692471E-20
95.2 5.787037037E-05 -2.893518519E-05
95.4 5.403903162E-05 -5.789896245E-05
95.6 6.178942165E-05 -4.827298566E-05
95.8 6.181998022E-05 -1.931874382E-05
96 6.571622959E-05 -2.899245423E-05
96.2 6.961633663E-05 -3.867574257E-05
96.4 7.352030708E-05 -2.902117385E-05
96.6 7.355673935E-05 -9.678518335E-06
96.8 7.359320773E-05 1.936663361E-05
97 7.36297123E-05 1.937624008E-05
97.2 7.754342432E-05 -9.69292804E-06
97.4 8.921921549E-05 4.993395643E-22
97.6 9.314456036E-05 1.413244728E-20
97.8 9.319085487E-05 -2.912214215E-05
98 8.935231228E-05 -9.712207857E-06
98.2 8.939676617E-05 5.830223881E-05
98.4 8.166376307E-05 5.833125933E-05
98.6 8.170443227E-05 2.918015438E-05
98.8 7.785251619E-05 1.946312905E-05
99 7.399675972E-05 3.894566301E-05
99.2 7.013715711E-05 2.922381546E-05
99.4 6.627370259E-05 9.746132735E-06
99.6 6.240639041E-05 9.750998502E-06
99.8 6.243756244E-05 -1.951173826E-05
100 6.246876562E-05 9.760744628E-06
100.2 6.25E-05 -9.765625E-06
100.4 5.862306153E-05 -5.862306153E-05
100.6 6.256256256E-05 -3.91016016E-05
100.8 5.476965448E-05 -3.912118177E-05
101 4.696893788E-05 -9.785195391E-06
101.2 3.9160401E-05 5.87406015E-05
101.4 3.13440321E-05 7.836008024E-05
101.6 2.351981937E-05 1.959984947E-05
101.8 1.960968876E-05 1.045014142E-20
102 1.569563034E-05 2.942930688E-05
102.2 1.177763819E-05 2.944409548E-05
102.4 7.855706385E-06 9.819632981E-06
102.6 3.929828974E-06 -1.964914487E-05
102.8 0 -9.82951686E-06
103 0 -1.966893253E-05
103.2 0 -3.935768262E-05
103.4 0 -3.937752016E-05
103.6 0 -3.939737771E-05
103.8 0 -1.979178973E-20
104 0 1.971857648E-05
104.2 0 -9.864267677E-06
104.4 0 1.97385043E-05
104.6 0 3.949696663E-05
104.8 0 1.975847243E-05
105 0 -2.965270749E-05
105.2 0 -3.955696203E-05
105.4 0 1.337502185E-21
105.6 0 -2.969779524E-05
105.8 0 -3.961713996E-05
106 0 -9.909309995E-06
106.2 0 1.98286802E-05
106.4 0 -9.919375317E-06
106.6 0 -2.977324695E-05
106.8 0 9.929461108E-06
107 0 -1.98690234E-05
107.2 0 -9.93956743E-06
107.4 0 2.983388493E-05
107.6 3.979877738E-06 -9.949694345E-06
107.8 7.963812436E-06 -9.954765545E-06
108 7.967873534E-06 -1.991968383E-05
108.2 7.971938776E-06 -9.964923469E-06
108.4 7.976008167E-06 -9.970010209E-06
108.6 7.980081716E-06 -3.990040858E-05
108.8 7.984159428E-06 -3.992079714E-05
109 7.988241309E-06 -3.994120654E-05
109.2 7.992327366E-06 -2.997122762E-05
109.4 7.996417605E-06 -9.995522006E-06
109.6 8.000512033E-06 1.000064004E-05
109.8 8.004610656E-06 1.171332612E-20
110 8.00871348E-06 -1.001089185E-05
110.2 8.012820513E-06 -2.003205128E-05
110.4 8.01693176E-06 -3.00634941E-05
110.6 8.021047228E-06 -6.015785421E-05
110.8 8.025166923E-06 -1.003145865E-05
111 8.029290853E-06 -1.003661357E-05
111.2 1.205012853E-05 -5.06316234E-21
111.4 1.205632716E-05 6.02816358E-05
111.6 1.608337622E-05 -8.529433928E-21
111.8 1.609165808E-05 -2.011457261E-05
112 3.219989696E-05 -1.00624678E-05
112.2 3.62435567E-05 1.006765464E-05
112.4 4.432052604E-05 1.007284683E-05
112.6 5.240583075E-05 -9.070239938E-05
112.8 6.049948374E-05 -2.016649458E-05
113 6.053073347E-05 4.035382231E-05
113.2 5.65245478E-05 4.0374677E-05
113.4 5.655377456E-05 4.039555326E-05
113.6 6.466632178E-05 -1.010411278E-05
113.8 6.06560559E-05 -1.010934265E-05
114 6.877912998E-05 -4.045831176E-05
114.2 7.28626943E-05 1.011981865E-05
114.4 7.695049248E-05 3.03751944E-05
114.6 8.104253112E-05 -1.245731986E-20
114.8 8.108458744E-05 -1.013557343E-05
115 8.518302181E-05 1.014083593E-05
115.2 8.928571429E-05 2.029220779E-05
115.4 9.339267152E-05 -3.045413202E-05
115.6 9.344123765E-05 -1.015665627E-05
115.8 0.0001016194069 4.064776275E-05
116 0.0001016723061 5.083615305E-05
116.2 9.765625E-05 6.103515625E-05
116.4 0.0001017782699 8.142261595E-05
116.6 0.0001059045881 6.109880083E-05
116.8 9.780907668E-05 1.018844549E-05
117 9.378262004E-05 1.019376305E-05
117.2 8.975195822E-05 2.039817232E-05
117.4 8.16353187E-05 4.081765935E-05
117.6 7.351019341E-05 5.104874543E-05
117.8 7.354864017E-05 6.129053347E-05
118 7.358712716E-05 7.154304029E-05
118.2 7.362565445E-05 9.203206806E-05
118.4 6.547930854E-05 6.138685175E-05
118.6 6.960822851E-05 2.047300839E-05
118.8 6.14512323E-05 4.09674882E-05
119 6.148347324E-05 2.049449108E-05
119.2 5.741469816E-05 2.050524934E-05
119.4 5.334164916E-05 3.077402836E-05
119.6 4.92643195E-05 3.079019968E-05
119.8 4.518270242E-05 1.0268796E-05
120 4.93161494E-05 4.785118154E-20
120.2 5.345394737E-05 1.027960526E-05
120.4 5.348209584E-05 4.114007372E-05
120.6 5.351027397E-05 2.05808746E-05
120.8 4.118344755E-05 1.029586189E-05
121 3.296413502E-05 2.060258439E-05
121.2 2.473614776E-05 -1.030672823E-05
121.4 2.062434002E-05 1.421249389E-20
121.6 1.650818806E-05 1.394711487E-20
121.8 1.651691332E-05 1.032307082E-05
122 1.652564781E-05 2.065705976E-05
122.2 1.653439153E-05 -1.033399471E-05
122.4 2.067893065E-05 -3.101839598E-05
122.6 2.482786017E-05 1.034494174E-05
122.8 2.898118707E-05 5.175211977E-05
123 2.899655355E-05 5.177955992E-05
123.2 2.901193634E-05 4.144562334E-05
123.4 2.902733546E-05 3.110071656E-05
123.6 2.904275093E-05 4.148964418E-05
123.8 2.490701382E-05 4.151168969E-05
124 2.492025518E-05 3.115031898E-05
124.2 2.077792553E-05 4.155585106E-05
124.4 1.66311868E-05 2.07889835E-05
124.6 1.248003195E-05 2.080005325E-05
124.8 8.324453916E-06 4.162226958E-05
125 4.164445629E-06 3.123334222E-05
125.2 0 1.041666667E-05
125.4 0 -1.042222519E-05
125.6 4.171115857E-06 -2.085557928E-05
125.8 8.346688034E-06 -1.043336004E-05
126 8.351149118E-06 3.131680919E-05
126.2 8.355614973E-06 1.044451872E-05
126.4 4.180042804E-06 -5.225053505E-05
126.6 1.254684154E-05 -4.182280514E-05
126.8 1.673808249E-05 -2.092260311E-05
127 2.512057878E-05 -3.140072347E-05
127.2 2.513404826E-05 -5.236260054E-05
127.4 3.353004292E-05 -4.191255365E-05
127.6 3.774154589E-05 -2.09675255E-05
127.8 4.615332975E-05 -1.048939313E-05
128 5.457415368E-05 1.049502955E-05
128.2 5.880376344E-05 1.050067204E-05
128.4 6.724045186E-05 -2.06110156E-20
128.6 6.307185145E-05 -1.051197524E-05
128.8 6.731287022E-05 -2.103527194E-05
129 7.155845905E-05 -2.10466056E-05
129.2 7.159703504E-05 2.105795148E-05
129.4 7.163565264E-05 5.2673274E-05
129.6 7.167431193E-05 4.216135996E-05
129.8 6.749460043E-05 2.109206263E-05
130 7.175175581E-05 2.110345759E-05
130.2 6.756756757E-05 3.16722973E-05
130.4 6.760411033E-05 3.162582979E-21
130.6 6.764069264E-05 -2.728609775E-21
130.8 6.767731456E-05 -1.609925385E-20
131 6.771397616E-05 -2.62596527E-20
131.2 6.775067751E-05 -1.058604336E-05
131.4 7.626084599E-05 -2.118356833E-05
131.6 8.054123711E-05 1.447710574E-21
131.8 8.482627579E-05 -3.180985342E-05
132 8.911596958E-05 -4.243617599E-05
132.2 8.067255435E-05 -2.122961957E-05
132.4 8.071642197E-05 -4.248232735E-05
132.6 7.650979325E-05 -4.25054407E-05
132.8 7.655144257E-05 -2.12642896E-05
133 7.659313725E-05 -2.127587146E-05
133.2 8.089237057E-05 -3.193119891E-05
133.4 7.667666303E-05 -7.454675573E-05
133.6 8.098063284E-05 -6.393207856E-05
133.8 8.528930131E-05 -5.330581332E-05
134 8.960267613E-05 -6.400191152E-05
134.2 9.392076503E-05 -2.134562842E-05
134.4 9.824357572E-05 -3.203594861E-05
134.6 0.000102571116 -5.342245624E-05
134.8 0.0001069033935 -6.414203612E-05
135 0.0001112404162 -4.278477547E-05
135.2 0.0001155821918 6.579507611E-22
135.4 0.0001070792215 -2.14158443E-05
135.6 0.0001157089962 -5.35689797E-05
135.8 0.0001157725027 -5.35983809E-05
136 0.0001244165294 -8.580450302E-05
136.2 0.0001330700549 -7.512019231E-05
136.4 0.0001331432106 -2.147471138E-05
136.6 0.0001375137514 -1.074326183E-05
136.8 0.0001332897633 -3.224752339E-05
137 0.0001333631608 -7.528565529E-05
137.2 0.0001334366391 -4.304407713E-05
137.4 0.0001335101985 -2.153390298E-05
137.6 0.0001335838389 3.700689947E-21
137.8 0.0001293460265 -2.155767108E-05
138 0.0001294174489 1.078478741E-05
138.2 0.0001251726519 3.237223757E-05
138.4 0.0001252418463 6.280905322E-21
138.6 0.0001209900442 1.080268252E-05
138.8 0.0001167335362 -2.161732153E-05
139 0.0001081464563 -3.244393688E-05
139.2 9.95498615E-05 -5.41031856E-05
139.4 9.527439024E-05 -1.082663525E-05
139.6 9.099417637E-05 -5.416320022E-05
139.8 8.670921199E-05 -8.670921199E-05
140 8.241948917E-05 -4.337867851E-05
140.2 8.246527778E-05 -3.255208333E-05
140.4 7.81684269E-05 3.257017788E-05
140.6 7.821190211E-05 -1.086276418E-05
140.8 7.825542571E-05 -7.608166388E-05
141 7.829899777E-05 -7.612402561E-05
141.2 7.834261838E-05 -4.352367688E-05
141.4 7.838628763E-05 1.180934994E-20
141.6 7.843000558E-05 3.947647586E-20
141.8 8.283342634E-05 -1.089913504E-05
142 7.851758794E-05 -1.090522055E-05
142.2 7.856145251E-05 -1.302473776E-21
142.4 7.423840134E-05 2.183482392E-05
142.6 6.991051454E-05 1.09235179E-05
142.8 6.5577784E-05 -2.185926133E-05
143 6.561450168E-05 -1.093575028E-05
143.2 6.12745098E-05 -1.094187675E-05
143.4 6.568806054E-05 -1.094801009E-05
143.6 7.010656197E-05 -1.095415031E-05
143.8 7.453002245E-05 -2.192059484E-05
144 7.895845031E-05 -2.193290286E-05
144.2 8.339185393E-05 -1.097261236E-05
144.4 8.343872962E-05 -3.293634064E-05
144.6 8.787964004E-05 -2.196991001E-05
144.8 8.792909398E-05 -2.198227349E-05
145 8.79786036E-05 -2.19946509E-05
145.2 8.802816901E-05 2.200704225E-05
145.4 9.248167982E-05 2.201944758E-05
145.6 9.253384095E-05 -1.156444834E-20
145.8 9.699492099E-05 -1.102215011E-05
146 9.704968944E-05 -1.10283738E-05
146.2 9.710451977E-05 1.103460452E-05
146.4 9.71594121E-05 7.728589599E-05
146.6 9.721436652E-05 4.418834842E-05
146.8 9.726938314E-05 -1.105333899E-05
147 9.290062288E-05 -1.496765977E-21
147.2 9.295325779E-05 1.106586402E-05
147.4 8.857709751E-05 4.428854875E-05
147.6 7.976460579E-05 4.431366988E-05
147.8 7.537599319E-05 5.54235244E-05
148 7.098239637E-05 8.872799546E-05
148.2 6.214488636E-05 6.658380682E-05
148.4 6.218021603E-05 3.331083002E-05
148.6 6.221558589E-05 5.554963026E-05
148.8 6.225099602E-05 6.669749573E-05
149 6.228644647E-05 5.561289863E-05
149.2 6.677350427E-05 2.225783476E-05
149.4 7.571978335E-05 -8.940896639E-21
149.6 8.02196235E-05 1.114161438E-05
149.8 8.918378995E-05 -2.229594749E-05
150 9.369645917E-05 -4.461736151E-05
150.2 9.375E-05 -2.232142857E-05
150.4 9.380360206E-05 9.579143655E-21
150.6 9.385726545E-05 2.664531861E-20
150.8 9.391099027E-05 1.117987979E-05
151 9.396477663E-05 -1.118628293E-05
151.2 9.401862464E-05 -2.238538682E-05
151.4 9.40725344E-05 3.359733372E-05
151.6 8.516207688E-05 -1.120553643E-05
151.8 9.418053961E-05 -5.605984501E-05
152 9.423463527E-05 4.487363584E-05
152.2 9.877873563E-05 5.612428161E-05
152.4 0.0001078205865 1.12313111E-05
152.6 0.000112377733 1.12377733E-05
152.8 0.0001169401267 -4.497697179E-05
153 0.0001260080645 -4.500288018E-05
153.2 0.0001260806916 -2.251440922E-05
153.4 0.0001351643599 -3.379108997E-05
153.6 0.0001307342758 -3.381058857E-05
153.8 0.0001308097575 -3.38301097E-05
154 0.0001353986135 1.128321779E-05
154.2 0.0001354768786 2.257947977E-05
154.4 0.000140073742 1.129626952E-05
154.6 0.0001401548032 1.130280671E-05
154.8 0.0001402359583 1.130935148E-05
155 0.0001403172074 -3.394771147E-05
155.2 0.0001358695652 -4.528985507E-05
155.4 0.0001268851508 3.398709397E-05
155.6 0.0001224245502 2.2671213E-05
155.8 0.0001179587689 -1.134218931E-05
156 0.0001180273097 2.269755956E-05
156.2 0.0001044694767 2.271075581E-05
156.4 9.544066318E-05 -2.272396742E-05
156.6 9.549621653E-05 -4.547438882E-05
156.8 9.100174723E-05 -4.550087362E-05
157 8.650203963E-05 -4.552738928E-05
157.2 8.655247813E-05 -2.277696793E-05
157.4 8.66029755E-05 -4.558051342E-05
157.6 8.665353182E-05 -5.700890251E-05
157.8 9.126752336E-05 -1.140844042E-05
158 8.218877849E-05 -1.141510812E-05
158.2 8.223684211E-05 -3.426535088E-05
158.4 8.685634874E-05 -1.142846694E-05
158.6 8.233313817E-05 3.430547424E-05
158.8 8.238137083E-05 2.288371412E-05
159 8.242966002E-05 -1.529112417E-20
159.2 8.247800587E-05 3.436583578E-05
159.4 8.711120892E-05 5.731000587E-05
159.6 8.716236054E-05 3.440619495E-05
159.8 8.721357227E-05 2.295094007E-05
160 8.726484421E-05 -5.809600557E-21
160.2 9.191176471E-05 -1.148897059E-05
160.4 9.196586227E-05 1.149573278E-05
160.6 9.202002356E-05 3.450750883E-05
160.8 9.667796111E-05 2.301856217E-05
161 9.673496462E-05 1.151606722E-05
161.2 0.0001014011799 3.456858407E-05
161.4 0.000101461039 4.611865407E-05
161.6 9.690637921E-05 1.153647372E-05
161.8 9.696365248E-05 -1.154329196E-05
162 9.702099349E-05 2.310023655E-05
162.2 9.707840237E-05 3.467085799E-05
162.4 0.0001063869153 3.469138544E-05
162.6 0.0001064499408 3.47119372E-05
162.8 0.0001111440427 1.157750445E-05
163 0.0001112099644 1.158437129E-05
163.2 0.0001112759644 5.795623145E-05
163.4 0.0001113420428 8.118690618E-05
163.6 0.0001114081996 6.963012478E-05
163.8 0.0001114744352 2.322384067E-05
164 0.0001115407496 -2.323765616E-05
164.2 0.0001069568452 -1.162574405E-05
164.4 0.0001116736152 1.163266825E-05
164.6 0.0001070843266 2.327920143E-05
164.8 0.0001071481813 1.164654144E-05
165 0.0001072121122 1.165349045E-05
165.2 0.0001072761194 -1.597147129E-20
165.4 0.0001073402031 -1.166741338E-05
165.6 0.0001074043634 -2.334877466E-05
165.8 0.0001027960526 -3.504410885E-05
166 0.0001028575703 4.675344105E-05
166.2 0.0001029191617 5.847679641E-05
166.4 9.829988017E-05 2.340473337E-05
166.6 9.835881295E-05 2.341876499E-05
166.8 9.841781644E-05 1.171640672E-05
167 9.847689076E-05 2.344687875E-05
167.2 9.853603604E-05 4.692192192E-05
167.4 9.85952524E-05 9.390024038E-05
167.6 0.0001033523752 8.221211666E-05
167.8 0.0001034145608 5.875827316E-05
168 9.406983745E-05 7.055237809E-05
168.2 9.883283133E-05 8.236069277E-05
168.4 9.889240506E-05 0.0001177290536
168.6 9.895205066E-05 0.0001413600724
168.8 0.0001037266144 0.0001060840374
169 0.0001037892512 0.0001061480978
169.2 0.0001085725076 0.0001298149547
169.4 0.0001180849456 0.0001535104293
169.6 0.0001181563823 8.270946763E-05
169.8 0.0001229570218 1.182279056E-05
170 0.0001277634767 4.731980618E-05
170.2 0.0001373106061 3.551136364E-05
170.4 0.0001468693147 5.922149788E-05
170.6 0.0001516990291 0.0001066633799
170.8 0.0001565346084 0.0001067281421
171 0.0001566297084 5.932943499E-05
171.2 0.0001614741641 -2.374620061E-05
171.4 0.0001615723844 -7.128193431E-05
171.6 0.0001616707243 -4.755021302E-05
171.8 0.0001617691839 1.189479294E-05
172 0.0001618677636 3.570612431E-05
172.2 0.0001667301829 7.145579268E-05
172.4 0.0001715985357 7.149938987E-05
172.6 0.0001717032967 -1.768628545E-20
172.8 0.0001765806353 1.612501077E-20
173 0.0001719132029 3.581525061E-05
173.2 0.0001720183486 4.778287462E-05
173.4 0.000172123623 5.976514688E-05
173.6 0.0001722290263 5.980174525E-05
173.8 0.0001723345588 4.787071078E-05
174 0.0001676502146 3.592504598E-05
174.2 0.0001677530675 2.396472393E-05
174.4 0.0001678560467 3.596915285E-05
174.6 0.0001775568182 5.998541155E-05
174.8 0.0001872695144 7.202673632E-05
175 0.0001921894219 1.201183887E-05
175.2 0.0001875 -1.922168367E-21
175.4 0.000182804803 7.215979064E-05
175.6 0.0001781038201 3.610212569E-05
175.8 0.0001637638718 4.563415512E-21
176 0.0001542257866 2.409777915E-05
176.2 0.0001591435185 -6.02816358E-05
176.4 0.0001592418159 -8.444641754E-05
176.6 0.0001641687268 1.207122991E-05
176.8 0.0001642702536 3.623608534E-05
177 0.0001595374381 3.625850866E-05
177.2 0.0001547987616 2.41873065E-05
177.4 0.0001500542131 -4.840458488E-05
177.6 0.0001501472412 -8.476053937E-05
177.8 0.0001453939206 -8.481312035E-05
178 0.0001357852266 -0.0001939788951
178.2 0.0001310170807 -0.0001940993789
178.4 0.0001213875078 -6.069375388E-05
178.6 0.0001214629975 -7.287779851E-05
178.8 0.0001215385812 -0.0001580001556
179 0.0001118851183 -0.0001094528331
179.2 0.0001168224299 -1.216900312E-05
179.4 0.0001217658978 -3.652976933E-05
179.6 0.0001267155334 -2.43683718E-05
179.8 0.0001316713483 2.832647591E-20
180 0.0001268738289 -3.659821986E-05
180.2 0.00013671875 1.220703125E-05
180.4 0.0001368042527 -1.221466542E-05
180.6 0.000141778786 -6.111154568E-05
180.8 0.0001467595492 -4.891984972E-05
181 0.0001517465539 -1.739934025E-20
181.2 0.0001567398119 1.224529781E-05
181.4 0.000161739335 -2.450595985E-05
181.6 0.0001569365976 2.452134338E-05
181.8 0.0001619425251 3.680511935E-05
182 0.0001571338781 -5.907635767E-20
182.2 0.0001523191824 2.456761006E-05
182.4 0.0001425818125 -1.229153556E-05
182.6 0.0001525110202 -9.839420655E-05
182.8 0.000162452741 -0.0001107632325
183 0.0001674810845 -3.694435687E-05
183.2 0.0001725157729 -2.464511041E-05
183.4 0.0001775568182 -9.864267677E-05
183.6 0.0001776689829 -7.402874289E-05
183.8 0.0001679045512 2.469184576E-05
184 0.0001581277672 4.941492726E-05
184.2 0.0001483386076 2.472310127E-05
184.4 0.0001385370488 -2.764869647E-21
184.6 0.0001336739544 -6.188608999E-05
184.8 0.0001337587191 -2.477013316E-05
185 0.0001288864213 -1.239292513E-05
185.2 0.000128968254 -4.96031746E-05
185.4 0.0001191232529 -1.240867217E-05
185.6 0.0001191989828 1.241656071E-05
185.8 0.0001192748092 -2.484891858E-05
186 0.000119350732 -1.243236792E-05
186.2 0.0001094745223 -2.488057325E-05
186.4 0.0001045650096 -0.0001244821542
186.6 9.466677296E-05 -0.0001245615434
186.8 8.974154435E-05 -6.232051691E-05
187 8.481002554E-05 -4.988825032E-05
187.2 7.987220447E-05 -2.49600639E-05
187.4 7.492806905E-05 -3.746403453E-05
187.6 6.997760717E-05 -7.497600768E-05
187.8 7.002240717E-05 -5.001600512E-05
188 6.506245996E-05 -3.753603459E-05
188.2 6.009615385E-05 -5.008012821E-05
188.4 6.013470173E-05 -2.505612572E-05
188.6 5.515885751E-05 -2.507220796E-05
188.8 5.519428388E-05 -3.763246628E-05
189 5.522975578E-05 -7.531330334E-05
189.2 5.526527331E-05 -7.536173633E-05
189.4 5.027348777E-05 -2.513674389E-05
189.6 4.527527366E-05 -1.257646491E-05
189.8 4.027061856E-05 -3.77537049E-05
190 3.525950999E-05 -8.814877498E-05
190.2 3.024193548E-05 -7.560483871E-05
190.4 3.026145901E-05 1.260894125E-05
190.6 3.028100775E-05 2.523417313E-05
190.8 3.030058177E-05 -5.050096962E-05
191 3.032018111E-05 -8.843386158E-05
191.2 3.033980583E-05 -2.528317152E-05
191.4 3.035945596E-05 1.264977332E-05
191.6 3.037913156E-05 -5.063188594E-05
191.8 3.039883268E-05 -3.799854086E-05
192 3.041855938E-05 -2.534879948E-05
192.2 3.043831169E-05 -1.268262987E-05
192.4 3.045808967E-05 1.26908707E-05
192.6 3.047789337E-05 2.539824447E-05
192.8 3.049772284E-05 4.152572185E-21
193 3.051757812E-05 -2.54313151E-05
193.2 2.544788274E-05 1.272394137E-05
193.4 2.546447197E-05 3.819670795E-05
193.6 2.038486628E-05 5.096216569E-05
193.8 1.529862924E-05 -1.27488577E-05
194 1.020574788E-05 -1.275718485E-05
194.2 5.10620915E-06 7.659313725E-05
194.4 5.109548725E-06 2.554774362E-05
194.6 0 -1.278223168E-05
194.8 0 5.116240995E-05
195 0 7.679390564E-05
195.2 0 8.965163934E-05
195.4 0 8.971046588E-05
195.6 0 5.129678267E-05
195.8 0 2.56652431E-05
196 0 7.704635108E-05
196.2 0 5.139802632E-05
196.4 0 1.285796577E-05
196.6 0 5.14657444E-05
196.8 0 0.000128749176
197 0 0.0001417175132
197.2 0 9.024339934E-05
197.4 0 0.0001032034346
197.6 0 7.74537343E-05
197.8 0 6.458746693E-05
198 0 6.463021178E-05
198.2 0 1.293460265E-05
198.4 0 2.588634858E-05
198.6 0 5.180702918E-05
198.8 0 5.184140677E-05
199 0 2.593791501E-05
199.2 0 3.893272425E-05
199.4 0 1.298620346E-05
199.6 0 -1.299484365E-05
199.8 0 2.600699068E-05
200 0 -3.903647568E-05
200.2 0 -1.302083333E-05
200.4 0 2.605903936E-05
200.6 0 -3.2279957E-20
200.8 0 3.979248075E-21
201 0 3.916694519E-05
201.2 0 0.0001175794314
201.4 0 0.0001438043842
201.6 0 6.540941058E-05
201.8 0 2.618130027E-05
202 0 1.309942991E-05
202.2 0 -2.621644295E-05
202.4 0 1.311702485E-05
202.6 0 5.250336022E-05
202.8 0 3.940400134E-05
203 0 -1.314350606E-05
203.2 0 1.31523569E-05
203.4 0 3.948365903E-05
203.6 0 5.268037761E-05
203.8 0 1.317898111E-05
204 0 -7.912727887E-05
204.2 0 -1.319679054E-05
204.4 0 2.641142664E-05
204.6 5.285859269E-06 3.964394452E-05
204.8 5.28943805E-06 1.322359513E-05
205 1.058604336E-05 -1.32325542E-05
205.2 1.588983051E-05 3.972457627E-05
205.4 2.120081411E-05 5.300203528E-05
205.6 2.651900883E-05 5.303801765E-05
205.8 2.653702446E-05 -5.307404891E-05
206 3.18660775E-05 -0.0001062202583
206.2 3.18877551E-05 -7.971938776E-05
206.4 2.659121852E-05 -0.0001196604833
206.6 2.128746594E-05 -7.982799728E-05
206.8 1.597648262E-05 -2.662747103E-05
207 1.065825375E-05 1.332281719E-05
207.2 5.332764505E-06 5.332764505E-05
207.4 0 2.070441222E-20
207.6 0 1.335013671E-05
207.8 0 4.007780438E-05
208 0 -7.758109334E-21
208.2 0 2.675513699E-05
208.4 0 2.677347498E-05
208.6 0 1.339591907E-05
208.8 0 1.340511325E-05
209 0 4.024296016E-05
209.2 0 2.684707904E-05
209.4 0 -5.373108666E-05
209.6 0 -8.065209911E-05
209.8 0 -9.415891873E-05
210 0 -6.730272226E-05
210.2 0 -5.387931034E-05
210.4 0 -5.391649413E-05
210.6 0 -5.395372928E-05
210.8 0 -2.699550795E-05
211 0 6.917614863E-22
211.2 0 -2.703287197E-05
211.4 0 -2.764164796E-20
211.6 0 1.353516979E-05
211.8 0 -1.354455617E-05
212 0 -6.776977793E-05
212.2 0 -8.138020833E-05
212.4 0 -5.429117443E-05
212.6 0 -9.507562587E-05
212.8 0 -9.514178845E-05
213 0 -8.160689415E-05
213.2 0 -6.805313589E-05
213.4 0 -4.086035565E-05
213.6 5.451849267E-06 -6.814811584E-05
213.8 5.455656425E-06 -1.363914106E-05
214 5.459468903E-06 2.48373035E-20
214.2 5.463286713E-06 1.735270533E-20
214.4 5.467109867E-06 1.366777467E-05
214.6 5.470938375E-06 -4.103203782E-05
214.8 5.474772249E-06 -5.038002341E-21
215 5.478611501E-06 8.217917251E-05
215.2 1.096491228E-05 0.0001096491228
215.4 1.097261236E-05 9.601035815E-05
215.6 1.098032326E-05 4.117621223E-05
215.8 5.494022504E-06 4.120516878E-05
216 1.099577762E-05 4.123416608E-05
216.2 1.100352113E-05 4.126320423E-05
216.4 1.101127555E-05 5.505637773E-05
216.6 5.509520451E-06 1.377380113E-05
216.8 1.102681722E-05 2.756704305E-05
217 1.103460452E-05 -1.379325565E-05
217.2 1.104240283E-05 1.605280064E-20
217.4 1.105021216E-05 4.143829562E-05
217.6 1.105803255E-05 2.764508139E-05
217.8 1.106586402E-05 5.532932011E-05
218 1.107370659E-05 -1.384213324E-05
218.2 1.108156028E-05 2.566474803E-21
218.4 1.108942512E-05 6.930890703E-05
218.6 1.66459517E-05 6.93581321E-05
218.8 2.221037669E-05 2.776297086E-05
219 2.778271693E-05 -5.556543385E-05
219.2 3.336298932E-05 2.78024911E-05
219.4 3.895121083E-05 0.0001112891738
219.6 3.897897363E-05 9.744743407E-05
219.8 4.457917261E-05 6.96549572E-05
220 3.903461813E-05 5.576374019E-05
220.2 4.464285714E-05 8.370535714E-05
220.4 4.467476769E-05 2.792172981E-05
220.6 5.588340486E-05 -5.588340486E-05
220.8 5.59234073E-05 -2.796170365E-05
221 6.155981375E-05 -1.399086676E-05
221.2 6.720430108E-05 -4.200268817E-05
221.4 7.285688666E-05 1.401093974E-05
221.6 7.29091888E-05 2.804199569E-05
221.8 7.857399425E-05 -1.40310704E-05
222 8.424694464E-05 -6.621890552E-21
222.2 8.992805755E-05 5.620503597E-05
222.4 9.561735061E-05 0.0001124910007
222.6 0.0001013148415 4.221451729E-05
222.8 9.575522711E-05 -2.816330209E-05
223 9.582431457E-05 1.409181097E-05
223.2 0.000101534296 -2.820397112E-05
223.4 0.000101607659 -5.644869942E-05
223.6 0.000101681128 -4.236713666E-05
223.8 0.0001017547033 -5.653039074E-05
224 9.617125272E-05 -2.828566256E-05
224.2 0.0001019021739 -5.661231884E-05
224.4 0.0001019760696 -8.498005801E-05
224.6 0.000107719521 -9.921534833E-05
224.8 0.000102124183 -5.673565723E-05
225 0.0001078760901 5.609598047E-21
225.2 0.0001136363636 -2.840909091E-05
225.4 0.0001307769287 1.421488355E-05
225.6 0.0001365622724 1.422523671E-05
225.8 0.0001480502915 -7.117802478E-05
226 0.0001595550693 -9.972191831E-05
226.2 0.0001710766423 -5.702554745E-05
226.4 0.000171201607 -3.014698747E-21
226.6 0.0001656158626 2.855445906E-05
226.8 0.0001600219459 1.428767374E-05
227 0.0001601390922 -1.429813324E-05
227.2 0.000154532967 -4.292582418E-05
227.4 0.0001489186217 -4.295729472E-05
227.6 0.0001547597212 -7.164801908E-05
227.8 0.0001606093979 -7.170062408E-05
228 0.0001607274063 -2.870132256E-05
228.2 0.0001608455882 1.436121324E-05
228.4 0.0001552152318 4.311534216E-05
228.6 0.0001495765832 1.438236377E-05
228.8 0.0001381724392 2.878592483E-05
229 0.0001382743363 7.201788348E-05
229.2 0.0001326107011 5.765682657E-05
229.4 0.0001269387001 2.884970458E-05
229.6 0.0001270325203 4.330654102E-05
229.8 0.000121348003 4.333857249E-05
230 0.0001156550703 1.445688379E-05
230.2 0.0001099537037 2.893518519E-05
230.4 0.0001042438844 4.343495182E-05
230.6 9.852559347E-05 2.897811573E-05
230.8 9.279881218E-05 1.44998144E-05
231 8.125928678E-05 1.451058692E-05
231.2 8.13197026E-05 2.904275093E-05
231.4 7.556733631E-05 2.906436012E-05
231.6 7.562360387E-05 1.454300074E-05
231.8 6.403688525E-05 1.455383756E-05
232 5.825876212E-05 4.369407159E-05
232.2 4.664179104E-05 2.91511194E-05
232.4 4.667662435E-05 2.340146014E-20
232.6 4.0872571E-05 -2.919469357E-05
232.8 3.505983545E-05 -1.460826477E-05
233 2.92383982E-05 9.587553873E-21
233.2 2.34082397E-05 -1.060765705E-20
233.4 1.756934033E-05 1.464111694E-05
233.6 1.172168042E-05 1.465210053E-05
233.8 5.86524024E-06 4.39893018E-05
234 5.869646882E-06 2.934823441E-05
234.2 5.87406015E-06 1.468515038E-05
234.4 5.87848006E-06 -4.408860045E-05
234.6 0 -5.882906627E-05
234.8 0 -1.471834966E-05
235 0 -2.945889894E-05
235.2 0 9.682657061E-21
235.4 0 2.950339879E-05
235.6 0 2.439315836E-20
235.8 0 1.477401664E-05
236 0 2.957040121E-05
236.2 0 2.959280303E-05
236.4 0 4.442285823E-05
236.6 5.92754173E-06 2.963770865E-05
236.8 5.932042521E-06 -1.48301063E-05
237 5.936550152E-06 -2.968275076E-05
237.2 5.941064639E-06 -5.242741109E-21
237.4 5.945585997E-06 1.486396499E-05
237.6 1.190022848E-05 -2.975057121E-05
237.8 1.786394817E-05 -5.95464939E-05
238 2.383676583E-05 -1.489797864E-05
238.2 2.385496183E-05 -4.472805344E-05
238.4 2.984148205E-05 -7.460370512E-05
238.6 3.583715596E-05 -7.466074159E-05
238.8 4.184200459E-05 -5.977429227E-05
239 4.7856049E-05 2.991003063E-05
239.2 5.387931034E-05 4.489942529E-05
239.4 5.392062883E-05 2.995590491E-05
239.6 5.995778972E-05 1.498944743E-05
239.8 6.000384025E-05 -4.500288018E-05
240 6.004996157E-05 -3.131835243E-20
240.2 6.009615385E-05 4.507211538E-05
240.4 6.014241724E-05 1.503560431E-05
240.6 6.018875193E-05 2.029301028E-20
240.8 6.023515806E-05 1.505878951E-05
241 6.02816358E-05 1.507040895E-05
241.2 6.032818533E-05 -1.508204633E-05
241.4 6.03748068E-05 -3.01874034E-05
241.6 6.042150039E-05 -1.51053751E-05
241.8 6.046826625E-05 -6.046826625E-05
242 7.261812548E-05 -6.051510457E-05
242.2 7.26744186E-05 -1.514050388E-05
242.4 7.879169899E-05 -6.060899922E-05
242.6 8.491847826E-05 -7.582006988E-05
242.8 7.891414141E-05 -7.587898213E-05
243 8.505054432E-05 -6.07503888E-05
243.2 8.511673152E-05 5.53496477E-21
243.4 8.518302181E-05 3.042250779E-05
243.6 7.916017147E-05 3.04462198E-05
243.8 7.922191888E-05 -3.04699688E-05
244 7.318501171E-05 -6.098750976E-05
244.2 7.32421875E-05 -4.577636719E-05
244.4 6.719116497E-05 1.527071931E-05
244.6 5.501760563E-05 9.169600939E-05
244.8 5.506068912E-05 6.117854346E-05
245 4.898119122E-05 1.530662226E-05
245.2 4.289215686E-05 2.870958767E-20
245.4 3.679356358E-05 1.533065149E-05
245.6 3.068538885E-05 1.534269442E-05
245.8 2.456761006E-05 -1.535475629E-05
246 1.844020456E-05 3.073367427E-05
246.2 1.845472441E-05 9.227362205E-05
246.4 1.231284476E-05 -1.539105595E-05
246.6 1.232255521E-05 -4.620958202E-05
246.8 1.233228098E-05 -7.416128617E-21
247 1.234202212E-05 -6.171011058E-05
247.2 1.235177866E-05 1.74811515E-20
247.4 6.180775316E-06 1.545193829E-05
247.6 6.185669042E-06 -3.092834521E-05
247.8 6.190570523E-06 -3.095285261E-05
248 6.195479778E-06 -7.744349722E-05
248.2 6.200396825E-06 -0.0001085069444
248.4 6.205321684E-06 -4.653991263E-05
248.6 6.210254372E-06 2.154242251E-20
248.8 6.215194909E-06 -1.018472432E-20
249 6.220143312E-06 1.555035828E-05
249.2 6.225099602E-06 -5.030518391E-20
249.4 6.230063796E-06 1.557515949E-05
249.6 6.235035914E-06 4.676276935E-05
249.8 6.240015974E-06 3.120007987E-05
250 6.245003997E-06 -2.276160047E-20
250.2 6.25E-06 3.125E-05
250.4 6.255004003E-06 3.127502002E-05
250.6 6.260016026E-06 1.565004006E-05
250.8 6.265036087E-06 4.698777065E-05
251 6.270064205E-06 7.837580257E-05
251.2 6.275100402E-06 1.5687751E-05
251.4 6.280144695E-06 -1.570036174E-05
251.6 6.285197104E-06 3.142598552E-05
251.8 0 4.717693237E-05
252 6.29532635E-06 9.442989525E-05
252.2 6.300403226E-06 0.0001102570565
252.4 1.891646489E-05 9.458232446E-05
252.6 2.524232633E-05 6.310581583E-05
252.8 2.526273242E-05 1.578920776E-05
253 3.16039644E-05 4.74059466E-05
253.2 1.897773279E-05 3.162955466E-05
253.4 3.165518639E-05 5.910478706E-21
253.6 3.168085969E-05 6.336171938E-05
253.8 3.804788961E-05 3.170657468E-05
254 4.442526401E-05 -6.346466288E-05
254.2 5.081300813E-05 -9.527439024E-05
254.4 5.721114727E-05 -4.767595606E-05
254.6 6.361970684E-05 -6.361970684E-05
254.8 7.003871231E-05 -0.0001114252241
255 7.646818923E-05 -4.779261827E-05
255.2 8.290816327E-05 9.566326531E-05
255.4 8.297589869E-05 6.382761438E-05
255.6 8.943172527E-05 -3.193990188E-05
255.8 9.589811784E-05 -1.598301964E-05
256 0.0001023751024 -3.199221949E-05
256.2 0.0001024590164 6.403688525E-05
256.4 0.0001025430681 0.0001121564807
256.6 0.0001026272578 9.621305419E-05
256.8 0.00010913106 4.814605588E-05
257 0.0001092208059 -3.423796334E-20
257.2 0.0001093106996 6.430041152E-05
257.4 0.0001094007414 4.826503295E-05
257.6 0.0001094909316 -4.830482275E-05
257.8 0.0001095812706 -4.277882226E-20
258 0.0001096717589 5.249192226E-21
258.2 0.0001097623967 -8.070764463E-05
258.4 0.0001098531844 -3.230976013E-05
258.6 0.0001034768212 -1.616825331E-05
258.8 0.0001035625518 4.854494615E-05
259 0.0001036484245 6.478026534E-05
259.2 0.0001102178423 -8.104253112E-05
259.4 0.0001103093854 -1.622196844E-05
259.6 0.0001104010806 3.247090607E-05
259.8 0.0001104929285 -9.74937604E-05
260 0.0001105849292 -3.252497918E-05
260.2 9.765625E-05 -3.255208333E-05
260.4 9.122185154E-05 -4.886884904E-05
260.6 8.477671119E-05 4.890964107E-05
260.8 7.832080201E-05 6.5267335E-05
261 7.838628763E-05 4.899142977E-05
261.2 8.498953975E-05 -3.268828452E-05
261.4 9.16038526E-05 -9.814698492E-05
261.6 9.822925398E-05 -6.548616932E-05
261.8 9.831166107E-05 -1.638527685E-05
262 0.0001049538203 -3.279806885E-05
262.2 0.0001116071429 -3.282563025E-05
262.4 0.0001182716569 -3.285323802E-05
262.6 0.000131523569 -1.644044613E-05
262.8 0.000138216091 1.645429655E-05
263 0.0001383326307 -6.587268128E-05
263.2 0.0001384493671 -3.296413502E-05
263.4 0.0001385663007 -4.948796453E-05
263.6 0.000132079459 -9.905959425E-05
263.8 0.0001321912014 -4.957170051E-05
264 0.0001389182896 -9.92273497E-05
264.2 0.0001390360169 -0.0001158633475
264.4 0.0001457803223 -9.93956743E-05
264.6 0.0001525360781 -8.290004244E-05
264.8 0.0001593033135 -6.637638063E-05
265 0.0001660820578 -6.643282313E-05
265.2 0.0001728723404 -0.000116356383
265.4 0.0001929833901 -0.0001497284923
265.6 0.0002131287298 -0.0001165547741
265.8 0.0002266424915 -6.665955631E-05
266 0.0002401793339 -5.003736123E-05
266.2 0.0002537393162 -6.677350427E-05
266.4 0.000253956373 -5.012296835E-05
266.6 0.0002675513699 -3.344392123E-05
266.8 0.0002677806341 -1.673628963E-05
267 0.0002747105489 -3.350128645E-05
267.2 0.0002816523605 -0.0001005901288
267.4 0.0002886060997 -8.389712199E-05
267.6 0.0002955717971 -3.358770421E-05
267.8 0.0003025494836 -3.361660929E-05
268 0.0003028100775 -3.364556417E-05
268.2 0.0003030711207 -3.299543826E-20
268.4 0.0002898511648 1.685181191E-05
268.6 0.000290101468 -5.059909326E-05
268.8 0.0003106093345 -3.376188418E-05
269 0.0003041198097 3.379108997E-05
269.2 0.0002976190476 1.691017316E-05
269.4 0.0002978769497 1.021200336E-20
269.6 0.0003116869037 1.693950564E-05
269.8 0.0003119574653 6.781684028E-05
270 0.0002986533449 3.39378801E-05
270.2 0.0002921195652 -5.095108696E-05
270.4 0.0002923738033 -5.099543081E-05
270.6 0.0002858231707 1.701328397E-05
270.8 0.0002724498692 5.108435048E-05
271 0.0002658704188 1.399450045E-20
271.2 0.0002524563319 -3.411572052E-05
271.4 0.0002458479021 -5.121831294E-05
271.6 0.000239227909 -1.708770779E-05
271.8 0.0002325963222 3.420534151E-05
272 0.0002259531113 3.423531989E-05
272.2 0.0002192982456 5.139802632E-05
272.4 0.0002126316945 1.71477173E-05
272.6 0.0002128185413 1.716278559E-05
272.8 0.0002061345646 -1.717788039E-05
273 0.0002063160211 -6.877200704E-05
273.2 0.0002064977974 -4.396192943E-21
273.4 0.0002066798942 -5.166997354E-05
273.6 0.0002068623124 -5.171557811E-05
273.8 0.0002001435512 1.725375442E-05
274 0.0001934129089 1.726900973E-05
274.2 0.0001935840708 3.456858407E-05
274.4 0.0001868356953 3.660931196E-20
274.6 0.0001870013298 2.193468705E-20
274.8 0.0001802351375 5.199090506E-05
275 0.0001803952043 3.469138544E-05
275.2 0.0001805555556 3.848033531E-20
275.4 0.0001737655694 7.039172031E-21
275.6 0.0001669634907 1.739203028E-05
275.8 0.000160149287 2.761998099E-20
276 0.0001463537021 -3.484611954E-05
276.2 0.0001325334821 -3.487723214E-05
276.4 0.0001186885612 3.490840036E-05
276.6 0.0001118067979 0.000104818873
276.8 0.0001049127126 6.994180842E-05
277 0.0001050067204 1.750112007E-05
277.2 9.80941704E-05 -1.751681614E-05
277.4 9.818222621E-05 1.753254039E-05
277.6 0.0001052897574 3.99516074E-20
277.8 0.0001124100719 -7.025629496E-05
278 0.0001195432043 -1.757988299E-05
278.2 0.0001196509009 3.754379817E-21
278.4 0.0001197587917 -1.761158702E-05
278.6 0.0001198668773 -1.322089405E-21
278.8 0.0001199751581 3.214376031E-20
279 0.0001200836347 -1.765935805E-05
279.2 0.0001201923077 3.009385934E-20
279.4 0.0001203011775 1.769134964E-05
279.6 0.0001204102448 3.541477788E-05
279.8 0.000113430127 2.685871672E-20
280 0.0001135331517 -1.773955495E-05
280.2 0.0001136363636 6.769935549E-20
280.4 0.0001137397634 -3.554367607E-05
280.6 0.000120958561 -1.778802368E-05
280.8 0.0001281905196 -1.780423883E-05
281 0.0001354356752 -3.564096715E-05
281.2 0.0001426940639 -3.567351598E-05
281.4 0.0001499657221 -1.785306216E-05
281.6 0.0001572506862 -1.410797613E-20
281.8 0.0001645489927 -3.577152015E-05
282 0.0001718606783 -7.160861595E-05
282.2 0.0001720183486 -5.375573394E-05
282.4 0.0001721763085 -1.793503214E-05
282.6 0.0001723345588 1.795151654E-05
282.8 0.0001724931003 -1.796803128E-05
283 0.0001798457643 -7.193830571E-05
283.2 0.0001872119816 -3.600230415E-05
283.4 0.0001945917897 -1.80177583E-05
283.6 0.0001875577101 -7.213758079E-05
283.8 0.0001732902033 -5.415318854E-05
284 0.0001662234043 -3.613552266E-05
284.2 0.0001591435185 -3.616898148E-05
284.4 0.0001520505097 -5.430375348E-05
284.6 0.0001449443414 -5.435412801E-05
284.8 0.0001378249768 -3.626973073E-05
285 0.0001306923792 -3.630343866E-05
285.2 0.0001235465116 9.857255477E-21
285.4 0.0001163873371 2.558987207E-20
285.6 0.0001092148183 2.714837784E-20
285.8 0.0001020289179 3.643889925E-05
286 9.482959851E-05 1.823646125E-05
286.2 9.49182243E-05 -3.650700935E-05
286.4 9.50070159E-05 -1.827057998E-05
286.6 0.0001024110487 -1.828768727E-05
286.8 0.0001025070291 -3.467238921E-20
287 0.0001026031895 1.832199812E-05
287.2 0.0001026995305 3.667840376E-05
287.4 0.0001027960526 1.835643797E-05
287.6 0.0001028927563 1.837370649E-05
287.8 0.0001029896422 3.678201507E-05
288 0.0001030867107 1.840834119E-05
288.2 0.0001031839623 3.685141509E-05
288.4 9.590415486E-05 3.688621341E-05
288.6 9.599480151E-05 5.538161626E-05
288.8 9.608561968E-05 5.543401135E-05
289 0.0001035748106 1.849550189E-05
289.2 0.0001110781991 -1.851303318E-05
289.4 0.0001185958254 -1.853059772E-05
289.6 0.0001261277303 1.854819563E-05
289.8 0.0001336739544 1.8565827E-05
290 0.0001412345385 1.858349191E-05
290.2 0.0001488095238 1.653984816E-21
290.4 0.0001563989514 -1.861892278E-05
290.6 0.0001640028626 -1.863668893E-05
290.8 0.0001716212989 -3.730897803E-05
291 0.0001792543021 -7.771299892E-21
291.2 0.0001869019139 5.607057416E-05
291.4 0.0001945641762 3.741618774E-05
291.6 0.0002022411314 1.872603068E-05
291.8 0.0002099328215 5.623200576E-05
292 0.0002176392891 7.504803074E-05
292.2 0.0002253605769 3.756009615E-05
292.4 0.0002330967276 1.87981232E-05
292.6 0.0002333212909 3.763246628E-05
292.8 0.0002335462874 7.533751205E-05
293 0.0002337717181 7.541023166E-05
293.2 0.0002339975845 7.548309179E-05
293.4 0.0002342238878 4.360475284E-20
293.6 0.0002420135528 -5.672192643E-05
293.8 0.0002346778101 -5.677688953E-05
294 0.0002424830262 -9.47199321E-05
294.2 0.0002503033981 -3.792475728E-05
294.4 0.0002581389699 -1.898080661E-05
294.6 0.000265989786 -1.899927043E-05
294.8 0.0002738558909 -1.90177702E-05
295 0.0002817373294 -3.807261209E-05
295.2 0.0002972560976 3.164812585E-20
295.4 0.0003204345703 1.907348633E-05
295.6 0.0003360215054 4.114052806E-20
295.8 0.0003439946184 -5.73324364E-05
296 0.0003596351616 -5.738858962E-05
296.2 0.0003599877451 1.914828431E-05
296.4 0.0003680078508 7.939325918E-20
296.6 0.0003837180747 8.092568251E-20
296.8 0.0003994591937 1.920476893E-05
297 0.0004152312992 -1.922367126E-05
297.2 0.0004310344828 -1.924261084E-05
297.4 0.0004468688363 1.926158777E-05
297.6 0.0004627344521 1.928060217E-05
297.8 0.0004786314229 -2.889912665E-20
298 0.0004945598417 1.931874382E-05
298.2 0.0005027846535 7.610727679E-20
298.4 0.0005187685828 1.016331042E-19
298.6 0.0005347842262 1.937624008E-05
298.8 0.0005508316783 -3.879096326E-05
299 0.0005669110338 -3.882952286E-05
299.2 0.0005830223881 -1.94340796E-05
299.4 0.0005913844622 1.727812227E-20
299.6 0.0005997632104 -3.894566301E-05
299.8 0.0006081586826 -0.0001169535928
300 0.0006165709291 -7.804695305E-05
300.2 0.000625 -3.90625E-05
300.4 0.0006256256256 -3.91016016E-05
300.6 0.000626252505 1.957039078E-05
300.8 0.0006268806419 1.959002006E-05
301 0.0006275100402 1.958799086E-20
301.2 0.0006281407035 -3.812551681E-20
301.4 0.0006444919517 -5.894743461E-05
301.6 0.0006451409869 -1.966893253E-05
301.8 0.0006457913306 1.968876008E-05
302 0.0006464429869 -1.970862765E-05
302.2 0.0006313131313 3.945707071E-05
302.4 0.0006240520728 -1.974848332E-05
302.6 0.0006246837045 -1.976847166E-05
302.8 0.0006094858156 3.957700101E-05
303 0.0006021805274 -3.961713996E-05
303.2 0.0005948604061 -1.98286802E-05
303.4 0.0005875254065 1.17511132E-20
303.6 0.0005801754832 1.98690234E-05
303.8 0.0005728105906 3.977851324E-05
304 0.000565430683 3.981906218E-05
304.2 0.0005580357143 7.971938776E-05
304.4 0.0005506256384 5.985061287E-05
304.6 0.000543200409 3.994120654E-05
304.8 0.0005277635619 5.997313204E-05
305 0.0005283043033 8.004610656E-05
305.2 0.0005208333333 6.009615385E-05
305.4 0.0005133470226 2.005261807E-05
305.6 0.0005058453237 0.0001003661357
305.8 0.0004902906379 4.01877572E-05
306 0.0004827497425 2.011457261E-05
306.2 0.000475193299 6.040592784E-05
306.4 0.000467621259 2.015608875E-05
306.6 0.0004600335744 2.017691116E-05
306.8 0.0004524301965 4.039555326E-05
307 0.0004609860248 2.02186853E-05
307.2 0.0004614637306 1.539439129E-20
307.4 0.0004619424274 -4.052126556E-05
307.6 0.0004624221184 -8.112668744E-05
307.8 0.0004629028067 -4.060550936E-05
308 0.0004715140479 -4.064776275E-05
308.2 0.0004720052083 -6.103515625E-05
308.4 0.0004724973931 -8.146506778E-05
308.6 0.0004729906054 -8.155010438E-05
308.8 0.0004734848485 -0.0001020441484
309 0.0004739801255 -6.129053347E-05
309.2 0.0004744764398 -4.811968472E-20
309.4 0.0004749737945 4.094601677E-05
309.6 0.0004754721931 4.098898216E-05
309.8 0.0004759716387 -2.051601891E-05
310 0.0004764721346 -6.161277603E-05
310.2 0.0004769736842 -8.223684211E-05
310.4 0.0004774762908 -4.116174921E-05
310.6 0.0004779799578 -2.060258439E-05
310.8 0.0004702349525 -4.124868004E-05
311 0.0004624735729 -8.25845666E-05
311.2 0.000462962963 -6.200396825E-05
311.4 0.0004634533898 -2.068988347E-05
311.6 0.0004639448568 -2.071182397E-05
311.8 0.0004644373673 2.073381104E-05
312 0.0004566285866 2.4829783E-20
312.2 0.0004404920213 -2.077792553E-05
312.4 0.0004409611289 2.692797946E-20
312.6 0.0004247734542 4.164445629E-05
312.8 0.0004168890075 6.253335112E-05
313 0.0004089877137 -4.82014086E-21
313.2 0.0004094251337 -4.177807487E-05
313.4 0.0004014989293 -4.182280514E-05
313.6 0.0003935557342 -2.093381565E-05
313.8 0.0003855954936 1.908266354E-20
314 0.0003776181525 2.097878625E-05
314.2 0.0003696236559 6.300403226E-05
314.4 0.0003616119483 2.102395048E-05
314.6 0.0003620016164 -4.209321121E-05
314.8 0.0003539644013 -2.10693096E-05
315 0.0003459098272 -2.877543076E-20
315.2 0.0003378378378 4.222972973E-05
315.4 0.0003297483766 0.0001056885823
315.6 0.0003131771398 4.23212351E-05
315.8 0.0003135168113 -2.118356833E-05
316 0.0002968919653 2.120656895E-05
316.2 0.0002802309783 5.223652637E-20
316.4 0.0002720348205 -2.125272035E-05
316.6 0.0002638208061 -2.127587146E-05
316.8 0.0002555888768 -2.129907306E-05
317 0.0002473389738 3.311841191E-20
317.2 0.0002476092896 -2.134562842E-05
317.4 0.0002564277899 -2.136898249E-05
317.6 0.0002567086528 -2.139238773E-05
317.8 0.0002484237939 -2.14158443E-05
318 0.0002486964874 2.143935236E-05
318.2 0.0002317994505 2.146291209E-05
318.4 0.0002320544554 2.419152391E-20
318.6 0.0002237059471 4.302037445E-05
318.8 0.000223952591 4.306780595E-05
319 0.0002155767108 2.350797456E-20
319.2 0.0002158149171 7.881215916E-20
319.4 0.0002074115044 1.088029644E-19
319.6 0.000207641196 -2.162929125E-05
319.8 0.0001992100887 -2.165327051E-05
320 0.0001907602664 1.344453363E-20
320.2 0.0001822916667 -2.824232184E-20
320.4 0.0001738042269 4.030759997E-20
320.6 0.0001652978842 -2.17497216E-05
320.8 0.0001567725753 -4.354793757E-05
321 0.0001482282366 -2.179827009E-05
321.2 0.0001396648045 -6.419721875E-20
321.4 0.0001398210291 3.105807783E-20
321.6 0.0001312290034 2.187150056E-05
321.8 0.000122617713 2.189602018E-05
322 0.0001139870932 -6.570574871E-22
322.2 0.0001053370787 2.194522472E-05
322.4 9.666760405E-05 2.105990286E-20
322.6 8.79786036E-05 -2.19946509E-05
322.8 7.927001127E-05 -2.201944758E-05
323 7.054176072E-05 -2.204430023E-05
323.2 6.179378531E-05 2.206920904E-05
323.4 5.30260181E-05 2.209417421E-05
323.6 4.423839185E-05 -5.598936105E-21
323.8 3.5430839E-05 -2.214427438E-05
324 3.547105562E-05 -4.433881952E-05
324.2 3.551136364E-05 -2.219460227E-05
324.4 3.555176337E-05 -3.183686101E-20
324.6 2.669419134E-05 2.224515945E-05
324.8 8.908209806E-06 2.227052452E-05
325 0 -2.229594749E-05
325.2 0 -2.232142857E-05
325.4 0 -1.873034774E-20
325.6 0 2.211158074E-20
325.8 0 3.34249585E-20
326 0 -4.489903675E-20
326.2 0 4.489942529E-05
326.4 0 2.247554661E-05
326.6 0 1.347848537E-21
326.8 0 2.252739331E-05
327 9.021362587E-06 -2.255340647E-05
327.2 9.031791908E-06 -2.257947977E-05
327.4 0 2.035806731E-20
327.6 0 -2.263180765E-05
327.8 0 -2.265806265E-05
328 0 -2.268437863E-05
328.2 0 -4.542151163E-05
328.4 0 -4.547438882E-05
328.6 0 -2.276369464E-05
328.8 0 -1.908573434E-20
329 0 -3.397451871E-20
329.2 0 2.284356725E-05
329.4 0 4.574063232E-05
329.6 0 2.289712778E-05
329.8 0 -6.95369229E-20
330 0 -5.498653276E-20
330.2 0 -8.092332199E-20
330.4 0 -4.433650168E-20
330.6 0 -3.410080017E-20
330.8 0 -6.440154456E-20
331 0 2.308658392E-05
331.2 0 2.311390533E-05
331.4 9.256516588E-06 -8.545827938E-20
331.6 1.853499407E-05 2.316874259E-05
331.8 2.783551069E-05 2.319625891E-05
332 3.715814507E-05 -3.758966017E-20
332.2 4.650297619E-05 -2.32514881E-05
332.4 5.587008343E-05 -2.327920143E-05
332.6 5.593675418E-05 2.330698091E-05
332.8 6.533751493E-05 -2.903548748E-20
333 6.541566986E-05 -2.336273923E-05
333.2 5.613772455E-05 2.339071856E-05
333.4 4.683752998E-05 7.025629496E-05
333.6 3.7515006E-05 2.344687875E-05
333.8 3.756009615E-05 -2.34750601E-05
334 3.760529483E-05 5.000263102E-21
334.2 2.823795181E-05 -2.353162651E-05
334.4 2.827201448E-05 -2.356001206E-05
334.6 1.887077295E-05 1.052761682E-21
334.8 1.889359129E-05 7.085096735E-05
335 9.458232446E-06 4.729116223E-05
335.2 9.46969697E-06 -7.102272727E-05
335.4 9.48118932E-06 -4.74059466E-05
335.6 0 2.709907654E-20
335.8 0 -2.376064477E-05
336 0 -3.098206988E-20
336.2 0 -2.381859756E-05
336.4 0 1.954418104E-20
336.6 0 0.0001193841687
336.8 0 0.0001195302938
337 0 2.393535539E-05
337.2 0 2.396472393E-05
337.4 0 0.0001199708231
337.6 0 9.609471095E-05
337.8 0 7.215979064E-05
338 0 4.816584464E-05
338.2 0 -2.411265432E-05
338.4 0 -2.414245983E-05
338.6 0 -5.163593479E-20
338.8 0 -5.593763334E-20
339 0 -3.150036315E-20
339.2 0 4.803938352E-20
339.4 0 9.016365303E-21
339.6 0 2.432285181E-05
339.8 0 2.435317955E-05
340 0 2.438358302E-05
340.2 0 4.8828125E-05
340.4 0 4.888923655E-05
340.6 0 4.895050125E-05
340.8 0 4.90119197E-05
341 0 4.907349246E-05
341.2 0 2.456761006E-05
341.4 0 4.919710327E-05
341.6 0 0.0001231478562
341.8 0 7.398200758E-05
342 0 4.938369153E-05
342.2 0 0.0001236155063
342.4 0 9.901774398E-05
342.6 0 2.478585025E-05
342.8 0 8.722118372E-21
343 0 1.013526046E-20
343.2 0 3.521146273E-20
343.4 0 -6.82968978E-21
343.6 0 -2.494412516E-05
343.8 0 -4.995204604E-05
344 0 -8.348469128E-22
344.2 0 -2.50400641E-05
344.4 0 -3.601706243E-20
344.6 0 2.510443445E-05
344.8 0 5.027348777E-05
345 0 2.51691366E-05
345.2 0 -2.702912565E-21
345.4 0 7.570251938E-05
345.6 0 2.526681759E-05
345.8 0 2.529954663E-05
346 0 7.599708171E-05
346.2 0 7.609577922E-05
346.4 0 2.539824447E-05
346.6 0 2.54313151E-05
346.8 0 5.092894394E-05
347 0 -2.54977154E-05
347.2 0 -6.541849127E-20
347.4 0 2.556446335E-05
347.6 0 -5.631356537E-20
347.8 0 2.563156168E-05
348 0 -5.13304862E-05
348.2 0 -5.139802632E-05
348.4 0 2.57328722E-05
348.6 0 2.576682058E-05
348.8 0 2.580085865E-05
349 0 5.166997354E-05
349.2 0 2.58692053E-05
349.4 0 5.180702918E-05
349.6 0 5.187583001E-05
349.8 0 5.841370586E-20
350 0 2.600699068E-05
350.2 0 5.208333333E-05
350.4 0 2.607643525E-05
350.6 0 -2.611129679E-05
350.8 0 -7.843875502E-05
351 0 -7.85439008E-05
351.2 0 -0.0001310822148
351.4 0 -0.0001050067204
351.6 0 -7.886103634E-05
351.8 0 -5.264487871E-05
352 0 7.907388664E-05
352.2 0 7.918074324E-05
352.4 0 7.928788904E-05
352.6 0 7.93953252E-05
352.8 0 0.0001325050882
353 0 0.0001061480978
353.2 0 5.31462585E-05
353.4 0 7.982799728E-05
353.6 0 0.0001065825375
353.8 0 0.0001067281421
354 0 5.34370725E-05
354.2 0 5.351027397E-05
354.4 0 8.03755144E-05
354.6 0 0.0001073145604
354.8 0 0.0001074621733
355 0 0.0001076101928
355.2 0 5.387931034E-05
355.4 1.079074586E-05 9.304469889E-20
355.6 2.161134163E-05 2.701417704E-05
355.8 3.246191136E-05 8.115477839E-05
356 4.334257975E-05 5.417822469E-05
356.2 5.425347222E-05 -5.425347222E-05
356.4 6.519471488E-05 -5.432892907E-05
356.6 7.616643454E-05 -5.44045961E-05
356.8 7.627266388E-05 -3.285579908E-22
357 8.729050279E-05 0.0001363914106
357.2 9.833916084E-05 0.0001092657343
357.4 0.0001094187675 2.735469188E-05
357.6 0.00010957223 8.217917251E-05
357.8 0.0001097261236 -2.74315309E-05
358 0.0001098804501 -8.241033755E-05
358.2 0.0001100352113 1.204606685E-19
358.4 0.000110190409 -5.509520451E-05
358.6 0.0001103460452 2.75865113E-05
358.8 0.0001105021216 8.287659123E-05
359 0.0001106586402 -5.532932011E-05
359.2 0.0001108156028 -0.0001108156028
359.4 0.0001220703125 -8.322975852E-05
359.6 0.0001222439545 -0.0001111308677
359.8 0.0001335470085 -8.346688034E-05
360 0.000144882311 2.786198288E-05
360.2 0.0001450892857 5.580357143E-05
360.4 0.0001564735336 2.794170243E-05
360.6 0.0001678904011 -2.798173352E-05
360.8 0.0001681312769 -0.0001120875179
361 0.0001795977011 -2.80621408E-05
361.2 0.0001910971223 2.810251799E-05
361.4 0.0001913724784 -1.261263369E-20
361.6 0.0001916486291 4.662886356E-20
361.8 0.0001806358382 -2.822434971E-05
362 0.0001695911722 -2.826519537E-05
362.2 0.0001811594203 -8.491847826E-05
362.4 0.0001927612482 -8.504172714E-05
362.6 0.0001930414244 -0.0001135537791
362.8 0.0002046943231 -0.0001705786026
363 0.0002049927114 -0.0001708272595
363.2 0.0002281021898 -0.0001710766423
363.4 0.0002398574561 -5.710891813E-05
363.6 0.0002516471449 5.337653153E-23
363.8 0.0002749266862 -5.727639296E-05
364 0.0002753303965 -0.0001147209985
364.2 0.0002757352941 -2.872242647E-05
364.4 0.0002876472754 5.752945508E-05
364.6 0.0002995943953 2.880715339E-05
364.8 0.0003115768095 2.884970458E-05
365 0.0003004807692 2.889238166E-05
365.2 0.0003009259259 -5.787037037E-05
365.4 0.0003013724036 -0.0001448905786
365.6 0.000301820208 -0.0002031482169
365.8 0.0003022693452 -0.0002034505208
366 0.0003027198212 -0.0001455383756
366.2 0.0003148320896 -0.0001749067164
366.4 0.0003036248132 -0.0001751681614
366.6 0.000292383982 -0.0001169535928
366.8 0.0002928223388 -0.0001464111694
367 0.0002815315315 -2.93262012E-05
367.2 0.0002702067669 5.87406015E-05
367.4 0.0002470820783 1.304213307E-20
367.6 0.0002356711916 -5.891779789E-05
367.8 0.0002360271903 -0.0001180135952
368 0.0002363842663 -5.909606657E-05
368.2 0.0002367424242 -2.959280303E-05
368.4 0.0002371016692 -0.0001481885432
368.6 0.0002374620061 -0.000118731003
368.8 0.0002140410959 2.972792998E-05
369 0.0001905487805 8.931974085E-05
369.2 0.0001789122137 2.981870229E-05
369.4 0.0001672400612 -2.986429664E-05
369.6 0.0001555321593 -7.804638922E-23
369.8 0.0001437883436 -8.986771472E-05
370 0.0001440092166 -6.000384025E-05
370.2 0.0001322115385 3.004807692E-05
370.4 0.0001203775039 6.018875193E-05
370.6 0.0001085069444 -6.02816358E-05
370.8 0.0001086746522 -6.03748068E-05
371 0.0001088428793 6.046826625E-05
371.2 0.0001090116279 3.028100775E-05
371.4 0.0001091809006 -3.032802795E-05
371.6 0.0001093506998 5.320421612E-20
371.8 0.0001216900312 6.084501558E-05
372 0.0001218798752 -0.0001828198128
372.2 0.0001342773438 -0.0002136230469
372.4 0.0001344874804 3.056533646E-05
372.6 0.0001346982759 0.0001224529781
372.8 0.0001349097331 -3.066130298E-05
373 0.0001105542453 -9.212853774E-05
373.2 0.0001107283465 3.075787402E-05
373.4 0.0001232255521 3.080638801E-05
373.6 0.0001234202212 6.171011058E-05
373.8 0.0001236155063 6.180775316E-05
374 0.0001238114105 6.190570523E-05
374.2 0.0001240079365 6.200396825E-05
374.4 0.0001242050874 9.315381558E-05
374.6 0.0001244028662 0.0001244028662
374.8 0.0001246012759 1.26343949E-20
375 0.0001248003195 8.686499101E-21
375.2 0.000125 6.25E-05
375.4 0.0001252003205 3.130008013E-05
375.6 0.0001254012841 -3.135032103E-05
375.8 0.0001256028939 -1.339288716E-21
376 0.000125805153 2.181860591E-20
376.2 0.000138608871 4.244515191E-20
376.4 0.0001262116317 9.465872375E-05
376.6 0.0001264158576 9.48118932E-05
376.8 0.000113958671 3.165518639E-05
377 0.0001268262987 6.341314935E-05
377.2 0.0001143292683 0.0001587906504
377.4 0.0001145154723 9.542956026E-05
377.6 0.0001147022838 8.771930627E-21
377.8 0.0001148897059 -2.933460668E-20
378 0.0001150777414 6.393207856E-05
378.2 0.0001152663934 0.0001280737705
378.4 0.000115455665 9.621305419E-05
378.6 0.0001027960526 9.637129934E-05
378.8 0.0001287067545 0.0001287067545
379 0.0001160272277 -3.222978548E-05
379.2 0.0001162190083 -3.228305785E-05
379.4 0.0001034768212 6.467301325E-05
379.6 0.0001036484245 3.239013267E-05
379.8 0.000103820598 3.244393688E-05
380 9.099417637E-05 -9.74937604E-05
380.2 7.8125E-05 -9.765625E-05
380.4 6.521285476E-05 6.521285476E-05
380.6 6.532190635E-05 9.798285953E-05
380.8 5.234505863E-05 -6.543132328E-05
381 3.932466443E-05 -0.0001638527685
381.2 2.62605042E-05 -0.000131302521
381.4 1.31523569E-05 -0.000131523569
381.6 1.317453626E-05 -6.587268128E-05
381.8 1.319679054E-05 -6.59839527E-05
382 1.321912014E-05 -3.304780034E-05
382.2 1.324152542E-05 -9.931144068E-05
382.4 1.326400679E-05 -6.632003396E-05
382.6 1.328656463E-05 -9.964923469E-05
382.8 1.330919932E-05 -0.0001330919932
383 1.333191126E-05 2.805276713E-20
383.2 1.335470085E-05 -3.338675214E-05
383.4 1.337756849E-05 6.688784247E-05
383.6 1.340051458E-05 3.350128645E-05
383.8 1.342353952E-05 -0.0001342353952
384 1.344664372E-05 -0.0001008498279
384.2 1.346982759E-05 -6.734913793E-05
384.4 1.349309154E-05 -3.373272884E-05
384.6 1.351643599E-05 2.013675997E-20
384.8 1.353986135E-05 -3.384965338E-05
385 1.356336806E-05 -3.390842014E-05
385.2 1.358695652E-05 -0.0001019021739
385.4 1.361062718E-05 -6.805313589E-05
385.6 1.363438045E-05 3.408595113E-05
385.8 1.365821678E-05 -9.644555292E-20
386 1.36821366E-05 -0.000136821366
386.2 1.370614035E-05 -0.0001370614035
386.4 1.373022847E-05 -3.432557118E-05
386.6 1.375440141E-05 -6.877200704E-05
386.8 1.377865961E-05 -6.889329806E-05
387 1.380300353E-05 -6.901501767E-05
387.2 1.382743363E-05 -4.920173647E-21
387.4 1.385195035E-05 -3.462987589E-05
387.6 2.775310835E-05 -0.0001040741563
387.8 2.78024911E-05 6.950622776E-05
388 2.785204991E-05 -3.179056647E-20
388.2 2.790178571E-05 -2.080853708E-20
388.4 2.795169946E-05 6.987924866E-05
388.6 4.200268817E-05 -3.500224014E-05
388.8 5.610412926E-05 -3.506508079E-05
389 7.025629496E-05 -3.474714773E-20
389.2 8.445945946E-05 4.17765174E-20
389.4 9.871389892E-05 1.123514498E-20
389.6 9.889240506E-05 -3.768286873E-20
389.8 0.0001273777174 3.538269928E-05
390 0.0001417876588 7.08938294E-05
390.2 0.00015625 1.739784816E-19
390.4 0.0001707650273 3.557604736E-05
390.6 0.0001710766423 0.0001069229015
390.8 0.0001856718464 3.570612431E-05
391 0.0002003205128 4.975834332E-21
391.2 0.0002006880734 3.583715596E-05
391.4 0.0002010569853 0.0001077090993
391.6 0.0002158149171 0.0001079074586
391.8 0.0002306273063 0.0001441420664
392 0.0002310536044 0.0001444085028
392.2 0.0002314814815 1.099511827E-19
392.4 0.0002174165121 -7.247217069E-05
392.6 0.000217820632 3.630343866E-05
392.8 0.000218226257 0.0001091131285
393 0.0002186333955 -6.141100721E-20
393.2 0.0002190420561 -3.650700935E-05
393.4 0.0002194522472 7.315074906E-05
393.6 0.0002198639775 3.664399625E-05
393.8 0.0002202772556 -3.671287594E-05
394 0.0002206920904 -3.678201507E-05
394.2 0.0002358490566 -2.545242763E-20
394.4 0.000236294896 3.69210775E-05
394.6 0.0002367424242 7.398200758E-05
394.8 0.0002371916509 0.0001111835863
395 0.0002376425856 7.426330798E-05
395.2 0.0002380952381 7.44047619E-05
395.4 0.0002236402672 3.727337786E-05
395.6 0.0002240678776 -3.734464627E-05
395.8 0.0002394636015 -7.483237548E-05
396 0.0002549184261 -0.0001124640115
396.2 0.0002704326923 -7.512019231E-05
396.4 0.0002860067437 -3.763246628E-05
396.6 0.0003016409266 -7.541023166E-05
396.8 0.0003173355899 -3.777804642E-05
397 0.0003179505814 3.785125969E-05
397.2 0.0003185679612 3.792475728E-05
397.4 0.0003191877432 -3.799854086E-05
397.6 0.0003198099415 -7.614522417E-05
397.8 0.0003204345703 -7.629394531E-05
398 0.0003210616438 -7.644324853E-05
398.2 0.0003216911765 -7.659313725E-05
398.4 0.0003223231827 -7.674361493E-05
398.6 0.0003229576772 -7.689468504E-05
398.8 0.0003235946746 -7.704635108E-05
399 0.0003242341897 -3.430117318E-20
399.2 0.0003094059406 -8.693491772E-21
399.4 0.0003100198413 -0.0001550099206
399.6 0.0003106361829 -0.0001164885686
399.8 0.0003112549801 7.781374502E-05
400 0.0003118762475 7.796906188E-05
400.2 0.000296875 7.8125E-05
400.4 0.0002818136273 7.828156313E-05
400.6 0.0002666917671 4.222704826E-20
400.8 0.0002515090543 -7.859657948E-05
401 0.000236265121 -0.0001181325605
401.2 0.000220959596 -7.891414141E-05
401.4 0.0002055921053 -4.697774512E-20
401.6 0.0001901622718 0.0001188514199
401.8 0.0001746697154 3.96976626E-05
402 0.000159114053 -3.977851324E-05
402.2 0.000143494898 3.985969388E-05
402.4 0.0001278118609 -3.994120654E-05
402.6 0.0001120645492 -0.0001200691598
402.8 0.0001122946612 -4.010523614E-05
403 9.645061728E-05 4.01877572E-05
403.2 8.054123711E-05 8.054123711E-05
403.4 6.45661157E-05 4.035382231E-05
403.6 4.852484472E-05 -1.105453298E-20
403.8 3.241701245E-05 -4.052126556E-05
404 1.624220374E-05 -4.060550936E-05
404.2 0 -0.0001220703125
404.4 0 -0.0001223251566
404.6 0 -4.086035565E-05
404.8 0 -4.094601677E-05
405 0 4.103203782E-05
405.2 0 3.699953721E-20
405.4 0 -4.120516878E-05
405.6 0 4.12922833E-05
405.8 0 4.137976695E-05
406 0 4.146762208E-05
406.2 0 4.155585106E-05
406.4 0 -3.800755824E-20
406.6 0 3.025098258E-20
406.8 1.672912206E-05 2.173374051E-20
407 1.676502146E-05 6.851024028E-20
407.2 1.680107527E-05 -7.275263877E-20
407.4 1.683728448E-05 -8.895294572E-20
407.6 1.687365011E-05 -2.098174821E-20
407.8 1.691017316E-05 7.220737916E-20
408 1.694685466E-05 -4.236713666E-05
408.2 1.698369565E-05 -8.491847826E-05
408.4 1.702069717E-05 -4.255174292E-05
408.6 1.705786026E-05 -5.160133946E-20
408.8 1.7095186E-05 3.15781014E-20
409 1.713267544E-05 -4.28316886E-05
409.2 0 -4.292582418E-05
409.4 0 -1.854417875E-19
409.6 1.724613687E-05 3.332963424E-20
409.8 0 1.266270758E-19
410 0 2.555546614E-20
410.2 0 -3.041222995E-20
410.4 0 -5.997387467E-20
410.6 0 -5.772814771E-21
410.8 0 6.299760113E-21
411 0 -3.563163651E-20
411.2 0 2.740558714E-20
411.4 0 -2.851248464E-20
411.6 0 -2.383929162E-20
411.8 0 1.604816415E-20
412 0 -3.947894358E-20
412.2 0 3.702072474E-20
412.4 0 1.243423613E-20
412.6 0 -5.472870775E-20
412.8 0 -9.38592052E-20
413 0 -1.056259292E-19
413.2 0 -3.047565861E-20
413.4 0 4.500288018E-05
413.6 0 4.510681293E-05
413.8 0 6.788550486E-20
414 0 3.180570198E-20
414.2 0 -9.279906789E-21
414.4 0 -6.655245872E-20
414.6 0 -6.461992406E-20
414.8 0 -1.239933139E-19
415 0 -3.199716839E-20
415.2 0 4.521641605E-20
415.4 0 5.641525904E-20
415.6 0 -9.371789248E-20
415.8 0 -4.355207654E-20
416 0 4.639251781E-05
416.2 0 4.650297619E-05
416.4 0 -1.076009789E-19
416.6 0 2.124793759E-20
416.8 0 -6.203921392E-20
417 0 9.117117235E-20
417.2 0 4.459886077E-20
417.4 0 -6.729035427E-20
417.6 0 3.69724112E-20
417.8 0 6.983974679E-20
418 0 -8.498386569E-20
418.2 0 4.894371334E-21
418.4 0 1.209747076E-19
418.6 0 1.09620627E-19
418.8 0 9.597665848E-05
419 0 4.810652709E-05
419.2 0 2.122927373E-19
419.4 0 1.907739464E-20
419.6 0 -4.84646402E-05
419.8 0 0.000194340796
420 0 0.0001461190773
420.2 0 -4.8828125E-05
420.4 0 6.6376139E-21
420.6 0 9.814698492E-05
420.8 0 0.0001475913098
421 0 3.232185064E-21
421.2 0 -9.889240506E-05
421.4 0 -4.957170051E-05
421.6 0 0.0001490935115
421.8 0 9.964923469E-05
422 0 -8.156191294E-21
422.2 0 -5.008012821E-05
422.4 0 -0.0001004177378
422.6 0 0.0001006765464
422.8 0 -0.0001009366925
423 0 -0.0001011981865
423.2 0 0.0002029220779
423.4 0 -2.493288813E-20
423.6 0 -5.099543081E-05
423.8 0 5.11289267E-05
424 0 3.690111289E-21
424.2 0 -0.0001027960526
424.4 0 -0.0001030672823
424.6 0 5.166997354E-05
424.8 0 5.180702918E-05
425 0 -5.194481383E-05
425.2 0 -5.208333333E-05
425.4 0 1.314392885E-19
425.6 0 5.611842882E-20
425.8 0 -5.250336022E-05
426 0 -0.0001052897574
426.2 0 -5.278716216E-05
426.4 0 -5.29302168E-05
426.6 0 -5.307404891E-05
426.8 0 3.617346135E-20
427 0 -3.836814679E-20
427.2 0 1.207781286E-20
427.4 0 7.850247065E-20
427.6 0 -8.636153867E-20
427.8 0 -3.648852257E-20
428 0 3.819003554E-20
428.2 0 3.780027405E-20
428.4 0 -9.389980774E-20
428.6 0 -5.035546193E-20
428.8 0 5.470938375E-05
429 0 0.0001097261236
429.2 0 5.501760563E-05
429.4 0 5.51730226E-05
429.6 0 0.0001106586402
429.8 0 0.0001109730114
430 0 0.0001112891738
430.2 0 0.0001116071429
430.4 0 5.596346705E-05
430.6 0 7.220073073E-20
430.8 0 -8.853827021E-20
431 0 -2.858536299E-20
431.2 0 4.222676307E-20
431.4 0 -5.677688953E-05
431.6 0 -5.694241983E-05
431.8 0 5.710891813E-05
432 0 -1.105413551E-19
432.2 0 -5.744485294E-05
432.4 0 9.361659908E-20
432.6 0 -7.759258149E-20
432.8 0 1.464244832E-19
433 0 5.812872024E-05
433.2 0 5.830223881E-05
433.4 0 8.261762845E-21
433.6 0 -5.927525569E-21
433.8 0 -2.027530676E-20
434 0 1.894443874E-20
434.2 0 -4.312095227E-20
434.4 0 2.27047966E-20
434.6 0 2.813135986E-20
434.8 0 -2.613265877E-20
435 0 1.127935858E-19
435.2 0 -6.009615385E-05
435.4 0 -6.02816358E-05
435.6 0 6.046826625E-05
435.8 0 -4.941881855E-20
436 0 -6.084501558E-05
436.2 0 8.684468198E-20
436.4 0 5.644614801E-20
436.6 0 7.87604456E-20
436.8 0 6.161277603E-05
437 0 6.180775316E-05
437.2 0 9.53886195E-21
437.4 0 1.155766042E-19
437.6 0 -6.240015974E-05
437.8 0 -6.260016026E-05
438 0 6.280144695E-05
438.2 2.52016129E-05 2.923564597E-20
438.4 0 -6.32079288E-05
438.6 0 -1.582049431E-20
438.8 0 -1.539023329E-19
439 0 -1.480910387E-19
439.2 2.56147541E-05 6.403688525E-05
439.4 2.569901316E-05 6.424753289E-05
439.6 2.578382838E-05 2.016628192E-20
439.8 2.58692053E-05 -6.467301325E-05
440 2.59551495E-05 -0.0001297757475
440.2 2.604166667E-05 -6.510416667E-05
440.4 2.612876254E-05 -6.532190635E-05
440.6 2.621644295E-05 -0.0001310822148
440.8 2.63047138E-05 -0.000131523569
441 2.639358108E-05 -0.0001319679054
441.2 2.648305085E-05 -0.0001324152542
441.4 2.657312925E-05 -6.643282313E-05
441.6 2.666382253E-05 4.754848293E-20
441.8 0 -4.058920311E-20
442 2.684707904E-05 -2.165303981E-19
442.2 2.693965517E-05 -1.059932205E-19
442.4 2.703287197E-05 -2.326407504E-19
442.6 2.712673611E-05 -3.4588007E-19
442.8 2.722125436E-05 -1.166617897E-19
443 2.731643357E-05 -6.146967498E-20
443.2 2.74122807E-05 6.853070175E-05
443.4 0 6.877200704E-05
443.6 0 6.901501767E-05
443.8 0 6.925975177E-05
444 2.78024911E-05 -1.444090504E-19
444.2 5.580357143E-05 -2.935699399E-19
444.4 8.400537634E-05 -9.782572617E-21
444.6 8.430755396E-05 2.157045889E-20
444.8 0.0001128158845 1.570473426E-19
445 0.0001415307971 -7.076539855E-05
445.2 0.0001704545455 4.261683379E-20
445.4 0.0001995894161 5.954576017E-20
445.6 0.0002289377289 -1.164775718E-19
445.8 0.0002297794118 7.180606618E-05
446 0.0002306273063 9.246174683E-20
446.2 0.0002314814815 2.108458266E-19
446.4 0.0002904275093 -7.260687732E-05
446.6 0.0003206623134 -7.287779851E-05
446.8 0.0003218632959 7.315074906E-05
447 0.0002937030075 7.342575188E-05
447.2 0.0002948113208 7.370283019E-05
447.4 0.0003255208333 7.398200758E-05
447.6 0.0003267585551 7.426330798E-05
447.8 0.0003280057252 0.0001490935115
448 0.0003292624521 7.483237548E-05
448.2 0.0003305288462 7.512019231E-05
448.4 0.0003318050193 0.0001508204633
448.6 0.0003330910853 7.570251938E-05
448.8 0.0003343871595 3.932569418E-20
449 0.0003356933594 7.629394531E-05
449.2 0.0003370098039 0.0001531862745
449.4 0.0003383366142 0.0002306840551
449.6 0.000339673913 0.0002315958498
449.8 0.0003410218254 0.0001550099206
450 0.0003423804781 0.00015562749
450.2 0.00034375 0.00015625
450.4 0.0003451305221 0.00015687751
450.6 0.0003465221774 7.875504032E-05
450.8 0.0003479251012 7.907388664E-05
451 0.0003493394309 0.0002381859756
451.2 0.000318877551 0.0001594387755
451.4 0.0003201844262 8.004610656E-05
451.6 0.0003215020576 8.03755144E-05
451.8 0.0003228305785 -1.945103921E-19
452 0.0003241701245 -8.104253112E-05
452.2 0.0003255208333 -8.138020833E-05
452.4 0.0003268828452 -4.123342911E-20
452.6 0.0003282563025 -1.0227177E-19
452.8 0.0003296413502 -0.0001648206751
453 0.0003641419492 -0.0001655190678
453.2 0.0003656914894 7.432604092E-20
453.4 0.0003672542735 8.346688034E-05
453.6 0.0003017703863 -4.283357283E-20
453.8 0.0002693965517 -0.0001683728448
454 0.0002705627706 -0.0001691017316
454.2 0.0002717391304 -8.491847826E-05
454.4 0.0002729257642 -8.528930131E-05
454.6 0.000274122807 -0.0001713267544
454.8 0.0002753303965 -8.60407489E-05
455 0.0002765486726 -8.642146018E-05
455.2 0.0002777777778 -0.0001736111111
455.4 0.0003138950893 -8.719308036E-05
455.6 0.0003503363229 1.782383152E-19
455.8 0.0003871058559 -8.79786036E-05
456 0.0003535067873 -0.0001767533937
456.2 0.0003196022727 -8.877840909E-05
456.4 0.0003210616438 8.918378995E-05
456.6 0.0003225344037 0.0001791857798
456.8 0.0003240207373 0.0001800115207
457 0.0002893518519 0.0001808449074
457.2 0.0002543604651 0.0001816860465
457.4 0.0002190420561 0.0002738025701
457.6 0.0001833920188 0.0002750880282
457.8 0.0001474056604 0.0001842570755
458 0.0001110781991 0.0002776954976
458.2 7.44047619E-05 0.0001860119048
458.4 7.476076555E-05 9.345095694E-05
458.6 7.512019231E-05 0.0001878004808
458.8 7.548309179E-05 0.0002830615942
459 3.792475728E-05 0.000474059466
459.2 0 0.000381097561
459.4 0 9.574142157E-05
459.6 0 1.972848832E-19
459.8 3.867574257E-05 9.668935644E-05
460 3.88681592E-05 2.154834544E-19
460.2 7.8125E-05 -9.765625E-05
460.4 0.0001177763819 -9.814698492E-05
460.6 0.0001578282828 -0.0002959280303
460.8 0.000198286802 -0.000297430203
461 0.0002391581633 -9.964923469E-05
461.2 0.0002804487179 -0.0001001602564
461.4 0.0003221649485 -1.554784763E-19
461.6 0.0003238341969 -0.0001011981865
461.8 0.0003662109375 -0.0003051757812
462 0.0003681282723 -0.0001022578534
462.2 0.0004111842105 0.0002055921053
462.4 0.0004133597884 0.0004133597884
462.6 0.0003740026596 0.0001038896277
462.8 0.0004177807487 -2.73597538E-20
463 0.0004200268817 0.0002100134409
463.2 0.0004222972973 -2.068217718E-19
463.4 0.0004245923913 1.84147222E-21
463.6 0.0004269125683 0.0002134562842
463.8 0.0004292582418 0.0001073145604
464 0.0004316298343 0.0001079074586
464.2 0.0004340277778 -1.670997187E-20
464.4 0.0004800977654 -0.000218226257
464.6 0.0004827949438 -0.0001097261236
464.8 0.0004855225989 0.0001103460452
465 0.0003995028409 0.0002219460227
465.2 0.0003571428571 0.0001116071429
465.4 0.0003591954023 -2.913733818E-20
465.6 0.0003161127168 1.978525409E-20
465.8 0.0002725290698 -0.0002271075581
466 0.0002284356725 -0.0003426535088
466.2 0.0001838235294 -0.0002297794118
466.4 0.000138683432 -0.0001155695266
466.6 9.300595238E-05 -0.0001162574405
466.8 9.356287425E-05 -0.0002339071856
467 9.412650602E-05 -0.0003529743976
467.2 9.46969697E-05 -0.0002367424242
467.4 4.763719512E-05 0.0001190929878
467.6 0 0.0002396472393
467.8 0 -3.299059789E-19
468 0 -0.0003639363354
468.2 0 -0.000244140625
468.4 0 -0.0001228380503
468.6 0 -0.0002472310127
468.8 0 -0.0003732085987
469 0 -0.0005008012821
469.2 0 -0.0005040322581
469.4 0 -0.0002536525974
469.6 0 8.135924918E-20
469.8 0 -0.0002569901316
470 5.17384106E-05 -0.0001293460265
470.2 5.208333333E-05 0.0001302083333
470.4 5.243288591E-05 -2.393958433E-19
470.6 5.278716216E-05 -0.0001319679054
470.8 5.31462585E-05 -0.0001328656463
471 5.351027397E-05 0.0001337756849
471.2 5.387931034E-05 0.0001346982759
471.4 5.425347222E-05 -4.606550647E-19
471.6 5.463286713E-05 -0.0001365821678
471.8 5.501760563E-05 -0.0001375440141
472 5.540780142E-05 -8.027474217E-21
472.2 5.580357143E-05 -0.0001395089286
472.4 5.620503597E-05 3.981600282E-20
472.6 5.661231884E-05 -3.15757066E-19
472.8 5.702554745E-05 -0.0001425638686
473 5.744485294E-05 -0.0002872242647
473.2 5.787037037E-05 -0.0002893518519
473.4 0 0.000145755597
473.6 0 -0.0002937030075
473.8 0 -0.0005918560606
474 0 -0.0002981870229
474.2 0 0.0001502403846
474.4 0 0.0003028100775
474.6 0 -0.0003051757813
474.8 0 -0.0003075787402
475 0 -0.0001550099206
475.2 6.25E-05 -1.287027205E-19
475.4 6.300403226E-05 0.0003150201613
475.6 6.351626016E-05 0.0001587906504
475.8 0 0.0003201844262
476 0 0.0004842458678
476.2 0 -1.634483327E-19
476.4 0 -0.0001641281513
476.6 0 4.152635177E-20
476.8 0 0.0001669337607
477 0 0.0003367456897
477.2 0 -0.0001698369565
477.4 0 -0.0003426535088
477.6 0 -0.0001728429204
477.8 0 -0.0001743861607
478 0 0.0001759572072
478.2 7.102272727E-05 0.0001775568182
478.4 0.0001433486239 -1.154019911E-19
478.6 0.0002170138889 -0.0001808449074
478.8 0.0002920560748 -0.0005476051402
479 0.0003685141509 -0.0003685141509
479.2 0.0004464285714 -0.0001860119048
479.4 0.0005258413462 1.880849528E-19
479.6 0.0006067961165 0.0001896237864
479.8 0.0006893382353 -2.392510133E-19
480 0.0006961633663 5.268143658E-20
480.2 0.000703125 -0.0001953125
480.4 0.0007102272727 -0.0001972853535
480.6 0.0007971938776 -1.28001698E-20
480.8 0.0008859536082 0.0002013530928
481 0.0008138020833 0.0002034505208
481.2 0.0008223684211 -2.234766455E-20
481.4 0.0008311170213 -2.916010629E-19
481.6 0.0008400537634 2.396124964E-19
481.8 0.0008491847826 -9.898550364E-20
482 0.0008585164835 -6.988607307E-20
482.2 0.0008680555556 -1.350072861E-19
482.4 0.0008778089888 -0.0002194522472
482.6 0.0008877840909 -0.0004438920455
482.8 0.0009877873563 -0.0002244971264
483 0.0009084302326 -5.800293013E-19
483.2 0.0008272058824 0.0002297794118
483.4 0.0006510416667 0.000232514881
483.6 0.0005647590361 -0.0002353162651
483.8 0.0005716463415 -0.0002381859756
484 0.0004822530864 -2.118197297E-20
484.2 0.000390625 2.540067451E-20
484.4 0.0002966772152 3.637836591E-19
484.6 0.0002003205128 -5.902381177E-19
484.8 0.0002029220779 -2.442847808E-19
485 0.0002055921053 -1.248755793E-20
485.2 0.0002083333333 1.222364225E-19
485.4 0.0001055743243 -1.567707533E-19
485.6 0 1.772976666E-19
485.8 0 2.764502259E-19
486 0 3.26068368E-19
486.2 0 -3.921714433E-19
486.4 0 -4.382703963E-19
486.6 0 5.519208486E-19
486.8 0 -2.5804274E-19
487 0 1.493134837E-20
487.2 0 6.771368211E-19
487.4 0 4.965228004E-19
487.6 0 7.304279292E-19
487.8 0 1.355769366E-20
488 0 2.664787709E-19
488.2 0 -2.122492594E-19
488.4 0 4.477534944E-19
488.6 0 1.509832743E-19
488.8 0 3.264900145E-19
489 0 8.144095665E-20
489.2 0 -2.288710195E-20
489.4 0 4.089637116E-20
489.6 0 4.657680851E-19
489.8 0 1.871133682E-19
490 0 1.246980296E-18
490.2 0 4.125503883E-19
490.4 0 5.631124512E-19
490.6 0 8.184665889E-19
490.8 0 -1.077168204E-19
491 0 -6.120102429E-20
491.2 0 4.243478618E-19
491.4 0 -1.921073014E-19
491.6 0 -3.854982468E-19
491.8 0 -1.634741248E-18
492 0 -7.426328221E-19
492.2 0 4.359288072E-19
492.4 0 -5.745336434E-19
492.6 0 4.215339083E-19
492.8 0 -4.89799769E-19
493 0 -1.038530603E-18
493.2 0 -5.688082609E-19
493.4 0 2.50012529E-19
493.6 0 -9.839063257E-19
493.8 0 5.878888339E-19
494 0 1.291241535E-18
494.2 0 9.140198768E-19
494.4 0 1.112668708E-19
494.6 0 4.940858254E-19
494.8 0 8.338721466E-19
495 0 7.151949589E-19
495.2 0 9.450287436E-20
495.4 0 -5.445910496E-19
495.6 0 -2.430436226E-19
495.8 0 2.38486899E-20
496 0 -4.607995373E-19
496.2 0 -7.820889303E-20
496.4 0 1.627238169E-19
496.6 0 2.277175042E-18
496.8 0 1.632460624E-18
497 0 -7.923939387E-19
497.2 0 1.215077075E-18
497.4 0 2.87527545E-18
497.6 0 2.816979173E-18
497.8 0 1.346653997E-18
498 0 1.76675435E-18
498.2 0 -1.260647727E-18
498.4 0 -4.636393626E-18
498.6 0 6.530920828E-18
498.8 0 3.712188208E-18
499 0 4.520170765E-18
499.2 0 -4.108688035E-18
499.4 0 1.464260262E-19
499.6 0 -1.127408597E-17
499.8 0 -2.740005635E-18
500 0 1.221870046E-17
