0 1
0.2 0.7334845164
0.4 0.6439353201
0.6 0.5894309285
0.8 0.5426009745
1 0.5018805155
1.2 0.4659882528
1.4 0.4324716493
1.6 0.4030223438
1.8 0.3755597556
2 0.3501552309
2.2 0.3260488167
2.4 0.3066024423
2.6 0.286880753
2.8 0.2692792999
3 0.2531320498
3.2 0.2361556048
3.4 0.2224305569
3.6 0.2076754576
3.8 0.1956461661
4 0.1842544595
4.2 0.1732139155
4.4 0.1626053802
4.6 0.1544053057
4.8 0.1467225656
5 0.1370707053
5.2 0.1291943371
5.4 0.1222213712
5.6 0.1148022582
5.8 0.1081373774
6 0.1018363253
6.2 0.09659771522
6.4 0.09236610384
6.6 0.08698440768
6.8 0.08294611437
7 0.07906766874
7.2 0.07380905629
7.4 0.07239950662
7.6 0.0673955676
7.8 0.06207974492
8 0.05817754423
8.2 0.05346380644
8.4 0.05017260686
8.6 0.04820309009
8.8 0.04438322739
9 0.04044648757
9.2 0.03742732119
9.4 0.03528847312
9.6 0.03259100587
9.8 0.03202480198
10 0.03092785337
10.2 0.02823177163
10.4 0.02630262538
10.6 0.02513270737
10.8 0.02433973787
11 0.02304140566
11.2 0.02316949235
11.4 0.02342336066
11.6 0.02251970907
11.8 0.02191876514
12 0.0220425412
12.2 0.02253585567
12.4 0.02065106526
12.6 0.0195970062
12.8 0.01931243007
13 0.01759060736
13.2 0.01608807081
13.4 0.0154270101
13.6 0.01507752687
13.8 0.01404317289
14 0.01291233665
14.2 0.01223409924
14.4 0.01166730857
14.6 0.01109637373
14.8 0.01079516176
15 0.01043374716
15.2 0.01091570593
15.4 0.01018598156
15.6 0.009123760388
15.8 0.009379101496
16 0.01020363604
16.2 0.01011231753
16.4 0.009856459276
16.6 0.009072724636
16.8 0.007885278922
17 0.00698450331
17.2 0.007146179813
17.4 0.007495277642
17.6 0.007921593369
17.8 0.008581284854
18 0.006654713925
18.2 0.006770953684
18.4 0.00666765133
18.6 0.005622090079
18.8 0.005868198261
19 0.00710095809
19.2 0.007412108829
19.4 0.007399968075
19.6 0.007465410477
19.8 0.007381867663
20 0.007642988268
20.2 0.007784273693
20.4 0.007068720385
20.6 0.006168464824
20.8 0.006290145597
21 0.005035061469
21.2 0.004552907458
21.4 0.004484132739
21.6 0.004367507763
21.8 0.004786113292
22 0.004749279001
22.2 0.004509675732
22.4 0.004253665899
22.6 0.004892700227
22.8 0.003666793203
23 0.002301741043
23.2 0.0025643624
23.4 0.002439201668
23.6 0.00288796221
23.8 0.001875745466
24 0.001855689832
24.2 0.001994331992
24.4 0.002032011636
24.6 0.001743736142
24.8 0.0009383599265
25 0.0008328004537
25.2 0.0003556234754
25.4 -0.0001708735791
25.6 3.432951862E-05
25.8 0.0008362282126
26 4.987877683E-05
26.2 0.0004462205183
26.4 -0.0001173986391
26.6 0.0007304356055
26.8 0.0003283925352
27 0.0002807608518
27.2 0.001288220839
27.4 0.001052100308
27.6 0.001667359678
27.8 0.0024576995
28 0.003354850851
28.2 0.002866222416
28.4 0.002371642582
28.6 0.00203192102
28.8 0.001665048943
29 0.001341507787
29.2 0.0008666792035
29.4 0.001058026286
29.6 -0.0002324953103
29.8 -0.0001166525238
30 -1.637707886E-05
30.2 -0.001257302554
30.4 -0.001847353749
30.6 -0.003119459249
30.8 -0.002704942814
31 -0.002859828753
31.2 -0.002952097099
31.4 -0.003531667936
31.6 -0.003276009861
31.8 -0.00431413609
32 -0.006433420021
32.2 -0.00667037099
32.4 -0.007731555375
32.6 -0.008325324309
32.8 -0.009889428834
33 -0.009271767132
33.2 -0.009816926098
33.4 -0.009553111267
33.6 -0.009706513874
33.8 -0.0105883821
34 -0.01050870127
34.2 -0.01080453829
34.4 -0.01010460489
34.6 -0.009980394614
34.8 -0.009325183363
35 -0.00986060567
35.2 -0.01003029884
35.4 -0.009414903355
35.6 -0.007476907283
35.8 -0.00632623454
36 -0.005632496974
36.2 -0.006833369324
36.4 -0.006124379736
36.6 -0.005102977615
36.8 -0.003962013741
37 -0.004854718415
37.2 -0.004685989755
37.4 -0.003267102392
37.6 -0.001910789126
37.8 -0.001941241301
38 -0.0004892422773
38.2 -0.001603340009
38.4 -0.001498434583
38.6 -0.001745495898
38.8 -0.001456854692
39 -0.001024426756
39.2 0.0005597978893
39.4 0.0006344542815
39.6 0.0004872336668
39.8 0.001018439079
40 0.002643038518
40.2 0.002907252823
40.4 0.003930381682
40.6 0.004334194177
40.8 0.003930251308
41 0.005745051204
41.2 0.004971912092
41.4 0.005704166136
41.6 0.005238961962
41.8 0.005566118633
42 0.006941686831
42.2 0.006658800172
42.4 0.00661416992
42.6 0.006767055998
42.8 0.008312679045
43 0.007915904256
43.2 0.007756097747
43.4 0.006475115724
43.6 0.0064095412
43.8 0.006423002591
44 0.005040413313
44.2 0.005270720081
44.4 0.005166862461
44.6 0.005238353492
44.8 0.005407818882
45 0.005770772213
45.2 0.005354374534
45.4 0.00506286932
45.6 0.004089490751
45.8 0.005605769684
46 0.005259124438
46.2 0.005449117909
46.4 0.00675752225
46.6 0.008867170069
46.8 0.008560570972
47 0.007030298115
47.2 0.006950611104
47.4 0.006969724616
47.6 0.006692205795
47.8 0.006957944606
48 0.006670223263
48.2 0.005693906697
48.4 0.005262861611
48.6 0.004467232493
48.8 0.003539081925
49 0.004752338732
49.2 0.005598090714
49.4 0.004737345563
49.6 0.00447782594
49.8 0.004591800425
50 0.005481445022
50.2 0.006107198216
50.4 0.006359843992
50.6 0.007006974514
50.8 0.006324649542
51 0.005915917462
51.2 0.004973494917
51.4 0.003861772895
51.6 0.002232410443
51.8 0.002039349015
52 0.00118680528
52.2 0.0006425004163
52.4 0.001154456026
52.6 -0.0002537056118
52.8 7.146439303E-05
53 -0.001046093918
53.2 -0.0003986837578
53.4 0.000801553857
53.6 0.0002908267466
53.8 -0.001219910125
54 -0.001643325824
54.2 -0.001379116678
54.4 -0.00135986107
54.6 -0.001150859907
54.8 -0.002374181736
55 -0.004779919608
55.2 -0.004406549695
55.4 -0.005337826712
55.6 -0.005005517824
55.8 -0.004875874895
56 -0.005545160827
56.2 -0.005664361203
56.4 -0.006531151711
56.6 -0.006018306209
56.8 -0.006185527856
57 -0.008914177512
57.2 -0.009799277069
57.4 -0.008947278183
57.6 -0.009025607208
57.8 -0.008112528765
58 -0.008238879957
58.2 -0.00775587828
58.4 -0.006265703955
58.6 -0.005956684599
58.8 -0.004486763028
59 -0.002898750518
59.2 -0.001591217034
59.4 -0.001363890727
59.6 -0.001582788217
59.8 -0.001103840817
60 0.0001646223597
60.2 0.001434210245
60.4 0.0007241432602
60.6 0.0004259954537
60.8 0.001076566971
61 0.001016124967
61.2 0.002230068262
61.4 0.001759763568
61.6 0.001222356238
61.8 0.00156610317
62 0.00145531059
62.2 0.0007853967576
62.4 0.0004056221609
62.6 0.0007581248903
62.8 0.0002462246172
63 -0.000106978928
63.2 0.0006486876192
63.4 0.0009505606138
63.6 0.002107401719
63.8 0.001607841211
64 0.001526593961
64.2 0.00196039496
64.4 0.002975290875
64.6 0.00264716256
64.8 0.002493905617
65 0.003155501659
65.2 0.00249348799
65.4 0.001876821549
65.6 0.002881663301
65.8 0.002859054731
66 0.002641648107
66.2 0.002696906584
66.4 0.002735727663
66.6 0.002302891985
66.8 0.004422806562
67 0.003093023866
67.2 0.00188227308
67.4 0.00271953466
67.6 0.004338471949
67.8 0.005307662747
68 0.005109828132
68.2 0.004739980904
68.4 0.00434556581
68.6 0.003445060666
68.8 0.003349893726
69 0.003031215273
69.2 0.002629170747
69.4 0.003968486854
69.6 0.00393144527
69.8 0.002646660796
70 0.003042147251
70.2 0.005924623459
70.4 0.005510247278
70.6 0.004313411827
70.8 0.005254486441
71 0.004527414195
71.2 0.005163102943
71.4 0.005819413349
71.6 0.005711770437
71.8 0.006878368198
72 0.007886803731
72.2 0.008865045964
72.4 0.007721770356
72.6 0.007982587882
72.8 0.008039338536
73 0.008089391652
73.2 0.008888347053
73.4 0.008879096899
73.6 0.01020293232
73.8 0.0094023496
74 0.009718296934
74.2 0.007628336475
74.4 0.006999486597
74.6 0.006747207668
74.8 0.006857882987
75 0.005995054893
75.2 0.005271456786
75.4 0.005706971999
75.6 0.00677731799
75.8 0.005935130415
76 0.005718624571
76.2 0.00547628574
76.4 0.005332169707
76.6 0.004414689591
76.8 0.003809235867
77 0.003376215361
77.2 0.002904337061
77.4 0.001780126671
77.6 0.0008834110601
77.8 0.001234460656
78 0.002402572839
78.2 0.00209544145
78.4 0.001862019927
78.6 0.001333900967
78.8 0.001426359772
79 0.00166160264
79.2 0.002459862557
79.4 0.002160213223
79.6 0.001280879289
79.8 0.0005689422371
80 0.001440639968
80.2 -0.0005785119529
80.4 -0.0005744606549
80.6 -0.001495233654
80.8 -0.001618195634
81 -0.001982601556
81.2 -0.001966740615
81.4 -0.002004230054
81.6 -0.001204137844
81.8 -0.001718525283
82 -0.001183199581
82.2 -0.0007655199621
82.4 -0.0007133822925
82.6 -0.0001197857479
82.8 -0.0005414717678
83 -0.001421339429
83.2 -0.001122474629
83.4 -0.0003049745325
83.6 0.0001394661798
83.8 0.001024613766
84 0.001438739355
84.2 0.001833559837
84.4 0.002256968577
84.6 0.003268157217
84.8 0.003795651546
85 0.003321582413
85.2 0.00359143124
85.4 0.003392208584
85.6 0.005248716517
85.8 0.005915116039
86 0.006212133393
86.2 0.005985387881
86.4 0.00577534492
86.6 0.006255113199
86.8 0.007504358005
87 0.008445455435
87.2 0.009896294751
87.4 0.01060309646
87.6 0.009945299019
87.8 0.009342708073
88 0.009104982432
88.2 0.01007160942
88.4 0.008905721733
88.6 0.009933236435
88.8 0.01000933759
89 0.009758622484
89.2 0.0100521269
89.4 0.009684585316
89.6 0.008288736098
89.8 0.006844855456
90 0.00699577522
90.2 0.006665546686
90.4 0.005309656301
90.6 0.003859353423
90.8 0.002258644916
91 0.003161377025
91.2 0.00245097442
91.4 0.002223377847
91.6 0.003172249327
91.8 0.003026350212
92 0.002695729593
92.2 0.002600264299
92.4 0.003305571879
92.6 0.00258506237
92.8 0.002467416643
93 0.001134976069
93.2 0.002417694248
93.4 0.002217668097
93.6 0.00337214892
93.8 0.002693119428
94 0.00310979717
94.2 0.003782383392
94.4 0.004092906367
94.6 0.004501924446
94.8 0.003215157875
95 0.003883388985
95.2 0.003463022986
95.4 0.003058954163
95.6 0.003075163384
95.8 0.003182748217
96 0.002414255734
96.2 0.002752304618
96.4 0.002156340006
96.6 0.002839519754
96.8 0.002726063297
97 0.002481398306
97.2 0.00256913396
97.4 0.002766148024
97.6 0.004318537437
97.8 0.003585701795
98 0.003322117227
98.2 0.003628706124
98.4 0.004460809655
98.6 0.004762162528
98.8 0.004540232778
99 0.004080455607
99.2 0.00238487817
99.4 0.003210987668
99.6 0.004597961278
99.8 0.004906150989
100 0.005713767209
100.2 0.005809577262
100.4 0.005496987653
100.6 0.006194637694
100.8 0.006941168593
101 0.007069615948
101.2 0.008612210027
101.4 0.008471782744
101.6 0.008014807794
101.8 0.007374328322
102 0.007156899032
102.2 0.006297445573
102.4 0.007032526641
102.6 0.007642232202
102.8 0.006860296029
103 0.008339238086
103.2 0.008421718795
103.4 0.009266267938
103.6 0.009653653045
103.8 0.009022194633
104 0.009520450939
104.2 0.009941403996
104.4 0.008424640928
104.6 0.008623496764
104.8 0.006333453868
105 0.005652776708
105.2 0.006165881252
105.4 0.005252561412
105.6 0.003370851714
105.8 0.003465834341
106 0.001705711742
106.2 0.001482969818
106.4 3.292301236E-06
106.6 -7.216435959E-05
106.8 -0.0006643814331
107 -0.001306937564
107.2 -0.000847963317
107.4 -0.001898078866
107.6 -0.0004992127067
107.8 -0.0008364738599
108 0.0001666857938
108.2 1.430063113E-05
108.4 -0.001474730756
108.6 -0.0006846287193
108.8 -0.0006487970627
109 -0.0004782556112
109.2 -0.001057225666
109.4 -0.0004503484784
109.6 0.0004092474049
109.8 0.001787662169
110 0.002027619729
110.2 0.001625080264
110.4 0.002787296089
110.6 0.002795449309
110.8 0.002250020973
111 0.001494788471
111.2 0.001835269531
111.4 0.002454187996
111.6 0.003850790313
111.8 0.003801565582
112 0.002821253609
112.2 0.003115081938
112.4 0.002294500068
112.6 0.002223827588
112.8 0.002796874574
113 0.002605419089
113.2 0.00250536968
113.4 0.002777825608
113.6 0.001212873297
113.8 0.0001332921199
114 0.001290768287
114.2 0.00061231171
114.4 -0.0003447799328
114.6 0.000774177973
114.8 0.0008354302058
115 0.001419672797
115.2 0.002116694074
115.4 0.001777919986
115.6 0.000370209109
115.8 0.00148213013
116 0.001628747398
116.2 0.0009780165279
116.4 0.0009543472702
116.6 0.001214757709
116.8 0.003909572787
117 0.005019579454
117.2 0.003818264955
117.4 0.005855153967
117.6 0.00765307187
117.8 0.00659360978
118 0.005427312145
118.2 0.006051744963
118.4 0.006146883943
118.6 0.005205172768
118.8 0.004508626959
119 0.003867060971
119.2 0.005304153981
119.4 0.004059203871
119.6 0.003323687317
119.8 0.002443906568
120 0.002510313358
120.2 0.002712054393
120.4 0.002066456193
120.6 0.001129678991
120.8 -0.001253073865
121 -0.00200716093
121.2 -0.004019543866
121.4 -0.004570417121
121.6 -0.006164327791
121.8 -0.006333849889
122 -0.00702654575
122.2 -0.006601078194
122.4 -0.007410441994
122.6 -0.007012421121
122.8 -0.008044747527
123 -0.006752432829
123.2 -0.006290486294
123.4 -0.005019797611
123.6 -0.005114252298
123.8 -0.003476021249
124 -0.003894142575
124.2 -0.00253748923
124.4 -0.00331825092
124.6 -0.002948941296
124.8 -0.004240396701
125 -0.002682409219
125.2 -0.002514161045
125.4 -0.003286338447
125.6 -0.00187059505
125.8 -0.002470938683
126 -0.003965123498
126.2 -0.004178499967
126.4 -0.004233282198
126.6 -0.004547468061
126.8 -0.004872498578
127 -0.004130879585
127.2 -0.004529362863
127.4 -0.003817142188
127.6 -0.004110261069
127.8 -0.004742489266
128 -0.003925542883
128.2 -0.004753615269
128.4 -0.00556275417
128.6 -0.00531793645
128.8 -0.006167964583
129 -0.008370072013
129.2 -0.00560444132
129.4 -0.005727750899
129.6 -0.005209374958
129.8 -0.00670714356
130 -0.006312479954
130.2 -0.004922485501
130.4 -0.005446091926
130.6 -0.005304196391
130.8 -0.005206612284
131 -0.003672122431
131.2 -0.003545755779
131.4 -0.004177564152
131.6 -0.003560098157
131.8 -0.005745825714
132 -0.006114654433
132.2 -0.006737114595
132.4 -0.006358727681
132.6 -0.006443430796
132.8 -0.006431424125
133 -0.006993424734
133.2 -0.007405113368
133.4 -0.006764614935
133.6 -0.006762620727
133.8 -0.00673373857
134 -0.006929546373
134.2 -0.00550852025
134.4 -0.005152400213
134.6 -0.004788078916
134.8 -0.005535627936
135 -0.005545775806
135.2 -0.006883976081
135.4 -0.00711461181
135.6 -0.005861938581
135.8 -0.006308974225
136 -0.004652976162
136.2 -0.003545561946
136.4 -0.00481388959
136.6 -0.004362190123
136.8 -0.003663042562
137 -0.004609363478
137.2 -0.002535155251
137.4 -0.001780760806
137.6 -0.002021762735
137.8 -0.0008474125326
138 -0.0006874450143
138.2 -0.0001511148108
138.4 0.0006416738805
138.6 -8.304471269E-05
138.8 0.0007419619329
139 0.0009828471237
139.2 0.0003081128474
139.4 0.0001649453649
139.6 -0.0003271216036
139.8 -0.0001856348227
140 -0.0008872752906
140.2 -0.002221631572
140.4 -0.003887028952
140.6 -0.003824915148
140.8 -0.003290915175
141 -0.003347715868
141.2 -0.003563349866
141.4 -0.003819573213
141.6 -0.003400560896
141.8 -0.004939853638
142 -0.005434867289
142.2 -0.005783750387
142.4 -0.00649828347
142.6 -0.005617716514
142.8 -0.005274198782
143 -0.006546713467
143.2 -0.007729475603
143.4 -0.008557972303
143.6 -0.01012845322
143.8 -0.01175288461
144 -0.0129711847
144.2 -0.0143277069
144.4 -0.01327842505
144.6 -0.01366877131
144.8 -0.0137139432
145 -0.01429456329
145.2 -0.01422500316
145.4 -0.0136648639
145.6 -0.01491545785
145.8 -0.01523013332
146 -0.0151640127
146.2 -0.01531658634
146.4 -0.01475403117
146.6 -0.01442510578
146.8 -0.01392860252
147 -0.01399492732
147.2 -0.01437222852
147.4 -0.01300724692
147.6 -0.01321686457
147.8 -0.01260007187
148 -0.01189666843
148.2 -0.01247161588
148.4 -0.01205476823
148.6 -0.01110129895
148.8 -0.01093754734
149 -0.01081148989
149.2 -0.01122489043
149.4 -0.01173664578
149.6 -0.01077023397
149.8 -0.01101144123
150 -0.01107662886
150.2 -0.01137792026
150.4 -0.01010774624
150.6 -0.008805888157
150.8 -0.007974894485
151 -0.007579870365
151.2 -0.005691228155
151.4 -0.003030053361
151.6 -0.003113026583
151.8 -0.0033065028
152 -0.002271383836
152.2 -0.004486253098
152.4 -0.003658356015
152.6 -0.004272437945
152.8 -0.003715029159
153 -0.004858817488
153.2 -0.004214001404
153.4 -0.003658671284
153.6 -0.00339486332
153.8 -0.001925157381
154 -0.001487096752
154.2 -0.0005686111821
154.4 0.0002174700354
154.6 -0.0001346852478
154.8 9.67671166E-05
155 -0.0008122447485
155.2 -0.0005805571344
155.4 -0.0008367323491
155.6 -0.001319418773
155.8 -0.002657076598
156 -0.00382040021
156.2 -0.003577379662
156.4 -0.003982801155
156.6 -0.00432562039
156.8 -0.00525222516
157 -0.005982471289
157.2 -0.006093106821
157.4 -0.005897609531
157.6 -0.007042006377
157.8 -0.007849559521
158 -0.00840906409
158.2 -0.009110915241
158.4 -0.01035378235
158.6 -0.01105607037
158.8 -0.01143195194
159 -0.01223136572
159.2 -0.01115967329
159.4 -0.01004747692
159.6 -0.008568999262
159.8 -0.01047273691
160 -0.01261427176
160.2 -0.01074626486
160.4 -0.01020148456
160.6 -0.009472417618
160.8 -0.01066670596
161 -0.01104691514
161.2 -0.01066280789
161.4 -0.01129471416
161.6 -0.01148316374
161.8 -0.01142338356
162 -0.01068513711
162.2 -0.01007023209
162.4 -0.01000169381
162.6 -0.008901634326
162.8 -0.009609247217
163 -0.01050623638
163.2 -0.008494454286
163.4 -0.007610416607
163.6 -0.008425962728
163.8 -0.008211292437
164 -0.008126972073
164.2 -0.006938161882
164.4 -0.006269569621
164.6 -0.005882533427
164.8 -0.005687497922
165 -0.004941700076
165.2 -0.004561299525
165.4 -0.002100177705
165.6 -0.0001106112909
165.8 -2.889878932E-05
166 0.0006439657914
166.2 0.002510552826
166.4 0.001382012255
166.6 0.001954513881
166.8 0.002635191537
167 0.003360891009
167.2 0.004395910965
167.4 0.004337297084
167.6 0.005548249574
167.8 0.006141284714
168 0.004153475004
168.2 0.003772315275
168.4 0.00338973049
168.6 0.001652965227
168.8 0.001804242558
169 6.329691239E-05
169.2 0.0003116318502
169.4 -0.0001847652551
169.6 5.982764047E-05
169.8 -0.002832879643
170 -0.001349064907
170.2 -0.001642797847
170.4 -0.0004567918615
170.6 0.0007524921259
170.8 0.0005100722369
171 0.0005358521434
171.2 -0.001838495138
171.4 -0.001919470791
171.6 -0.002106035953
171.8 -0.001824002598
172 -0.003238950904
172.2 -0.002715194842
172.4 -0.003774791551
172.6 -0.004259915239
172.8 -0.005025940505
173 -0.005423710294
173.2 -0.004985849852
173.4 -0.004646265778
173.6 -0.00559252734
173.8 -0.005958350043
174 -0.007490494695
174.2 -0.006839100286
174.4 -0.006396531882
174.6 -0.007719435493
174.8 -0.007775775254
175 -0.008516718596
175.2 -0.009038449454
175.4 -0.00988323763
175.6 -0.01084186646
175.8 -0.01085933906
176 -0.01126817248
176.2 -0.01219342213
176.4 -0.0121003403
176.6 -0.01180384157
176.8 -0.01180309833
177 -0.01148309016
177.2 -0.01107921056
177.4 -0.0100318664
177.6 -0.01009626741
177.8 -0.008056080252
178 -0.007088964317
178.2 -0.007044126364
178.4 -0.008088467807
178.6 -0.00784299402
178.8 -0.007448263007
179 -0.007374689244
179.2 -0.007181359656
179.4 -0.00600965285
179.6 -0.006717685122
179.8 -0.006324476617
180 -0.007315893529
180.2 -0.006258365836
180.4 -0.00572656477
180.6 -0.005539327269
180.8 -0.006959892435
181 -0.005886253783
181.2 -0.003613440114
181.4 -0.00366987493
181.6 -0.003660507115
181.8 -0.003213923355
182 -0.002638054755
182.2 -0.002425960064
182.4 -0.001759185243
182.6 -0.001135830362
182.8 0.0008399905741
183 0.0006126078017
183.2 0.002079738087
183.4 0.00181474048
183.6 0.002714140744
183.8 0.003946243497
184 0.004338939648
184.2 0.004685714157
184.4 0.00454182221
184.6 0.005162388657
184.8 0.005149869475
185 0.005942878326
185.2 0.005236764399
185.4 0.006647635508
185.6 0.006694754437
185.8 0.007486555947
186 0.007773368797
186.2 0.00751381707
186.4 0.007616130022
186.6 0.008604127321
186.8 0.008818575735
187 0.009675234859
187.2 0.008273963529
187.4 0.007097084208
187.6 0.006946682197
187.8 0.006228368533
188 0.007584202061
188.2 0.008291477468
188.4 0.008198641338
188.6 0.008692321146
188.8 0.007236416565
189 0.006962728863
189.2 0.007337332586
189.4 0.005948747348
189.6 0.006178615845
189.8 0.005466475313
190 0.004259137182
190.2 0.004636334706
190.4 0.002530392897
190.6 0.002293766162
190.8 0.001184118156
191 -0.001634173173
191.2 -0.001527003158
191.4 -0.001583006333
191.6 -0.00252050622
191.8 -0.004436405289
192 -0.004466418299
192.2 -0.005564541636
192.4 -0.006076203992
192.6 -0.005231985421
192.8 -0.005893421552
193 -0.006894428037
193.2 -0.00731815867
193.4 -0.009328443078
193.6 -0.00932451741
193.8 -0.009284679829
194 -0.009682143038
194.2 -0.009819322115
194.4 -0.009365447637
194.6 -0.00960979629
194.8 -0.009295672656
195 -0.008886514026
195.2 -0.007928253595
195.4 -0.006213740818
195.6 -0.007113615914
195.8 -0.007824028779
196 -0.008161389762
196.2 -0.007851549848
196.4 -0.008057709305
196.6 -0.007920441836
196.8 -0.007211409722
197 -0.00404390773
197.2 -0.004187099911
197.4 -0.003899997607
197.6 -0.00431356039
197.8 -0.004968086699
198 -0.006838015635
198.2 -0.005990446331
198.4 -0.006425218653
198.6 -0.004260353334
198.8 -0.004230543232
199 -0.002823659721
199.2 -0.002054096879
199.4 -0.001481991317
199.6 -0.0008624180365
199.8 -0.001529676534
200 -0.001120847805
200.2 -0.00175810904
200.4 -0.001763791465
200.6 -0.0005197320591
200.8 4.034068627E-05
201 0.0007177250943
201.2 0.0004668132759
201.4 0.002467889849
201.6 0.005187697156
201.8 0.00547025906
202 0.005729325085
202.2 0.004904738885
202.4 0.003603131881
202.6 0.002556984676
202.8 0.001861318359
203 0.001882893391
203.2 -0.0002441626423
203.4 -6.114285191E-05
203.6 0.0009322043846
203.8 2.413198296E-05
204 -0.0007490485421
204.2 -0.0006683064303
204.4 0.0002148439832
204.6 0.0003361525748
204.8 0.0002993464649
205 -0.0002517624103
205.2 -0.0007649487608
205.4 -0.001200246779
205.6 -0.00145385379
205.8 -0.002475501647
206 -0.001295011947
206.2 -0.001676485884
206.4 -0.00145274147
206.6 9.027038542E-05
206.8 0.00180453817
207 0.003851131512
207.2 0.005065537262
207.4 0.007497302206
207.6 0.008201654881
207.8 0.009226173952
208 0.008106312295
208.2 0.007764976088
208.4 0.008396295294
208.6 0.009671864227
208.8 0.01105945424
209 0.011916071
209.2 0.01220355554
209.4 0.01335311755
209.6 0.01358941238
209.8 0.01364379791
210 0.01591693625
210.2 0.01611748167
210.4 0.01521638159
210.6 0.01541237945
210.8 0.01387177666
211 0.01246320976
211.2 0.01231024681
211.4 0.01114260314
211.6 0.009588872683
211.8 0.009013926019
212 0.009378245205
212.2 0.009606351954
212.4 0.007389282575
212.6 0.007580912703
212.8 0.006132181934
213 0.005982554432
213.2 0.005471678073
213.4 0.006467972288
213.6 0.006453934156
213.8 0.005533602877
214 0.003924761079
214.2 0.003022855751
214.4 0.0008634128734
214.6 -0.0001325416739
214.8 -0.000335996221
215 0.0003421685718
215.2 -0.0007788282702
215.4 -0.001477066868
215.6 -0.0007286009524
215.8 -0.0007743327371
216 -0.0001673577266
216.2 0.0009787889454
216.4 -0.0009267373088
216.6 -0.0003937527761
216.8 -0.001083471366
217 -0.003211555251
217.2 -0.003741244062
217.4 -0.004105472257
217.6 -0.003921218945
217.8 -0.005171904398
218 -0.005131489366
218.2 -0.00547411526
218.4 -0.005590364777
218.6 -0.003530250055
218.8 -0.004113254683
219 -0.004183328846
219.2 -0.004079087917
219.4 -0.003929268239
219.6 -0.002896217785
219.8 -0.002191814324
220 -0.003316352745
220.2 -0.003391220938
220.4 -0.003676141184
220.6 -0.005005594833
220.8 -0.00712027662
221 -0.00854623459
221.2 -0.009682341734
221.4 -0.009736842174
221.6 -0.01013169874
221.8 -0.01073283468
222 -0.009993364437
222.2 -0.009735887171
222.4 -0.01010410293
222.6 -0.008748472079
222.8 -0.009713494089
223 -0.008739207938
223.2 -0.007996432003
223.4 -0.00832283394
223.6 -0.00743761157
223.8 -0.006443391862
224 -0.006432816101
224.2 -0.005985515681
224.4 -0.006527895866
224.6 -0.006420055469
224.8 -0.007180728242
225 -0.006312981571
225.2 -0.005332836052
225.4 -0.005108042735
225.6 -0.002901486987
225.8 -0.001126232044
226 -1.126394209E-05
226.2 -0.0006914041621
226.4 -0.0001019038563
226.6 0.0005188881641
226.8 0.001511012386
227 0.001475543627
227.2 0.001090646736
227.4 -6.382193072E-05
227.6 0.0009005753084
227.8 0.001623032853
228 0.002962481824
228.2 0.003364416446
228.4 0.004213388828
228.6 0.003063164643
228.8 0.003244263599
229 0.002491785886
229.2 0.001357402517
229.4 0.001554870121
229.6 0.003395730722
229.8 0.004343840432
230 0.001997797891
230.2 0.00319253296
230.4 0.003267069871
230.6 0.004511428959
230.8 0.005187595522
231 0.003265741185
231.2 0.002650711454
231.4 0.004153108142
231.6 0.003839083052
231.8 0.003610886832
232 0.003778171551
232.2 0.005447142647
232.4 0.004715866572
232.6 0.005424046976
232.8 0.007027013684
233 0.006202354364
233.2 0.005655683403
233.4 0.003364212251
233.6 0.003025923257
233.8 0.002966237238
234 0.003874456099
234.2 0.004419741509
234.4 0.006561798435
234.6 0.007625702679
234.8 0.01028152095
235 0.01045386988
235.2 0.01152931418
235.4 0.01291178033
235.6 0.01346598471
235.8 0.01261413046
236 0.01193497367
236.2 0.01292539725
236.4 0.01135026458
236.6 0.01111909568
236.8 0.01048183686
237 0.01133244527
237.2 0.01284597303
237.4 0.01452120181
237.6 0.01224901869
237.8 0.01195944059
238 0.01316979944
238.2 0.0137032727
238.4 0.01177882917
238.6 0.01281674404
238.8 0.01356843277
239 0.01051850984
239.2 0.0108428448
239.4 0.01108298661
239.6 0.01110810502
239.8 0.01124622578
240 0.01017906527
240.2 0.00999192412
240.4 0.0089762154
240.6 0.008541468313
240.8 0.008793996088
241 0.008286066562
241.2 0.01026157627
241.4 0.009714600368
241.6 0.009802141396
241.8 0.009267590248
242 0.007790976279
242.2 0.007080656429
242.4 0.006119381512
242.6 0.006240560478
242.8 0.006193088913
243 0.005317312205
243.2 0.004759904134
243.4 0.005010972418
243.6 0.005714511077
243.8 0.005329874064
244 0.006330781961
244.2 0.006792425924
244.4 0.005137544819
244.6 0.005630341981
244.8 0.004832213735
245 0.005445672588
245.2 0.004492755178
245.4 0.003653002051
245.6 0.00390970877
245.8 0.003291408724
246 0.003393750165
246.2 0.002825403868
246.4 0.002620301681
246.6 0.00152945394
246.8 0.0001238421569
247 0.000560647229
247.2 0.0006343826728
247.4 0.0004015064138
247.6 0.0003723158524
247.8 0.0006266809312
248 -0.001795077013
248.2 -0.003135034236
248.4 -0.004229645249
248.6 -0.003769048078
248.8 -0.003378357728
249 -0.003762134359
249.2 -0.00602250457
249.4 -0.00751602698
249.6 -0.008713130436
249.8 -0.00902160408
250 -0.008565867775
250.2 -0.008276704712
250.4 -0.007339932495
250.6 -0.005159403326
250.8 -0.004787429369
251 -0.004626225418
251.2 -0.003977634627
251.4 -0.003980375332
251.6 -0.002919828081
251.8 -0.005785925617
252 -0.006488845859
252.2 -0.006241566267
252.4 -0.007086624808
252.6 -0.009880875932
252.8 -0.01058070724
253 -0.01112624821
253.2 -0.01291188774
253.4 -0.01224185551
253.6 -0.01293619605
253.8 -0.01353472757
254 -0.0128255168
254.2 -0.0137524993
254.4 -0.01287816363
254.6 -0.01480913117
254.8 -0.01514221186
255 -0.01518868044
255.2 -0.01498351674
255.4 -0.01411235128
255.6 -0.01433884204
255.8 -0.01491112173
256 -0.01477687411
256.2 -0.01198667027
256.4 -0.01101926632
256.6 -0.01022187658
256.8 -0.009188505197
257 -0.009288707289
257.2 -0.009453027409
257.4 -0.007368831723
257.6 -0.007331648082
257.8 -0.006803043947
258 -0.005621297159
258.2 -0.004383210374
258.4 -0.004429382243
258.6 -0.005718706375
258.8 -0.004207480574
259 -0.004736090615
259.2 -0.005267753301
259.4 -0.00438829648
259.6 -0.004861843349
259.8 -0.003649124772
260 -0.003937860558
260.2 -0.004011595055
260.4 -0.003523166562
260.6 -0.002341123153
260.8 -0.0004672967944
261 0.0006898884654
261.2 -7.48812656E-06
261.4 0.0009965946546
261.6 -0.0002522353865
261.8 -0.001964262762
262 -0.00413749865
262.2 -0.005685451615
262.4 -0.004631593743
262.6 -0.003317438259
262.8 -0.003239410349
263 -0.002365826624
263.2 -0.002791448724
263.4 -0.002144347615
263.6 -0.0002628749288
263.8 -0.0001620045321
264 -0.0002349191218
264.2 -0.0008633670623
264.4 -0.0002913941964
264.6 -0.0009994205702
264.8 -0.0009676801823
265 -0.000214615783
265.2 -0.000794911717
265.4 -0.002452832693
265.6 -0.004692743268
265.8 -0.00423872712
266 -0.003508619709
266.2 -0.004150207624
266.4 -0.004458454563
266.6 -0.003319159541
266.8 -0.003475497885
267 -0.004576133936
267.2 -0.003826262794
267.4 -0.003930487482
267.6 -0.004474837171
267.8 -0.004728691274
268 -0.005349384719
268.2 -0.005548313421
268.4 -0.003982265268
268.6 -0.003735347833
268.8 -0.0050008786
269 -0.004819402576
269.2 -0.005964763511
269.4 -0.005666804596
269.6 -0.004814402792
269.8 -0.006763072656
270 -0.005141064268
270.2 -0.004544968351
270.4 -0.005182785291
270.6 -0.002698395527
270.8 -0.004008246139
271 -0.00382475124
271.2 -0.004525538098
271.4 -0.006355159277
271.6 -0.007193008332
271.8 -0.007168563843
272 -0.006301313101
272.2 -0.00810743079
272.4 -0.00761058977
272.6 -0.008239221883
272.8 -0.009456866657
273 -0.009601436337
273.2 -0.009466166611
273.4 -0.008332626219
273.6 -0.0064051688
273.8 -0.007022417898
274 -0.007051323023
274.2 -0.007693696437
274.4 -0.007956510267
274.6 -0.007170490687
274.8 -0.00685014897
275 -0.006712332712
275.2 -0.007458950347
275.4 -0.007209492023
275.6 -0.007839420791
275.8 -0.008009126922
276 -0.00759796849
276.2 -0.008736269352
276.4 -0.008422773798
276.6 -0.007231296118
276.8 -0.007082578292
277 -0.005432299967
277.2 -0.00445796928
277.4 -0.003763723096
277.6 -0.002929272343
277.8 -0.004705199921
278 -0.005618105514
278.2 -0.008344003659
278.4 -0.009731496628
278.6 -0.009502350641
278.8 -0.009368903279
279 -0.009430057419
279.2 -0.008485968754
279.4 -0.007577807939
279.6 -0.007236615931
279.8 -0.007245720306
280 -0.00910185969
280.2 -0.009990601066
280.4 -0.01025461087
280.6 -0.008521869744
280.8 -0.007262065262
281 -0.007577828378
281.2 -0.00792908185
281.4 -0.008066484945
281.6 -0.005902947543
281.8 -0.00537304678
282 -0.006177672278
282.2 -0.004344458341
282.4 -0.00318440561
282.6 -0.004481645156
282.8 -0.004111672504
283 -0.003034634245
283.2 -0.002171649143
283.4 -0.001485567934
283.6 -0.001142441336
283.8 -0.0001018452184
284 -0.00071893347
284.2 -2.352700945E-05
284.4 0.0008257456679
284.6 0.001625203411
284.8 0.003260289481
285 0.002260568383
285.2 0.002474630599
285.4 0.004549937672
285.6 0.003058974918
285.8 0.002641375575
286 0.002831025144
286.2 0.0007983883731
286.4 -0.001244662346
286.6 -0.001853396608
286.8 -0.001660267857
287 -0.004506552566
287.2 -0.005458854862
287.4 -0.008285433474
287.6 -0.009495612465
287.8 -0.009261817208
288 -0.01023544887
288.2 -0.01060348995
288.4 -0.0100514624
288.6 -0.01011303258
288.8 -0.01060528184
289 -0.01142784641
289.2 -0.01005641721
289.4 -0.01019981161
289.6 -0.00823921641
289.8 -0.007215815527
290 -0.007955311684
290.2 -0.005918767989
290.4 -0.005761714906
290.6 -0.004109129519
290.8 -0.004091498571
291 -0.005861913156
291.2 -0.006386886959
291.4 -0.007003370102
291.6 -0.007739314964
291.8 -0.007062862294
292 -0.006093761715
292.2 -0.005668062076
292.4 -0.007335123683
292.6 -0.008191099588
292.8 -0.006471825771
293 -0.005454916605
293.2 -0.006248036145
293.4 -0.009734294524
293.6 -0.01039995828
293.8 -0.01026649426
294 -0.009812910614
294.2 -0.009454020182
294.4 -0.009925281224
294.6 -0.007041992183
294.8 -0.004382550423
295 -0.00534421746
295.2 -0.005636237737
295.4 -0.005801085644
295.6 -0.006115227516
295.8 -0.005782902076
296 -0.006957094091
296.2 -0.006093730522
296.4 -0.006060910394
296.6 -0.00579089793
296.8 -0.00365578474
297 -0.003217509018
297.2 -0.002598542398
297.4 -0.001223782217
297.6 -0.0003762253595
297.8 8.031650131E-06
298 -0.001538608447
298.2 -0.002230548418
298.4 -0.00381248213
298.6 -0.003939086914
298.8 -0.007253295653
299 -0.008679992896
299.2 -0.009697295011
299.4 -0.01027515097
299.6 -0.01042253702
299.8 -0.009382044659
300 -0.009610749859
300.2 -0.009467821483
300.4 -0.007908936889
300.6 -0.008438377386
300.8 -0.006960171803
301 -0.00464261377
301.2 -0.003113360829
301.4 -0.003458492792
301.6 -0.001433759823
301.8 -0.0002013065605
302 0.0008237494661
302.2 0.0008342605527
302.4 0.001282503336
302.6 0.002782481211
302.8 0.0009067781947
303 0.0009044184124
303.2 0.0007445021227
303.4 0.001977417247
303.6 0.002065413226
303.8 0.00146044579
304 0.001404020708
304.2 0.0008170178943
304.4 0.0007921196234
304.6 0.002660874758
304.8 0.003252447517
305 0.006439214604
305.2 0.008460412913
305.4 0.007394624528
305.6 0.007856089718
305.8 0.006169853824
306 0.008077498372
306.2 0.00857938492
306.4 0.008528555712
306.6 0.005602535832
306.8 0.006425689216
307 0.006157882861
307.2 0.003800770514
307.4 0.00190356821
307.6 0.003867836763
307.8 0.004068926792
308 0.004365285749
308.2 0.005424193117
308.4 0.005059601042
308.6 0.006350191451
308.8 0.00607309588
309 0.008034097577
309.2 0.00855125073
309.4 0.007323737748
309.6 0.007176492951
309.8 0.006270599102
310 0.00674013171
310.2 0.006930999879
310.4 0.00664625759
310.6 0.008438103776
310.8 0.009112471589
311 0.01030087564
311.2 0.009697643208
311.4 0.009576099419
311.6 0.01006801281
311.8 0.009217073774
312 0.008553910756
312.2 0.01087322996
312.4 0.009654822938
312.6 0.009334959282
312.8 0.006942602397
313 0.00828666461
313.2 0.008233451976
313.4 0.005785989637
313.6 0.003383746086
313.8 0.004615247876
314 0.004880837246
314.2 0.003699994195
314.4 0.003920375606
314.6 0.006624208399
314.8 0.006588774694
315 0.00559073639
315.2 0.005967433082
315.4 0.00644457525
315.6 0.007778704232
315.8 0.007596132417
316 0.007439691842
316.2 0.007295298047
316.4 0.007409764831
316.6 0.01032222199
316.8 0.008714242744
317 0.008654518501
317.2 0.009978283498
317.4 0.01021819552
317.6 0.009290709781
317.8 0.0102684189
318 0.01097435073
318.2 0.01220393795
318.4 0.01373632698
318.6 0.01558936356
318.8 0.01351732682
319 0.01303874723
319.2 0.01594559051
319.4 0.01655708442
319.6 0.01583504877
319.8 0.01668736382
320 0.01781868257
320.2 0.01928897744
320.4 0.01883994449
320.6 0.01861878806
320.8 0.01701645991
321 0.0163898324
321.2 0.01535292878
321.4 0.01441557462
321.6 0.01322271588
321.8 0.01289155787
322 0.01140937695
322.2 0.01200888174
322.4 0.01313157666
322.6 0.01463855055
322.8 0.01484311337
323 0.01428606561
323.2 0.01337308908
323.4 0.0123562235
323.6 0.01034869779
323.8 0.01037532261
324 0.0108069155
324.2 0.009149948992
324.4 0.008516445966
324.6 0.006785310105
324.8 0.006785574225
325 0.006238118758
325.2 0.006814752901
325.4 0.005267681183
325.6 0.004871488197
325.8 0.004944571932
326 0.004429572528
326.2 0.004336936506
326.4 0.004467651888
326.6 0.002402260753
326.8 0.0001515679557
327 0.001167203398
327.2 0.0009384887824
327.4 0.002961202858
327.6 0.001261260338
327.8 0.0008446067915
328 0.001716884342
328.2 0.002719358324
328.4 0.003801330269
328.6 0.005274441663
328.8 0.003820414678
329 0.004756532339
329.2 0.004073658944
329.4 0.004016360854
329.6 0.004398132043
329.8 0.005715893758
330 0.004670209906
330.2 0.005423656516
330.4 0.003189433287
330.6 0.004966748617
330.8 0.008171178296
331 0.007021111708
331.2 0.00577238602
331.4 0.005956864797
331.6 0.005286092391
331.8 0.005087059429
332 0.005954753662
332.2 0.007408926918
332.4 0.006252392744
332.6 0.008202267022
332.8 0.007419129668
333 0.006895846218
333.2 0.007676476925
333.4 0.01023190464
333.6 0.008932211321
333.8 0.01066204698
334 0.008669590547
334.2 0.00710617468
334.4 0.007466094819
334.6 0.006578745213
334.8 0.003249993968
335 0.001074059937
335.2 0.002086104309
335.4 0.002174207105
335.6 0.002266347538
335.8 0.00314920029
336 0.003239599528
336.2 0.003865964048
336.4 0.006602673096
336.6 0.00541826669
336.8 0.004494553546
337 0.004676511477
337.2 0.00498164847
337.4 0.005360876518
337.6 0.005437044382
337.8 0.005453827181
338 0.004763687325
338.2 0.004414450861
338.4 0.005204957951
338.6 0.002669910465
338.8 0.005221545287
339 0.005179629901
339.2 0.008391511137
339.4 0.008267908716
339.6 0.00846784475
339.8 0.008233652695
340 0.01044149856
340.2 0.009731045562
340.4 0.008677283489
340.6 0.007656566643
340.8 0.009766241867
341 0.009563105276
341.2 0.009292102344
341.4 0.01013589645
341.6 0.009317588055
341.8 0.01013043125
342 0.01025473973
342.2 0.01073047134
342.4 0.01066015297
342.6 0.009854460893
342.8 0.006456313371
343 0.002818477243
343.2 0.002821892377
343.4 0.003692120499
343.6 0.00576304124
343.8 0.00614185556
344 0.006044919087
344.2 0.003621537466
344.4 0.003493939574
344.6 0.003197149325
344.8 0.002629225146
345 0.00179867373
345.2 0.002961659289
345.4 0.003485522814
345.6 0.001859533054
345.8 0.00418391735
346 0.004127997322
346.2 0.006467335927
346.4 0.006748740171
346.6 0.004602327309
346.8 0.004824091857
347 0.004313758921
347.2 0.004125512323
347.4 0.003559186714
347.6 0.001861312741
347.8 0.002174751075
348 0.0006321627732
348.2 0.0009417129683
348.4 6.091261826E-05
348.6 7.632638625E-05
348.8 -0.001167302479
349 0.0006838935062
349.2 -0.0008832374363
349.4 -0.001196872277
349.6 5.611069074E-05
349.8 0.0002972532614
350 0.0008737153622
350.2 0.0006210501605
350.4 -0.002869812935
350.6 -0.00212621553
350.8 0.0005166186735
351 -0.0009994726368
351.2 -0.002335824034
351.4 -0.003747786449
351.6 -0.001853143109
351.8 -0.0001348243262
352 -0.001620722924
352.2 -0.00225163885
352.4 -0.003521773143
352.6 -0.002805453113
352.8 -0.00369821329
353 -0.004497528067
353.2 -0.005222655885
353.4 -0.005972939139
353.6 -0.005876842559
353.8 -0.006464545479
354 -0.004493147695
354.2 -0.00494686077
354.4 -0.007725132914
354.6 -0.006418432624
354.8 -0.008135271004
355 -0.008318353323
355.2 -0.007233353482
355.4 -0.0060827934
355.6 -0.006875170556
355.8 -0.009828648494
356 -0.009278831573
356.2 -0.008592391449
356.4 -0.009822172969
356.6 -0.01195855119
356.8 -0.01229611757
357 -0.01241050077
357.2 -0.01131270142
357.4 -0.008979118401
357.6 -0.01189256014
357.8 -0.01176423373
358 -0.008750092138
358.2 -0.009156635085
358.4 -0.006919670309
358.6 -0.00460016445
358.8 -0.004397501086
359 -0.003932596006
359.2 -0.005008818563
359.4 -0.005833802818
359.6 -0.006306482015
359.8 -0.005122129611
360 -0.005886623438
360.2 -0.0074896829
360.4 -0.009999275894
360.6 -0.01118481983
360.8 -0.009229521956
361 -0.01181543545
361.2 -0.01241970572
361.4 -0.01322606845
361.6 -0.01611675595
361.8 -0.0177631876
362 -0.01884859671
362.2 -0.01843041615
362.4 -0.01739330097
362.6 -0.01742084077
362.8 -0.01679072195
363 -0.01584694226
363.2 -0.01407689653
363.4 -0.01478937331
363.6 -0.01330135244
363.8 -0.01120920136
364 -0.01237482921
364.2 -0.01232716485
364.4 -0.01197172638
364.6 -0.01279256599
364.8 -0.01185503973
365 -0.01334071423
365.2 -0.01351580073
365.4 -0.01194123106
365.6 -0.01052341386
365.8 -0.01037122798
366 -0.008239482285
366.2 -0.009056168875
366.4 -0.008193933251
366.6 -0.007327071606
366.8 -0.00952624212
367 -0.0111164176
367.2 -0.01338183641
367.4 -0.01395633988
367.6 -0.01387806647
367.8 -0.01286127356
368 -0.0144478772
368.2 -0.01370289912
368.4 -0.01290384825
368.6 -0.01214387877
368.8 -0.01367930698
369 -0.01285220266
369.2 -0.01491557911
369.4 -0.01467129293
369.6 -0.01342492977
369.8 -0.01243517244
370 -0.01181071456
370.2 -0.00898633836
370.4 -0.006226410189
370.6 -0.00687463926
370.8 -0.004708720525
371 -0.001242398653
371.2 -0.0003956105652
371.4 0.000617279204
371.6 0.003427296672
371.8 0.004094155952
372 0.004136701582
372.2 0.003650672673
372.4 0.003258929721
372.6 0.005588295806
372.8 0.004132296586
373 0.006490034086
373.2 0.006379657315
373.4 0.004948002152
373.6 0.001985804439
373.8 0.0052663039
374 0.003496700495
374.2 0.0005239510934
374.4 0.002020201069
374.6 0.002254337566
374.8 0.001371177607
375 -0.0008481455577
375.2 -0.0008430899333
375.4 -0.003353767276
375.6 -0.003256339037
375.8 -0.001421648137
376 -0.002144719105
376.2 -0.002211989092
376.4 -0.003070355935
376.6 -0.001860740336
376.8 -0.001245625876
377 -0.0009161833869
377.2 0.001126112464
377.4 0.0002198924038
377.6 0.0002778785687
377.8 0.0009804131331
378 0.001185277561
378.2 0.002568072695
378.4 0.003221536204
378.6 0.00261597578
378.8 0.000725402289
379 0.0004010504714
379.2 -0.001942011595
379.4 0.001282682881
379.6 0.0009914185468
379.8 0.001027078471
380 0.002443456693
380.2 0.001642639188
380.4 0.001980238718
380.6 0.001492138452
380.8 0.004069036767
381 0.004578233826
381.2 0.005836050485
381.4 0.003117366179
381.6 0.003303149363
381.8 0.003278343641
382 0.006445126411
382.2 0.006044071768
382.4 0.002945184144
382.6 0.00327479451
382.8 0.001303851789
383 0.002265160314
383.2 0.003814513413
383.4 0.00401994545
383.6 0.004625665367
383.8 0.004896482539
384 0.005693304019
384.2 0.005300804209
384.4 0.004985066645
384.6 0.004219307289
384.8 0.003863332891
385 0.005750437938
385.2 0.008003165893
385.4 0.00851771835
385.6 0.009279495521
385.8 0.008450455439
386 0.009329750904
386.2 0.01066001469
386.4 0.01127204767
386.6 0.01170166969
386.8 0.01283297822
387 0.01028466147
387.2 0.00889739044
387.4 0.01264491443
387.6 0.0147973764
387.8 0.01603136719
388 0.01725140601
388.2 0.01644849688
388.4 0.01462996593
388.6 0.01613785956
388.8 0.01258072684
389 0.01131491231
389.2 0.009443338927
389.4 0.0109908068
389.6 0.008830854158
389.8 0.01016358035
390 0.01075027759
390.2 0.01193444503
390.4 0.01460258402
390.6 0.01330967784
390.8 0.01174232271
391 0.01223506857
391.2 0.01023970976
391.4 0.008354065573
391.6 0.009512770296
391.8 0.01112508441
392 0.01202708937
392.2 0.01315395852
392.4 0.01151824228
392.6 0.01189017523
392.8 0.01400779914
393 0.01489010453
393.2 0.013629862
393.4 0.01664297032
393.6 0.01899008083
393.8 0.01802828493
394 0.01488009053
394.2 0.01594483127
394.4 0.01754951571
394.6 0.01554975431
394.8 0.01499490079
395 0.0171257568
395.2 0.0167145783
395.4 0.01816080324
395.6 0.01988384912
395.8 0.01932600721
396 0.01683594708
396.2 0.01751856141
396.4 0.01773811317
396.6 0.01281427561
396.8 0.01326279224
397 0.01472085548
397.2 0.01162297605
397.4 0.01322486734
397.6 0.01308252208
397.8 0.01032874573
398 0.008207142598
398.2 0.005443567852
398.4 0.004540572031
398.6 0.002559603632
398.8 0.002357477423
399 0.001644082464
399.2 0.0006045683755
399.4 -0.001145923469
399.6 -0.0016673019
399.8 -0.001124354697
400 -0.001293116604
400.2 -0.002158851433
400.4 -0.0006879997318
400.6 0.0001654568354
400.8 0.00161834476
401 0.002885124666
401.2 0.004681378921
401.4 0.002256486123
401.6 0.001879319739
401.8 0.001256357323
402 0.00168973925
402.2 0.00294139627
402.4 0.001830721358
402.6 -0.0004786119142
402.8 -0.0004314807447
403 -0.002040321941
403.2 -0.003005432433
403.4 -0.003577731866
403.6 -0.002470838274
403.8 4.547204858E-05
404 0.0004340218771
404.2 0.001650407743
404.4 0.001452457879
404.6 0.002283698444
404.8 0.006620583677
405 0.009268164653
405.2 0.007792366068
405.4 0.004574952238
405.6 0.005722742408
405.8 0.007386484964
406 0.008369241979
406.2 0.007955543404
406.4 0.005272565011
406.6 0.004454722983
406.8 0.003653416642
407 0.003177443268
407.2 0.003259931691
407.4 0.007227883533
407.6 0.003205474454
407.8 0.003864692717
408 0.0006805340751
408.2 0.0006861997655
408.4 0.003112139235
408.6 0.003934522812
408.8 0.0008753850393
409 -0.0009561024906
409.2 0.000855852762
409.4 -0.002237200422
409.6 -0.0005461784841
409.8 -0.003355421573
410 -0.002426889976
410.2 -0.002417728637
410.4 -0.005272418025
410.6 -0.009377406145
410.8 -0.01167283365
411 -0.01110243052
411.2 -0.01299886151
411.4 -0.01501228153
411.6 -0.01404394926
411.8 -0.01384804096
412 -0.01716807449
412.2 -0.01668455104
412.4 -0.01862743566
412.6 -0.01833730473
412.8 -0.01987947382
413 -0.02205945301
413.2 -0.02121754697
413.4 -0.02179572745
413.6 -0.0202801639
413.8 -0.02009799221
414 -0.01965756378
414.2 -0.01980913378
414.4 -0.02036997771
414.6 -0.0216432298
414.8 -0.01916366758
415 -0.01691375135
415.2 -0.01658257715
415.4 -0.01859985689
415.6 -0.01774944385
415.8 -0.01830374601
416 -0.01784400016
416.2 -0.01804008934
416.4 -0.01678674316
416.6 -0.01317748364
416.8 -0.01277471267
417 -0.01407419079
417.2 -0.01420184777
417.4 -0.01493232146
417.6 -0.01488132384
417.8 -0.0173652296
418 -0.01933710119
418.2 -0.01750078128
418.4 -0.02031712035
418.6 -0.01774045995
418.8 -0.02168802192
419 -0.02254231481
419.2 -0.023580014
419.4 -0.02334165712
419.6 -0.02352477509
419.8 -0.02704253711
420 -0.02775546882
420.2 -0.02915749483
420.4 -0.03268953811
420.6 -0.03309475358
420.8 -0.03640456989
421 -0.03634035838
421.2 -0.03383443878
421.4 -0.03055296238
421.6 -0.02815605792
421.8 -0.02665187255
422 -0.0263679667
422.2 -0.02747936772
422.4 -0.02475181627
422.6 -0.02588229073
422.8 -0.0244645792
423 -0.02281917303
423.2 -0.01789269038
423.4 -0.0188932842
423.6 -0.01609706534
423.8 -0.01355300741
424 -0.01016032689
424.2 -0.009791354465
424.4 -0.008582567747
424.6 -0.006071754883
424.8 -0.00470115804
425 -0.004361623389
425.2 -0.004373069601
425.4 -0.003911458322
425.6 -0.004847218996
425.8 -0.005127189956
426 -0.00606881858
426.2 -0.002866426782
426.4 -0.001249081266
426.6 -0.002595792039
426.8 -0.002688274583
427 -0.001946463918
427.2 -0.004144531093
427.4 -0.001671375211
427.6 -0.005390228225
427.8 -0.004938966978
428 -0.004396081917
428.2 -0.005222094643
428.4 -0.004410881501
428.6 -0.003516031465
428.8 -0.001957482803
429 -0.005118072871
429.2 -0.005211519025
429.4 -0.007175429298
429.6 -0.002877711614
429.8 -0.000559065635
430 -0.0003343991182
430.2 -0.003591759062
430.4 -0.002976718344
430.6 0.0004774237999
430.8 -0.002851028852
431 -0.0003628913813
431.2 -0.0002508606975
431.4 -0.001534339596
431.6 -0.001006832812
431.8 -0.001717314568
432 0.00128226162
432.2 0.002152280518
432.4 0.003898286555
432.6 0.007583908346
432.8 0.00963694383
433 0.009921078313
433.2 0.007638221507
433.4 0.0088337565
433.6 0.005601628253
433.8 0.003186945985
434 0.005768654054
434.2 0.003938947348
434.4 0.008411474132
434.6 0.009714521023
434.8 0.009518564879
435 0.007564561384
435.2 0.007518313776
435.4 0.00975507156
435.6 0.006393278644
435.8 4.163852068E-05
436 0.0005425992458
436.2 0.0007482627619
436.4 0.000434157747
436.6 -0.0001156641339
436.8 0.000830788243
437 0.001916138769
437.2 -0.002468512526
437.4 -0.002407085752
437.6 -0.007628623556
437.8 -0.007301796045
438 -0.009828155151
438.2 -0.01226068238
438.4 -0.008479612388
438.6 -0.01070181294
438.8 -0.01010910435
439 -0.007136377708
439.2 -0.005198352964
439.4 -0.005270509246
439.6 -0.007575874584
439.8 -0.008430435078
440 -0.00761436953
440.2 -0.008975871939
440.4 -0.009300822185
440.6 -0.0103972236
440.8 -0.01055258133
441 -0.01053221895
441.2 -0.01590417588
441.4 -0.01304225917
441.6 -0.01103101667
441.8 -0.01219684848
442 -0.01294274776
442.2 -0.01702480118
442.4 -0.01742804163
442.6 -0.02056330054
442.8 -0.02168266114
443 -0.02349813785
443.2 -0.02387398165
443.4 -0.02665514697
443.6 -0.0269145275
443.8 -0.0271629559
444 -0.02855140738
444.2 -0.02516599143
444.4 -0.02728703106
444.6 -0.02764901161
444.8 -0.03121594292
445 -0.03360150518
445.2 -0.03787127179
445.4 -0.03938228746
445.6 -0.04200318273
445.8 -0.04260892399
446 -0.04346286726
446.2 -0.04516604671
446.4 -0.04680633447
446.6 -0.04484816997
446.8 -0.04551246454
447 -0.04539524527
447.2 -0.04666979473
447.4 -0.04668068201
447.6 -0.0482334949
447.8 -0.05026637224
448 -0.05025600059
448.2 -0.04978372778
448.4 -0.04915717859
448.6 -0.05089674094
448.8 -0.05165179784
449 -0.05258557618
449.2 -0.05264005673
449.4 -0.05163492279
449.6 -0.05318174346
449.8 -0.05337814906
450 -0.05691515683
450.2 -0.05435992303
450.4 -0.04968434685
450.6 -0.04725474963
450.8 -0.04288707007
451 -0.04115663272
451.2 -0.03560394248
451.4 -0.03188809127
451.6 -0.03043700345
451.8 -0.02764106891
452 -0.02742931187
452.2 -0.02270580371
452.4 -0.02303054542
452.6 -0.02179980701
452.8 -0.02239340829
453 -0.01528005031
453.2 -0.01383029195
453.4 -0.009578315476
453.6 -0.009091095135
453.8 -0.009268922314
454 -0.004017787648
454.2 -0.007548773652
454.4 -0.004048325026
454.6 -0.005913365208
454.8 -0.002482424017
455 -0.00154333345
455.2 0.001917178384
455.4 0.001176833476
455.6 0.001126824871
455.8 0.002082920823
456 0.001258305739
456.2 -0.001306830965
456.4 -0.002347433436
456.6 -0.004301504521
456.8 6.01937388E-05
457 0.003313693994
457.2 0.002778542592
457.4 0.004182271691
457.6 0.004747350613
457.8 0.005905123437
458 0.0005315308122
458.2 0.00249999442
458.4 0.007361108442
458.6 0.00560512267
458.8 0.006703699045
459 0.005958805272
459.2 0.00684564419
459.4 0.006950743373
459.6 0.0106454347
459.8 0.008696180584
460 0.004974627554
460.2 0.003693408322
460.4 0.003671074233
460.6 0.00191615529
460.8 0.003685046696
461 0.004649212336
461.2 0.006035640444
461.4 0.006646032561
461.6 0.00983487683
461.8 0.01258076487
462 0.01494605807
462.2 0.0188729395
462.4 0.02275968229
462.6 0.02435387757
462.8 0.02093054432
463 0.02192318463
463.2 0.02030544944
463.4 0.02312690778
463.6 0.0223718605
463.8 0.02105336996
464 0.02092510463
464.2 0.02321074268
464.4 0.01890188581
464.6 0.0193641992
464.8 0.01536052519
465 0.0161908414
465.2 0.01894644274
465.4 0.01642949396
465.6 0.01733599803
465.8 0.0153653226
466 0.01648679098
466.2 0.01715422775
466.4 0.01453067742
466.6 0.0134711124
466.8 0.01749735708
467 0.01424812357
467.2 0.01268333735
467.4 0.01684905707
467.6 0.02129265101
467.8 0.02665879374
468 0.02503519552
468.2 0.02481330388
468.4 0.02838923815
468.6 0.03023961853
468.8 0.02633476583
469 0.03242545543
469.2 0.02602418172
469.4 0.03115309481
469.6 0.03617957223
469.8 0.0409523073
470 0.04561965712
470.2 0.04508461369
470.4 0.05376750558
470.6 0.06464353459
470.8 0.06018868405
471 0.06050678001
471.2 0.05941099987
471.4 0.06705017678
471.6 0.06192631088
471.8 0.06305529013
472 0.06740768308
472.2 0.07177674541
472.4 0.07319272939
472.6 0.07560092581
472.8 0.07791962733
473 0.07585297388
473.2 0.06893972352
473.4 0.07332380479
473.6 0.07521186928
473.8 0.07162325934
474 0.06979854907
474.2 0.07408728973
474.4 0.07586861779
474.6 0.08155288096
474.8 0.08110138465
475 0.07456179589
475.2 0.07185655923
475.4 0.07343586209
475.6 0.07205299517
475.8 0.06739996396
476 0.06638237737
476.2 0.06450482441
476.4 0.07425191869
476.6 0.07105006689
476.8 0.07489556043
477 0.07434088571
477.2 0.07449489752
477.4 0.07534920743
477.6 0.07648047104
477.8 0.07855980882
478 0.07589918801
478.2 0.07653843292
478.4 0.07231936267
478.6 0.07591290859
478.8 0.07490553796
479 0.08330514024
479.2 0.08606473142
479.4 0.08916619136
479.6 0.09053214014
479.8 0.0939312859
480 0.0976187082
480.2 0.09505583489
480.4 0.09507677584
480.6 0.0928863898
480.8 0.08707856292
481 0.08235462081
481.2 0.07920758394
481.4 0.07503582882
481.6 0.07321347453
481.8 0.0694678712
482 0.06880159867
482.2 0.06687128213
482.4 0.06471710513
482.6 0.0609812046
482.8 0.06598271018
483 0.06053068477
483.2 0.06147358135
483.4 0.06097898251
483.6 0.06537175109
483.8 0.05337788088
484 0.04971685931
484.2 0.05036638754
484.4 0.0449680149
484.6 0.04492689427
484.8 0.03701918835
485 0.03357667806
485.2 0.03234656536
485.4 0.02688689582
485.6 0.02905660382
485.8 0.02777139111
486 0.03084328366
486.2 0.03281107104
486.4 0.03808620227
486.6 0.03891377053
486.8 0.03852914883
487 0.02751446862
487.2 0.02462008501
487.4 0.01752971408
487.6 0.006976344767
487.8 0.005012974197
488 -0.000647529239
488.2 0.004742492932
488.4 0.002067059733
488.6 0.006473252607
488.8 -0.003125241325
489 -0.00815074421
489.2 -0.0117247871
489.4 -0.007122908246
489.6 -0.003659066233
489.8 -0.002708850684
490 -0.006332048485
490.2 -0.003265417124
490.4 -0.007722862479
490.6 -0.01056843639
490.8 -0.001476860876
491 0.002194763902
491.2 0.01172877791
491.4 0.006285198096
491.6 0.01031599349
491.8 0.00219706645
492 0.00396213166
492.2 -0.007315116054
492.4 -0.006665088009
492.6 -0.01011648509
492.8 -0.01147945873
493 0.00406179356
493.2 0.00813231078
493.4 0.00891189152
493.6 0.004342138873
493.8 -0.003076231522
494 -0.01186810781
494.2 0.001649316425
494.4 0.00736363022
494.6 0.006956347857
494.8 -0.0112088787
495 -0.00789088111
495.2 -0.01538928223
495.4 0.007175307453
495.6 0.02228858943
495.8 0.0228906503
496 0.0005507521383
496.2 -0.002117704879
496.4 -0.004315575253
496.6 -0.006287813633
496.8 -0.007788726895
497 -0.0199345389
497.2 -0.01989079408
497.4 -0.02715756189
497.6 -0.03075928396
497.8 -0.04740472787
498 -0.03875376852
498.2 -0.05475350053
498.4 -0.04557150427
498.6 -0.04830313282
498.8 -0.03605702627
499 -0.04886039905
499.2 -0.05924564259
499.4 -0.07110037772
499.6 -0.08816495726
499.8 -0.1112775587
500 -0.0959149625
