0 1
0.2 0.6489157009
0.4 0.5254165647
0.6 0.4449067353
0.8 0.3812521743
1 0.3291875469
1.2 0.285209767
1.4 0.2474665034
1.6 0.2144327409
1.8 0.1873391897
2 0.1625623198
2.2 0.1426917157
2.4 0.1249445533
2.6 0.1087329891
2.8 0.09406162634
3 0.08253356197
3.2 0.07269150516
3.4 0.06325842091
3.6 0.0542747977
3.8 0.04894311196
4 0.04417627654
4.2 0.03911320021
4.4 0.03478083475
4.6 0.03088611144
4.8 0.02775900871
5 0.02524616726
5.2 0.02188274703
5.4 0.01994049703
5.6 0.01823259757
5.8 0.01606857145
6 0.01277714471
6.2 0.01088896479
6.4 0.009858196423
6.6 0.01023267536
6.8 0.00920171669
7 0.008108366073
7.2 0.006122445762
7.4 0.004732582012
7.6 0.003053777357
7.8 0.002027561889
8 0.002720300739
8.2 0.00313376319
8.4 0.00264017537
8.6 0.002945241683
8.8 0.002253155098
9 0.001758458734
9.2 0.0008768961406
9.4 0.0006556208082
9.6 -0.0002346524
9.8 -0.0004651540148
10 -0.0005651753014
10.2 -0.0007305711971
10.4 -0.001534159693
10.6 -0.001130637294
10.8 -0.001261075998
11 -0.001908493852
11.2 -0.002492172002
11.4 -0.001488471988
11.6 -0.001789534659
11.8 -0.001927851806
12 -0.00282310967
12.2 -0.002632996838
12.4 -0.002554344852
12.6 -0.003261445826
12.8 -0.002298829448
13 -0.002602482733
13.2 -0.001481000863
13.4 -0.001501503239
13.6 -0.001107521381
13.8 5.504069884E-05
14 0.001496859557
14.2 0.0007654767002
14.4 0.001116762739
14.6 0.0007457947546
14.8 0.001844955505
15 0.001561387084
15.2 0.001162666426
15.4 0.0007029453667
15.6 0.0009768678252
15.8 -0.0001825396361
16 -0.0002960219501
16.2 0.000183586067
16.4 0.002004597494
16.6 0.001901860109
16.8 0.001333497365
17 0.0007176139592
17.2 0.001413621955
17.4 0.0005862163276
17.6 0.000990218682
17.8 0.001693575063
18 0.001580652384
18.2 0.001654118452
18.4 0.001403740601
18.6 0.002228544936
18.8 0.002368569092
19 0.001675318613
19.2 0.001137554475
19.4 0.001050706204
19.6 0.0007353430516
19.8 0.001097050898
20 0.0004977432611
20.2 -0.0001115655271
20.4 -0.0001027236784
20.6 -0.0005519586033
20.8 -0.0005241896447
21 -0.0001996654839
21.2 -0.0008327741231
21.4 -0.001114715179
21.6 3.69036651E-05
21.8 0.0007263883507
22 0.001436511463
22.2 0.002475667753
22.4 0.002464118931
22.6 0.002833069822
22.8 0.003059188401
23 0.003977334699
23.2 0.003630922115
23.4 0.004091864242
23.6 0.004855665595
23.8 0.00415549207
24 0.004013219467
24.2 0.004288096986
24.4 0.003905395047
24.6 0.003859633207
24.8 0.004818039431
25 0.004663522059
25.2 0.00547847267
25.4 0.006271132957
25.6 0.004757900562
25.8 0.004346102651
26 0.004160872667
26.2 0.005031501866
26.4 0.004604735354
26.6 0.004092034825
26.8 0.002917016896
27 0.003073933559
27.2 0.003377281848
27.4 0.002717737374
27.6 0.002495848526
27.8 0.002866957173
28 0.003177388637
28.2 0.003673510759
28.4 0.002315726403
28.6 0.00364090964
28.8 0.002853858633
29 0.001736546906
29.2 0.001539745166
29.4 0.001428596304
29.6 0.000813544605
29.8 0.0004033881983
30 -9.34400383E-05
30.2 -8.169139146E-05
30.4 0.0004260268014
30.6 0.0009725657159
30.8 0.0006666608514
31 0.00129363447
31.2 0.001213831449
31.4 0.001324530829
31.6 0.001815377
31.8 0.0004986606404
32 0.0008082114937
32.2 0.00074598671
32.4 0.0003813696284
32.6 -0.0004537949555
32.8 -0.0005327249754
33 -0.0003863245237
33.2 -0.001347271508
33.4 -0.003953147496
33.6 -0.004114999285
33.8 -0.003283364582
34 -0.003931895442
34.2 -0.003493081675
34.4 -0.003996922327
34.6 -0.003262472131
34.8 -0.002789509197
35 -0.003356344447
35.2 -0.003348296785
35.4 -0.005030051499
35.6 -0.006408198604
35.8 -0.007815554231
36 -0.008345880867
36.2 -0.008707170083
36.4 -0.007783023127
36.6 -0.007401231215
36.8 -0.007664157057
37 -0.007563734364
37.2 -0.007659593881
37.4 -0.006785779094
37.6 -0.005053929022
37.8 -0.004992402392
38 -0.00389880079
38.2 -0.003689982728
38.4 -0.003668072821
38.6 -0.003634221368
38.8 -0.003427393559
39 -0.001867718043
39.2 -0.002123661703
39.4 -0.000983535155
39.6 -0.001452650922
39.8 -0.0008360267026
40 0.0003318748323
40.2 -0.0001223705793
40.4 0.000815031908
40.6 -0.0001569997438
40.8 -0.0006370352249
41 -4.809590166E-05
41.2 -0.0005056894241
41.4 -0.00107286196
41.6 -0.0005767145958
41.8 0.0008281028927
42 0.001427628984
42.2 0.0008568833661
42.4 0.0008293785075
42.6 0.0002745763773
42.8 0.0002837726335
43 0.0008965419158
43.2 0.001116288821
43.4 0.001157406063
43.6 0.001602875808
43.8 0.002269697862
44 0.002085854404
44.2 0.002826814427
44.4 0.002988741878
44.6 0.002548895363
44.8 0.001087347662
45 0.001210781319
45.2 0.0001601104939
45.4 0.0006441057538
45.6 0.0003684412773
45.8 0.0008903750501
46 0.0004172869338
46.2 -0.0002555693007
46.4 -0.001346279467
46.6 0.0002607819032
46.8 -0.0003867443154
47 -0.001675519233
47.2 -0.001933180029
47.4 -0.001434361643
47.6 -0.0009881891701
47.8 -0.000925157497
48 -0.001019097752
48.2 -0.00129786409
48.4 -0.0009607987895
48.6 -0.001039469767
48.8 -0.001928365797
49 -0.001920959787
49.2 -0.0009631744484
49.4 -0.001647239923
49.6 -0.0007880597957
49.8 -0.001236258298
50 -0.0002191662513
50.2 0.0009585585052
50.4 -0.001176645198
50.6 -0.001130163748
50.8 -0.002065775966
51 -0.001950583004
51.2 -0.002412263441
51.4 -0.002977942381
51.6 -0.001902404495
51.8 -0.0006178453484
52 -0.001659710516
52.2 -0.0009040372669
52.4 -0.0001824686768
52.6 0.000822652338
52.8 -0.0001250486499
53 -0.0006656809082
53.2 -0.0009232387846
53.4 -0.00196048231
53.6 -0.0032538436
53.8 -0.003033393838
54 -0.002247626764
54.2 -0.003023355576
54.4 -0.003763850333
54.6 -0.00394172558
54.8 -0.003180302044
55 -0.002247654836
55.2 -0.001747454067
55.4 -0.0002709961998
55.6 -9.729557509E-05
55.8 -0.0002172943662
56 -0.001264575112
56.2 -0.0002917177752
56.4 -0.0008728591105
56.6 -0.001759893943
56.8 -0.002170983613
57 -0.0008402297999
57.2 -0.0002888605616
57.4 0.0006530955848
57.6 -0.0007367627035
57.8 -0.0005832903711
58 -0.0002818436944
58.2 0.0001808467443
58.4 0.0004924823133
58.6 0.0001662401513
58.8 -0.001421585174
59 -0.0006212853731
59.2 0.0001947262369
59.4 0.0008235710209
59.6 0.002097907899
59.8 0.002639948187
60 0.003185326335
60.2 0.002621506052
60.4 0.002963756591
60.6 0.002801886441
60.8 0.001557837888
61 0.00225623676
61.2 0.001789244401
61.4 0.001186116235
61.6 0.0008786291349
61.8 5.449962873E-05
62 0.0006062790508
62.2 0.0003797419144
62.4 0.0006040895318
62.6 -0.0003715477887
62.8 -0.002823343792
63 -0.004382503211
63.2 -0.004836649444
63.4 -0.005096131933
63.6 -0.006187815636
63.8 -0.0064647063
64 -0.006158878377
64.2 -0.006252432587
64.4 -0.006300678254
64.6 -0.007192913112
64.8 -0.007660089824
65 -0.008129717198
65.2 -0.008446078569
65.4 -0.009522908319
65.6 -0.007761991411
65.8 -0.006545446838
66 -0.006340932367
66.2 -0.008064865795
66.4 -0.009253239063
66.6 -0.008870409042
66.8 -0.007209685445
67 -0.005856981607
67.2 -0.006484482495
67.4 -0.004546440744
67.6 -0.00486435323
67.8 -0.0049718745
68 -0.002589392499
68.2 -0.002163194107
68.4 -0.002413307174
68.6 -0.002305687443
68.8 -0.001235834856
69 -0.001910867758
69.2 -0.001790680931
69.4 0.000316022843
69.6 -0.0005000474375
69.8 -0.0002941121701
70 0.001205858996
70.2 0.002362054535
70.4 0.003150106192
70.6 0.003490868954
70.8 0.002215089926
71 0.002695567402
71.2 0.003019578633
71.4 0.001352642119
71.6 0.0003203256974
71.8 0.0009323945778
72 0.000878175557
72.2 -0.0003820186037
72.4 -0.0003617320111
72.6 -0.0009597015044
72.8 -0.001280326793
73 -0.0009979687026
73.2 -0.002110781788
73.4 -0.001374960683
73.6 -0.001964351121
73.8 -0.002161175225
74 -0.001219408578
74.2 -0.001798178075
74.4 -0.002474289733
74.6 -0.00286043384
74.8 -0.001831648004
75 -0.002156811046
75.2 -0.001551367827
75.4 -0.001640918152
75.6 -0.001359641875
75.8 -0.0001537546568
76 0.0001238163958
76.2 0.001011639422
76.4 0.0002313469196
76.6 0.0006425479564
76.8 -0.0005374785089
77 -0.001081373893
77.2 -0.001308800168
77.4 -0.0004479449816
77.6 -0.001090109405
77.8 -0.0002586344409
78 6.407960207E-05
78.2 -0.001783902502
78.4 -0.001690501965
78.6 -0.001560226702
78.8 -0.001508602349
79 -0.001967783395
79.2 -0.002730160535
79.4 -0.003993191877
79.6 -0.004242386623
79.8 -0.005307531297
80 -0.005911754618
80.2 -0.005685221386
80.4 -0.005809249369
80.6 -0.004752269345
80.8 -0.003496713138
81 -0.004030223826
81.2 -0.005042931863
81.4 -0.004545433625
81.6 -0.004397574038
81.8 -0.002584844199
82 -0.002952415919
82.2 -0.002475606585
82.4 -0.00266627658
82.6 -0.002789313649
82.8 -0.00231719829
83 -0.003044844052
83.2 -0.002554973404
83.4 -0.004738561141
83.6 -0.004494682321
83.8 -0.004693730361
84 -0.002889371449
84.2 -0.002278255914
84.4 -0.002854814541
84.6 -0.001297165004
84.8 3.707017994E-06
85 0.0001512366617
85.2 -0.0002755897597
85.4 0.0003384459387
85.6 0.0006677468159
85.8 -0.001322553774
86 -0.0002479047112
86.2 -0.0003373950804
86.4 -0.001168081765
86.6 0.0005147728392
86.8 -0.0007422849283
87 0.001110738774
87.2 0.001325329258
87.4 0.001309060275
87.6 0.002094923673
87.8 0.001944440217
88 0.00280454811
88.2 0.002201355795
88.4 0.001409461204
88.6 0.0008593206278
88.8 0.0003182899859
89 0.0007842268202
89.2 0.001470898402
89.4 0.003649194724
89.6 0.003337063472
89.8 0.002897529615
90 0.002167472347
90.2 9.44385917E-05
90.4 0.0005507017228
90.6 0.002062306442
90.8 0.001152218493
91 0.0006775281888
91.2 0.002695503378
91.4 0.001161232106
91.6 -0.0007216665021
91.8 -0.001106135717
92 -0.0008487599627
92.2 0.0001723716653
92.4 0.001305451434
92.6 0.003399921346
92.8 0.003349377669
93 0.002517514261
93.2 0.001858599942
93.4 0.001795203767
93.6 0.002568065582
93.8 0.001308991233
94 0.001531568879
94.2 0.001859674343
94.4 0.003571061711
94.6 0.003688663448
94.8 0.005489725329
95 0.004511249106
95.2 0.005184710035
95.4 0.005642283915
95.6 0.005707006973
95.8 0.005698620694
96 0.004607208184
96.2 0.003149448344
96.4 0.0009280676414
96.6 0.001110438429
96.8 0.0005894373057
97 0.0007633949558
97.2 0.001124076422
97.4 0.001624377607
97.6 0.002420195024
97.8 0.003257406597
98 0.003969636311
98.2 0.005223578581
98.4 0.005953209607
98.6 0.004732350943
98.8 0.004407841737
99 0.006102284711
99.2 0.006946980693
99.4 0.007976188955
99.6 0.007176968985
99.8 0.006047641884
100 0.00406446753
100.2 0.003403008151
100.4 0.002951167883
100.6 0.002116621377
100.8 0.001630081581
101 0.001611410451
101.2 0.001532889559
101.4 0.001995008647
101.6 0.003843434986
101.8 0.003210418415
102 0.00377296958
102.2 0.004693301686
102.4 0.005220116577
102.6 0.005955892642
102.8 0.005683018076
103 0.006108384584
103.2 0.006179145049
103.4 0.006229285726
103.6 0.00905590511
103.8 0.01003785571
104 0.01034112709
104.2 0.009916307138
104.4 0.008440077917
104.6 0.007675056674
104.8 0.007402322256
105 0.008054222189
105.2 0.007724869251
105.4 0.007961757642
105.6 0.008749509834
105.8 0.008781699417
106 0.006119420628
106.2 0.005202966928
106.4 0.005322063516
106.6 0.004241058908
106.8 0.004337447962
107 0.005033676893
107.2 0.003787861228
107.4 0.003079818355
107.6 0.002785617422
107.8 0.003194864277
108 0.004951857205
108.2 0.005298797529
108.4 0.004852661645
108.6 0.004586013698
108.8 0.004570583589
109 0.003751907957
109.2 0.00244029927
109.4 0.002178340455
109.6 0.001947415336
109.8 0.001842018925
110 0.001571329427
110.2 0.0003600747326
110.4 -0.000115861489
110.6 0.0005040625056
110.8 0.001298013374
111 0.001323540734
111.2 0.0005100661994
111.4 0.001277640424
111.6 0.001357694094
111.8 0.0002668382618
112 0.00093083755
112.2 0.001412632791
112.4 0.001955352537
112.6 9.371193278E-05
112.8 0.002161988475
113 0.003071723699
113.2 0.004040134203
113.4 0.002769429916
113.6 0.002762340348
113.8 0.004785906031
114 0.007116465123
114.2 0.006205926852
114.4 0.005156108787
114.6 0.004132209179
114.8 0.005511170395
115 0.002396145456
115.2 0.001531860886
115.4 0.002781380986
115.6 0.001957670976
115.8 0.001860537504
116 0.0002451299988
116.2 0.001359091562
116.4 0.0007548070379
116.6 0.00103787849
116.8 0.002230026594
117 0.003451240639
117.2 0.003382320841
117.4 0.002946545274
117.6 0.002705077718
117.8 0.004006030035
118 0.004507892345
118.2 0.003522600741
118.4 0.003809497024
118.6 0.004896044238
118.8 0.004612294117
119 0.004140627056
119.2 0.002853287435
119.4 0.002831266111
119.6 0.003003026396
119.8 0.003142925537
120 0.003278817862
120.2 0.002778101196
120.4 0.001490484653
120.6 0.0002968620958
120.8 -2.053163704E-05
121 0.0005483490251
121.2 0.0008934167492
121.4 0.0006999685453
121.6 -0.0007352505183
121.8 -0.0003800278839
122 -0.0008318082912
122.2 -0.002549071682
122.4 -0.004509065498
122.6 -0.004703292626
122.8 -0.003322429427
123 -0.003748571859
123.2 -0.00373661151
123.4 -0.003511292238
123.6 -0.002116021437
123.8 -0.0007883684285
124 -0.0008751291329
124.2 -0.00221043892
124.4 -0.001092068569
124.6 -0.001093553891
124.8 -0.002241613823
125 -0.00114519708
125.2 0.0001675196308
125.4 -0.0006427705841
125.6 0.001094725221
125.8 0.0004613778065
126 0.003266668731
126.2 0.003004582371
126.4 0.003675438431
126.6 0.003430739682
126.8 0.003819214304
127 0.004928750172
127.2 0.006442326484
127.4 0.006628046543
127.6 0.005710131527
127.8 0.003678288534
128 0.002191308871
128.2 0.000639488519
128.4 0.002278353014
128.6 0.002884879157
128.8 0.005508753713
129 0.008832674163
129.2 0.009658544994
129.4 0.008773677784
129.6 0.008109402429
129.8 0.00724551609
130 0.00919470649
130.2 0.008308592563
130.4 0.009455087143
130.6 0.006594573605
130.8 0.005907077076
131 0.00715255321
131.2 0.008026331464
131.4 0.006923967793
131.6 0.004834594856
131.8 0.003873782005
132 0.003247569494
132.2 0.002116782385
132.4 0.002063908917
132.6 -0.0005859982086
132.8 -0.0008482946075
133 -0.002012090755
133.2 -0.002435068888
133.4 -0.003007386134
133.6 -0.005183373874
133.8 -0.00573967793
134 -0.006731019716
134.2 -0.00657187419
134.4 -0.00752779334
134.6 -0.008960163701
134.8 -0.007178355388
135 -0.006469092672
135.2 -0.006522296178
135.4 -0.005946645562
135.6 -0.005661093814
135.8 -0.004288105833
136 -0.003045515861
136.2 -0.001334991689
136.4 -0.002679147011
136.6 -0.002160316022
136.8 -0.001412203798
137 -0.000610998084
137.2 0.001699185908
137.4 0.0003112276968
137.6 0.0001084495601
137.8 9.645444953E-05
138 0.0009425050757
138.2 -0.002545318796
138.4 -0.003259648315
138.6 -0.001347233762
138.8 0.000218725423
139 -0.003582823427
139.2 -0.002584003978
139.4 -0.003402301061
139.6 -0.005817177159
139.8 -0.006786784484
140 -0.007291723874
140.2 -0.00661075734
140.4 -0.006473676941
140.6 -0.00684733692
140.8 -0.007443598316
141 -0.007806938245
141.2 -0.006737266531
141.4 -0.006039221242
141.6 -0.007554562649
141.8 -0.008114114225
142 -0.007500233799
142.2 -0.007817010896
142.4 -0.006623967331
142.6 -0.005929115286
142.8 -0.008925540617
143 -0.008273516114
143.2 -0.009148057054
143.4 -0.007311085533
143.6 -0.006161869429
143.8 -0.006298311265
144 -0.007152622862
144.2 -0.006946022394
144.4 -0.006550206331
144.6 -0.008081006137
144.8 -0.007982116677
145 -0.003769530457
145.2 -0.003878279508
145.4 -0.003422065105
145.6 -0.0009039414871
145.8 0.001562773619
146 0.001699457295
146.2 0.0007243463943
146.4 -0.0006576012942
146.6 -0.001310316024
146.8 -0.002350463765
147 -0.001975725506
147.2 -0.002307853906
147.4 -0.003621519008
147.6 -0.004140144865
147.8 -0.003369995575
148 -0.004131019719
148.2 -0.003212100657
148.4 -0.004911006792
148.6 -0.002038908632
148.8 -0.001592857749
149 -0.001879048209
149.2 0.0006033713449
149.4 -0.000428030279
149.6 0.002743938584
149.8 0.001465819943
150 0.001131929914
150.2 7.698161006E-05
150.4 0.002428553292
150.6 0.001446282155
150.8 0.002867161915
151 0.005733585191
151.2 0.005587678307
151.4 0.006488332244
151.6 0.005074130351
151.8 0.003662028199
152 0.003379376894
152.2 0.001482193831
152.4 0.002997226402
152.6 0.003612529088
152.8 0.002680979493
153 0.002970077806
153.2 0.004009275949
153.4 0.00253000009
153.6 0.004165806478
153.8 0.005380312666
154 0.006240763551
154.2 0.005109671589
154.4 0.005455621844
154.6 0.006327802255
154.8 0.005787868093
155 0.006876246124
155.2 0.00453953161
155.4 0.003696111488
155.6 0.001203055091
155.8 0.004616042396
156 0.004708753951
156.2 0.006226673113
156.4 0.005834223965
156.6 0.004315819805
156.8 0.005146544717
157 0.001554470069
157.2 -0.000128956876
157.4 0.001930710746
157.6 0.002567332599
157.8 0.002334478909
158 0.002795537523
158.2 0.001325349783
158.4 0.0002763111613
158.6 0.001531113364
158.8 0.001418265824
159 0.002412679089
159.2 0.002405885233
159.4 0.002028020569
159.6 0.0005655517392
159.8 -0.0003590620983
160 0.0002079814559
160.2 -0.001112162215
160.4 0.0005096840817
160.6 0.0001172648368
160.8 -0.0007943109173
161 5.439925384E-05
161.2 -0.001324832904
161.4 -0.001696002011
161.6 0.0008864688029
161.8 0.002851249347
162 -0.000379565848
162.2 -0.001662688477
162.4 -0.003119982588
162.6 -0.006178663266
162.8 -0.003974219281
163 -0.003548700707
163.2 -0.006964859722
163.4 -0.008089089043
163.6 -0.008420385822
163.8 -0.008677411868
164 -0.00661074574
164.2 -0.006864649472
164.4 -0.007409571853
164.6 -0.006637057842
164.8 -0.008116197812
165 -0.009585260601
165.2 -0.01224059816
165.4 -0.01322966021
165.6 -0.01397363244
165.8 -0.01536144076
166 -0.01654700037
166.2 -0.0160157071
166.4 -0.01586225966
166.6 -0.01646407623
166.8 -0.01480260309
167 -0.01413534223
167.2 -0.01274925069
167.4 -0.01381831903
167.6 -0.01676424444
167.8 -0.01822902973
168 -0.01635828822
168.2 -0.01462298818
168.4 -0.01331823489
168.6 -0.01321106949
168.8 -0.01227772884
169 -0.00913274875
169.2 -0.01051145589
169.4 -0.009511400562
169.6 -0.009001696958
169.8 -0.008229549588
170 -0.007367111017
170.2 -0.006609949908
170.4 -0.001472681198
170.6 -0.00464976828
170.8 -0.003675396095
171 -0.006714905308
171.2 -0.004427010959
171.4 -0.001099708589
171.6 -0.003018848479
171.8 -0.001107395697
172 0.001161803214
172.2 0.002306413131
172.4 -0.001081856349
172.6 -0.002743054026
172.8 -0.00488798709
173 -0.004409666751
173.2 -0.002901099754
173.4 0.0005500528093
173.6 -0.002233385221
173.8 -0.003822200044
174 -0.006360403302
174.2 -0.009802241332
174.4 -0.01053665795
174.6 -0.009973136918
174.8 -0.009012822677
175 -0.00813226085
175.2 -0.007261968934
175.4 -0.006035912512
175.6 -0.004761887901
175.8 -0.004623143502
176 -0.004992948276
176.2 -0.007105264278
176.4 -0.006977265146
176.6 -0.009061355058
176.8 -0.007908114065
177 -0.006751495686
177.2 -0.004076134732
177.4 -0.00331006602
177.6 -0.006751356837
177.8 -0.01000051555
178 -0.008479141419
178.2 -0.00933895011
178.4 -0.008268379091
178.6 -0.008767699368
178.8 -0.009973259634
179 -0.006117496666
179.2 -0.001516515806
179.4 -0.0005235358202
179.6 -0.00105910117
179.8 0.0002781408011
180 -0.001496369438
180.2 0.0002233203465
180.4 -0.0007384883783
180.6 -0.001746759523
180.8 -0.004286684541
181 -0.001928926521
181.2 0.0001982356452
181.4 -0.0003692147311
181.6 0.0009216189157
181.8 0.003040420877
182 8.846765377E-05
182.2 0.0004533002488
182.4 -0.001282635439
182.6 0.001065005231
182.8 0.0005616042407
183 0.003431973273
183.2 0.00293633042
183.4 -0.0002904980897
183.6 -0.004776788768
183.8 -0.01221663564
184 -0.009265655873
184.2 -0.01120113829
184.4 -0.009823283509
184.6 -0.009572201392
184.8 -0.008951948324
185 -0.0103512125
185.2 -0.007747325453
185.4 -0.009059444386
185.6 -0.00696007791
185.8 -0.008035018125
186 -0.004883264113
186.2 -0.001824693672
186.4 -0.003782022396
186.6 -0.003845205378
186.8 -0.00173754643
187 0.001714336383
187.2 0.002046387636
187.4 0.006477773389
187.6 0.007181025363
187.8 0.009464383945
188 0.01268705926
188.2 0.01418822561
188.4 0.01628313305
188.6 0.01949541126
188.8 0.0145684481
189 0.01375485382
189.2 0.01271277746
189.4 0.01044972086
189.6 0.006907465552
189.8 0.00270780468
190 0.007423458533
190.2 0.01057943045
190.4 0.009851084585
190.6 0.004339613458
190.8 6.295277352E-05
191 -0.004411215599
191.2 -0.005841830305
191.4 -0.007657856548
191.6 -0.009963475466
191.8 -0.01111057184
192 -0.01732700467
192.2 -0.01481502379
192.4 -0.01231199353
192.6 -0.008733351311
192.8 -0.009083495799
193 -0.007283302784
193.2 -0.0087118694
193.4 -0.003655000401
193.6 0.001035190616
193.8 0.003740205978
194 0.006844172958
194.2 0.005103321917
194.4 0.003034410374
194.6 0.003109321727
194.8 0.004845824385
195 0.003764398737
195.2 0.002862991591
195.4 0.003178831658
195.6 0.007129208521
195.8 0.005850737502
196 0.01042002922
196.2 0.01759348318
196.4 0.01173907548
196.6 0.01546169486
196.8 0.0178165768
197 0.01395888342
197.2 0.01348918335
197.4 0.01655478555
197.6 0.02986038294
197.8 0.0389616319
198 0.04649840297
198.2 0.05614209556
198.4 0.05446509798
198.6 0.06166957154
198.8 0.08651570791
199 0.07469789116
199.2 0.07162956137
199.4 0.05286321809
199.6 0.02973608317
199.8 0.03155501325
200 0.00267380924
